17.739800, -98.000000, -179.400000, 0.000000, 0.005593,0.002208,-0.003867, 0.002522,1000
18.739800, -98.000000, -179.400000, 0.000000, 0.005892,0.002211,-0.003525, 0.002525,1000
19.739800, -98.000000, -179.400000, 0.000000, 0.006255,0.002215,-0.003111, 0.002529,1000
20.739800, -98.000000, -179.400000, 0.000000, 0.007175,0.002281,-0.002061, 0.002605,1000
21.739800, -98.000000, -179.400000, 0.000000, 0.008765,0.002259,-0.000246, 0.002579,1000
22.739800, -98.000000, -179.400000, 0.000000, 0.011750,0.002533,0.003164, 0.002893,1000
23.739800, -98.000000, -179.400000, 0.000000, 0.016603,0.002436,0.008705, 0.002782,1000
24.739800, -98.000000, -179.400000, 0.000000, 0.024948,0.002447,0.018233, 0.002795,1000
25.739800, -98.000000, -179.400000, 0.000000, 0.038941,0.002541,0.034212, 0.002902,1000
26.739800, -98.000000, -179.400000, 0.000000, 0.062665,0.002526,0.061303, 0.002884,1000
27.739800, -98.000000, -179.400000, 0.000000, 0.100061,0.002543,0.104005, 0.002904,1000
28.739800, -98.000000, -179.400000, 0.000000, 0.148592,0.002511,0.159421, 0.002867,1000
29.739800, -98.000000, -179.400000, 0.000000, 0.195797,0.002625,0.213325, 0.002997,1000
30.739800, -98.000000, -179.400000, 0.000000, 0.231082,0.002533,0.253617, 0.002892,1000
31.739800, -98.000000, -179.400000, 0.000000, 0.253945,0.002587,0.279723, 0.002954,1000
32.739800, -98.000000, -179.400000, 0.000000, 0.265222,0.002756,0.292601, 0.003147,1000
33.739800, -98.000000, -179.400000, 0.000000, 0.266032,0.002682,0.293526, 0.003062,1000
34.739800, -98.000000, -179.400000, 0.000000, 0.254968,0.002587,0.280891, 0.002954,1000
35.739800, -98.000000, -179.400000, 0.000000, 0.230432,0.002571,0.252874, 0.002935,1000
36.739800, -98.000000, -179.400000, 0.000000, 0.190826,0.002432,0.207648, 0.002777,1000
37.739800, -98.000000, -179.400000, 0.000000, 0.139040,0.002558,0.148514, 0.002921,1000
38.739800, -98.000000, -179.400000, 0.000000, 0.090829,0.002543,0.093463, 0.002904,1000
39.739800, -98.000000, -179.400000, 0.000000, 0.056517,0.002505,0.054282, 0.002861,1000
40.739800, -98.000000, -179.400000, 0.000000, 0.035252,0.002485,0.030000, 0.002838,1000
41.739800, -98.000000, -179.400000, 0.000000, 0.022601,0.002462,0.015554, 0.002811,1000
42.739800, -98.000000, -179.400000, 0.000000, 0.015052,0.002556,0.006934, 0.002919,1000
43.739800, -98.000000, -179.400000, 0.000000, 0.010454,0.002511,0.001683, 0.002867,1000
44.739800, -98.000000, -179.400000, 0.000000, 0.008150,0.002282,-0.000948, 0.002606,1000
45.739800, -98.000000, -179.400000, 0.000000, 0.006611,0.002206,-0.002705, 0.002519,1000
46.739800, -98.000000, -179.400000, 0.000000, 0.006011,0.002229,-0.003390, 0.002546,1000
47.739800, -98.000000, -179.400000, 0.000000, 0.005815,0.002194,-0.003614, 0.002505,1000
48.739800, -98.000000, -179.400000, 0.000000, 0.005684,0.002192,-0.003764, 0.002503,1000
49.260200, -98.000000, -179.400000, 0.000000, 0.005761,0.002195,-0.003675, 0.002506,1000
