33.500000, -82.239800, -179.400000, 0.000000, 0.006568,0.002155,-0.002755, 0.002461,1000
33.500000, -83.239800, -179.400000, 0.000000, 0.006932,0.002282,-0.002339, 0.002606,1000
33.500000, -84.239800, -179.400000, 0.000000, 0.007597,0.002265,-0.001579, 0.002586,1000
33.500000, -85.239800, -179.400000, 0.000000, 0.008505,0.002340,-0.000542, 0.002672,1000
33.500000, -86.239800, -179.400000, 0.000000, 0.010354,0.002368,0.001570, 0.002704,1000
33.500000, -87.239800, -179.400000, 0.000000, 0.013222,0.002560,0.004844, 0.002924,1000
33.500000, -88.239800, -179.400000, 0.000000, 0.017974,0.002489,0.010270, 0.002842,1000
33.500000, -89.239800, -179.400000, 0.000000, 0.025926,0.002427,0.019350, 0.002771,1000
33.500000, -90.239800, -179.400000, 0.000000, 0.038962,0.002513,0.034237, 0.002869,1000
33.500000, -91.239800, -179.400000, 0.000000, 0.060714,0.002441,0.059075, 0.002787,1000
33.500000, -92.239800, -179.400000, 0.000000, 0.094873,0.002569,0.098081, 0.002934,1000
33.500000, -93.239800, -179.400000, 0.000000, 0.142903,0.002578,0.152926, 0.002944,1000
33.500000, -94.239800, -179.400000, 0.000000, 0.195084,0.002631,0.212511, 0.003004,1000
33.500000, -95.239800, -179.400000, 0.000000, 0.234849,0.002664,0.257918, 0.003042,1000
33.500000, -96.239800, -179.400000, 0.000000, 0.257974,0.002684,0.284323, 0.003065,1000
33.500000, -97.239800, -179.400000, 0.000000, 0.267156,0.002614,0.294809, 0.002985,1000
33.500000, -98.239800, -179.400000, 0.000000, 0.265802,0.002635,0.293263, 0.003009,1000
33.500000, -99.239800, -179.400000, 0.000000, 0.254608,0.002591,0.280481, 0.002958,1000
33.500000, -100.239800, -179.400000, 0.000000, 0.231476,0.002569,0.254066, 0.002934,1000
33.500000, -101.239800, -179.400000, 0.000000, 0.194952,0.002711,0.212359, 0.003096,1000
33.500000, -102.239800, -179.400000, 0.000000, 0.146560,0.002474,0.157101, 0.002825,1000
33.500000, -103.239800, -179.400000, 0.000000, 0.096936,0.002470,0.100437, 0.002821,1000
33.500000, -104.239800, -179.400000, 0.000000, 0.058295,0.002438,0.056313, 0.002784,1000
33.500000, -105.239800, -179.400000, 0.000000, 0.034662,0.002472,0.029327, 0.002822,1000
33.500000, -106.239800, -179.400000, 0.000000, 0.020691,0.002487,0.013373, 0.002840,1000
33.500000, -107.239800, -179.400000, 0.000000, 0.012920,0.002485,0.004499, 0.002838,1000
33.500000, -108.239800, -179.400000, 0.000000, 0.008572,0.002274,-0.000465, 0.002597,1000
33.500000, -109.239800, -179.400000, 0.000000, 0.006464,0.002154,-0.002872, 0.002460,1000
33.500000, -110.239800, -179.400000, 0.000000, 0.005230,0.002156,-0.004282, 0.002462,1000
33.500000, -111.239800, -179.400000, 0.000000, 0.004643,0.002278,-0.004952, 0.002601,1000
33.500000, -112.239800, -179.400000, 0.000000, 0.004392,0.002350,-0.005239, 0.002684,1000
33.500000, -113.239800, -179.400000, 0.000000, 0.004419,0.002270,-0.005208, 0.002592,1000
33.500000, -113.760200, -179.400000, 0.000000, 0.004489,0.002282,-0.005128, 0.002606,1000
