33.500000, -82.239800, -179.400000, 0.000000, 0.007012,0.002208,-0.002247, 0.002521,1000
33.500000, -83.239800, -179.400000, 0.000000, 0.007401,0.002225,-0.001803, 0.002541,1000
33.500000, -84.239800, -179.400000, 0.000000, 0.008091,0.002345,-0.001015, 0.002678,1000
33.500000, -85.239800, -179.400000, 0.000000, 0.009315,0.002384,0.000383, 0.002722,1000
33.500000, -86.239800, -179.400000, 0.000000, 0.011117,0.002515,0.002441, 0.002872,1000
33.500000, -87.239800, -179.400000, 0.000000, 0.014326,0.002445,0.006105, 0.002792,1000
33.500000, -88.239800, -179.400000, 0.000000, 0.019232,0.002507,0.011707, 0.002863,1000
33.500000, -89.239800, -179.400000, 0.000000, 0.027326,0.002398,0.020949, 0.002738,1000
33.500000, -90.239800, -179.400000, 0.000000, 0.039806,0.002508,0.035200, 0.002863,1000
33.500000, -91.239800, -179.400000, 0.000000, 0.060555,0.002540,0.058893, 0.002901,1000
33.500000, -92.239800, -179.400000, 0.000000, 0.092738,0.002499,0.095643, 0.002854,1000
33.500000, -93.239800, -179.400000, 0.000000, 0.137778,0.002436,0.147073, 0.002781,1000
33.500000, -94.239800, -179.400000, 0.000000, 0.188435,0.002481,0.204918, 0.002833,1000
33.500000, -95.239800, -179.400000, 0.000000, 0.227738,0.002680,0.249797, 0.003060,1000
33.500000, -96.239800, -179.400000, 0.000000, 0.253262,0.002623,0.278943, 0.002995,1000
33.500000, -97.239800, -179.400000, 0.000000, 0.265198,0.002579,0.292573, 0.002945,1000
33.500000, -98.239800, -179.400000, 0.000000, 0.265647,0.002628,0.293085, 0.003001,1000
33.500000, -99.239800, -179.400000, 0.000000, 0.255222,0.002560,0.281182, 0.002924,1000
33.500000, -100.239800, -179.400000, 0.000000, 0.232351,0.002646,0.255065, 0.003021,1000
33.500000, -101.239800, -179.400000, 0.000000, 0.195308,0.002606,0.212767, 0.002975,1000
33.500000, -102.239800, -179.400000, 0.000000, 0.146594,0.002539,0.157141, 0.002899,1000
33.500000, -103.239800, -179.400000, 0.000000, 0.095951,0.002519,0.099311, 0.002877,1000
33.500000, -104.239800, -179.400000, 0.000000, 0.056716,0.002481,0.054509, 0.002834,1000
33.500000, -105.239800, -179.400000, 0.000000, 0.032725,0.002501,0.027114, 0.002856,1000
33.500000, -106.239800, -179.400000, 0.000000, 0.019072,0.002516,0.011524, 0.002873,1000
33.500000, -107.239800, -179.400000, 0.000000, 0.011697,0.002472,0.003103, 0.002823,1000
33.500000, -108.239800, -179.400000, 0.000000, 0.007559,0.002246,-0.001623, 0.002565,1000
33.500000, -109.239800, -179.400000, 0.000000, 0.005453,0.002202,-0.004027, 0.002515,1000
33.500000, -110.239800, -179.400000, 0.000000, 0.004420,0.002299,-0.005207, 0.002625,1000
33.500000, -111.239800, -179.400000, 0.000000, 0.004009,0.002359,-0.005677, 0.002694,1000
33.500000, -112.239800, -179.400000, 0.000000, 0.003889,0.002291,-0.005813, 0.002616,1000
33.500000, -113.239800, -179.400000, 0.000000, 0.004057,0.002350,-0.005621, 0.002684,1000
33.500000, -113.760200, -179.400000, 0.000000, 0.004206,0.002323,-0.005451, 0.002652,1000
