20.000000, -86.000000, -177.500000, 0.004080, 0.002286, 1000
20.500000, -86.000000, -177.500000, 0.004226, 0.002309, 1000
21.000000, -86.000000, -177.500000, 0.004331, 0.002341, 1000
21.500000, -86.000000, -177.500000, 0.004649, 0.002306, 1000
22.000000, -86.000000, -177.500000, 0.004856, 0.002294, 1000
22.500000, -86.000000, -177.500000, 0.005191, 0.002306, 1000
23.000000, -86.000000, -177.500000, 0.005476, 0.002182, 1000
23.500000, -86.000000, -177.500000, 0.005757, 0.002329, 1000
24.000000, -86.000000, -177.500000, 0.006249, 0.002120, 1000
24.500000, -86.000000, -177.500000, 0.006725, 0.002253, 1000
25.000000, -86.000000, -177.500000, 0.007254, 0.002266, 1000
25.500000, -86.000000, -177.500000, 0.007767, 0.002307, 1000
26.000000, -86.000000, -177.500000, 0.008507, 0.002297, 1000
26.500000, -86.000000, -177.500000, 0.009279, 0.002350, 1000
27.000000, -86.000000, -177.500000, 0.010038, 0.002488, 1000
27.500000, -86.000000, -177.500000, 0.010762, 0.002481, 1000
28.000000, -86.000000, -177.500000, 0.011592, 0.002497, 1000
28.500000, -86.000000, -177.500000, 0.012479, 0.002561, 1000
29.000000, -86.000000, -177.500000, 0.013130, 0.002505, 1000
29.500000, -86.000000, -177.500000, 0.013676, 0.002487, 1000
30.000000, -86.000000, -177.500000, 0.014342, 0.002456, 1000
30.500000, -86.000000, -177.500000, 0.014848, 0.002417, 1000
31.000000, -86.000000, -177.500000, 0.015089, 0.002482, 1000
31.500000, -86.000000, -177.500000, 0.015373, 0.002448, 1000
32.000000, -86.000000, -177.500000, 0.015556, 0.002339, 1000
32.500000, -86.000000, -177.500000, 0.015765, 0.002440, 1000
33.000000, -86.000000, -177.500000, 0.015550, 0.002403, 1000
33.500000, -86.000000, -177.500000, 0.015249, 0.002433, 1000
34.000000, -86.000000, -177.500000, 0.015003, 0.002454, 1000
34.500000, -86.000000, -177.500000, 0.014549, 0.002499, 1000
35.000000, -86.000000, -177.500000, 0.013970, 0.002431, 1000
35.500000, -86.000000, -177.500000, 0.013464, 0.002579, 1000
36.000000, -86.000000, -177.500000, 0.012791, 0.002498, 1000
36.500000, -86.000000, -177.500000, 0.012028, 0.002511, 1000
37.000000, -86.000000, -177.500000, 0.011334, 0.002439, 1000
20.000000, -86.500000, -177.500000, 0.004280, 0.002300, 1000
20.500000, -86.500000, -177.500000, 0.004456, 0.002291, 1000
21.000000, -86.500000, -177.500000, 0.004726, 0.002224, 1000
21.500000, -86.500000, -177.500000, 0.004987, 0.002232, 1000
22.000000, -86.500000, -177.500000, 0.005245, 0.002197, 1000
22.500000, -86.500000, -177.500000, 0.005466, 0.002236, 1000
23.000000, -86.500000, -177.500000, 0.005872, 0.002154, 1000
23.500000, -86.500000, -177.500000, 0.006304, 0.002255, 1000
24.000000, -86.500000, -177.500000, 0.006790, 0.002231, 1000
24.500000, -86.500000, -177.500000, 0.007322, 0.002196, 1000
25.000000, -86.500000, -177.500000, 0.008104, 0.002233, 1000
25.500000, -86.500000, -177.500000, 0.008807, 0.002311, 1000
26.000000, -86.500000, -177.500000, 0.009612, 0.002447, 1000
26.500000, -86.500000, -177.500000, 0.010451, 0.002464, 1000
27.000000, -86.500000, -177.500000, 0.011590, 0.002490, 1000
27.500000, -86.500000, -177.500000, 0.012613, 0.002497, 1000
28.000000, -86.500000, -177.500000, 0.013500, 0.002462, 1000
28.500000, -86.500000, -177.500000, 0.014465, 0.002494, 1000
29.000000, -86.500000, -177.500000, 0.015396, 0.002505, 1000
29.500000, -86.500000, -177.500000, 0.016169, 0.002459, 1000
30.000000, -86.500000, -177.500000, 0.017010, 0.002430, 1000
30.500000, -86.500000, -177.500000, 0.017739, 0.002495, 1000
31.000000, -86.500000, -177.500000, 0.018105, 0.002490, 1000
31.500000, -86.500000, -177.500000, 0.018398, 0.002496, 1000
32.000000, -86.500000, -177.500000, 0.018612, 0.002487, 1000
32.500000, -86.500000, -177.500000, 0.018746, 0.002477, 1000
33.000000, -86.500000, -177.500000, 0.018640, 0.002418, 1000
33.500000, -86.500000, -177.500000, 0.018325, 0.002522, 1000
34.000000, -86.500000, -177.500000, 0.017794, 0.002505, 1000
34.500000, -86.500000, -177.500000, 0.017326, 0.002510, 1000
35.000000, -86.500000, -177.500000, 0.016559, 0.002404, 1000
35.500000, -86.500000, -177.500000, 0.015857, 0.002471, 1000
36.000000, -86.500000, -177.500000, 0.014997, 0.002416, 1000
36.500000, -86.500000, -177.500000, 0.014132, 0.002463, 1000
37.000000, -86.500000, -177.500000, 0.013178, 0.002503, 1000
20.000000, -87.000000, -177.500000, 0.004584, 0.002331, 1000
20.500000, -87.000000, -177.500000, 0.004606, 0.002285, 1000
21.000000, -87.000000, -177.500000, 0.005051, 0.002244, 1000
21.500000, -87.000000, -177.500000, 0.005396, 0.002260, 1000
22.000000, -87.000000, -177.500000, 0.005663, 0.002176, 1000
22.500000, -87.000000, -177.500000, 0.006016, 0.002261, 1000
23.000000, -87.000000, -177.500000, 0.006341, 0.002227, 1000
23.500000, -87.000000, -177.500000, 0.006925, 0.002233, 1000
24.000000, -87.000000, -177.500000, 0.007722, 0.002224, 1000
24.500000, -87.000000, -177.500000, 0.008319, 0.002229, 1000
25.000000, -87.000000, -177.500000, 0.009023, 0.002319, 1000
25.500000, -87.000000, -177.500000, 0.009999, 0.002462, 1000
26.000000, -87.000000, -177.500000, 0.011069, 0.002516, 1000
26.500000, -87.000000, -177.500000, 0.012214, 0.002407, 1000
27.000000, -87.000000, -177.500000, 0.013369, 0.002506, 1000
27.500000, -87.000000, -177.500000, 0.014604, 0.002477, 1000
28.000000, -87.000000, -177.500000, 0.015719, 0.002402, 1000
28.500000, -87.000000, -177.500000, 0.017083, 0.002503, 1000
29.000000, -87.000000, -177.500000, 0.018264, 0.002530, 1000
29.500000, -87.000000, -177.500000, 0.019328, 0.002520, 1000
30.000000, -87.000000, -177.500000, 0.020349, 0.002525, 1000
30.500000, -87.000000, -177.500000, 0.021172, 0.002513, 1000
31.000000, -87.000000, -177.500000, 0.021715, 0.002496, 1000
31.500000, -87.000000, -177.500000, 0.022251, 0.002570, 1000
32.000000, -87.000000, -177.500000, 0.022465, 0.002602, 1000
32.500000, -87.000000, -177.500000, 0.022422, 0.002498, 1000
33.000000, -87.000000, -177.500000, 0.022353, 0.002511, 1000
33.500000, -87.000000, -177.500000, 0.021864, 0.002497, 1000
34.000000, -87.000000, -177.500000, 0.021236, 0.002575, 1000
34.500000, -87.000000, -177.500000, 0.020503, 0.002493, 1000
35.000000, -87.000000, -177.500000, 0.019637, 0.002448, 1000
35.500000, -87.000000, -177.500000, 0.018595, 0.002403, 1000
36.000000, -87.000000, -177.500000, 0.017621, 0.002460, 1000
36.500000, -87.000000, -177.500000, 0.016508, 0.002433, 1000
37.000000, -87.000000, -177.500000, 0.015272, 0.002425, 1000
20.000000, -87.500000, -177.500000, 0.004806, 0.002260, 1000
20.500000, -87.500000, -177.500000, 0.005017, 0.002233, 1000
21.000000, -87.500000, -177.500000, 0.005327, 0.002278, 1000
21.500000, -87.500000, -177.500000, 0.005616, 0.002150, 1000
22.000000, -87.500000, -177.500000, 0.005985, 0.002200, 1000
22.500000, -87.500000, -177.500000, 0.006431, 0.002240, 1000
23.000000, -87.500000, -177.500000, 0.006924, 0.002228, 1000
23.500000, -87.500000, -177.500000, 0.007491, 0.002227, 1000
24.000000, -87.500000, -177.500000, 0.008314, 0.002272, 1000
24.500000, -87.500000, -177.500000, 0.009176, 0.002392, 1000
25.000000, -87.500000, -177.500000, 0.010193, 0.002505, 1000
25.500000, -87.500000, -177.500000, 0.011373, 0.002521, 1000
26.000000, -87.500000, -177.500000, 0.012638, 0.002536, 1000
26.500000, -87.500000, -177.500000, 0.014251, 0.002445, 1000
27.000000, -87.500000, -177.500000, 0.015550, 0.002522, 1000
27.500000, -87.500000, -177.500000, 0.017035, 0.002458, 1000
28.000000, -87.500000, -177.500000, 0.018522, 0.002484, 1000
28.500000, -87.500000, -177.500000, 0.020174, 0.002517, 1000
29.000000, -87.500000, -177.500000, 0.021566, 0.002481, 1000
29.500000, -87.500000, -177.500000, 0.022903, 0.002491, 1000
30.000000, -87.500000, -177.500000, 0.024207, 0.002455, 1000
30.500000, -87.500000, -177.500000, 0.025339, 0.002443, 1000
31.000000, -87.500000, -177.500000, 0.026146, 0.002479, 1000
31.500000, -87.500000, -177.500000, 0.026651, 0.002439, 1000
32.000000, -87.500000, -177.500000, 0.026975, 0.002496, 1000
32.500000, -87.500000, -177.500000, 0.027047, 0.002451, 1000
33.000000, -87.500000, -177.500000, 0.026789, 0.002410, 1000
33.500000, -87.500000, -177.500000, 0.026273, 0.002420, 1000
34.000000, -87.500000, -177.500000, 0.025454, 0.002517, 1000
34.500000, -87.500000, -177.500000, 0.024313, 0.002459, 1000
35.000000, -87.500000, -177.500000, 0.023345, 0.002450, 1000
35.500000, -87.500000, -177.500000, 0.021901, 0.002537, 1000
36.000000, -87.500000, -177.500000, 0.020633, 0.002499, 1000
36.500000, -87.500000, -177.500000, 0.019164, 0.002461, 1000
37.000000, -87.500000, -177.500000, 0.017690, 0.002470, 1000
20.000000, -88.000000, -177.500000, 0.004973, 0.002266, 1000
20.500000, -88.000000, -177.500000, 0.005207, 0.002256, 1000
21.000000, -88.000000, -177.500000, 0.005656, 0.002193, 1000
21.500000, -88.000000, -177.500000, 0.005957, 0.002113, 1000
22.000000, -88.000000, -177.500000, 0.006417, 0.002174, 1000
22.500000, -88.000000, -177.500000, 0.006882, 0.002160, 1000
23.000000, -88.000000, -177.500000, 0.007543, 0.002323, 1000
23.500000, -88.000000, -177.500000, 0.008349, 0.002254, 1000
24.000000, -88.000000, -177.500000, 0.009154, 0.002377, 1000
24.500000, -88.000000, -177.500000, 0.010266, 0.002451, 1000
25.000000, -88.000000, -177.500000, 0.011604, 0.002563, 1000
25.500000, -88.000000, -177.500000, 0.012968, 0.002530, 1000
26.000000, -88.000000, -177.500000, 0.014578, 0.002478, 1000
26.500000, -88.000000, -177.500000, 0.016264, 0.002420, 1000
27.000000, -88.000000, -177.500000, 0.017929, 0.002414, 1000
27.500000, -88.000000, -177.500000, 0.019980, 0.002525, 1000
28.000000, -88.000000, -177.500000, 0.021852, 0.002537, 1000
28.500000, -88.000000, -177.500000, 0.023819, 0.002364, 1000
29.000000, -88.000000, -177.500000, 0.025728, 0.002512, 1000
29.500000, -88.000000, -177.500000, 0.027341, 0.002526, 1000
30.000000, -88.000000, -177.500000, 0.028978, 0.002468, 1000
30.500000, -88.000000, -177.500000, 0.030389, 0.002497, 1000
31.000000, -88.000000, -177.500000, 0.031379, 0.002470, 1000
31.500000, -88.000000, -177.500000, 0.032238, 0.002653, 1000
32.000000, -88.000000, -177.500000, 0.032665, 0.002539, 1000
32.500000, -88.000000, -177.500000, 0.032577, 0.002546, 1000
33.000000, -88.000000, -177.500000, 0.032207, 0.002540, 1000
33.500000, -88.000000, -177.500000, 0.031519, 0.002500, 1000
34.000000, -88.000000, -177.500000, 0.030599, 0.002576, 1000
34.500000, -88.000000, -177.500000, 0.029308, 0.002435, 1000
35.000000, -88.000000, -177.500000, 0.027756, 0.002431, 1000
35.500000, -88.000000, -177.500000, 0.026191, 0.002375, 1000
36.000000, -88.000000, -177.500000, 0.024376, 0.002508, 1000
36.500000, -88.000000, -177.500000, 0.022427, 0.002539, 1000
37.000000, -88.000000, -177.500000, 0.020660, 0.002516, 1000
20.000000, -88.500000, -177.500000, 0.005270, 0.002294, 1000
20.500000, -88.500000, -177.500000, 0.005602, 0.002206, 1000
21.000000, -88.500000, -177.500000, 0.005894, 0.002209, 1000
21.500000, -88.500000, -177.500000, 0.006235, 0.002209, 1000
22.000000, -88.500000, -177.500000, 0.006784, 0.002227, 1000
22.500000, -88.500000, -177.500000, 0.007492, 0.002303, 1000
23.000000, -88.500000, -177.500000, 0.008129, 0.002258, 1000
23.500000, -88.500000, -177.500000, 0.009035, 0.002417, 1000
24.000000, -88.500000, -177.500000, 0.010162, 0.002387, 1000
24.500000, -88.500000, -177.500000, 0.011516, 0.002478, 1000
25.000000, -88.500000, -177.500000, 0.012912, 0.002475, 1000
25.500000, -88.500000, -177.500000, 0.014583, 0.002542, 1000
26.000000, -88.500000, -177.500000, 0.016461, 0.002456, 1000
26.500000, -88.500000, -177.500000, 0.018449, 0.002442, 1000
27.000000, -88.500000, -177.500000, 0.020762, 0.002459, 1000
27.500000, -88.500000, -177.500000, 0.023124, 0.002537, 1000
28.000000, -88.500000, -177.500000, 0.025409, 0.002431, 1000
28.500000, -88.500000, -177.500000, 0.027826, 0.002501, 1000
29.000000, -88.500000, -177.500000, 0.030147, 0.002491, 1000
29.500000, -88.500000, -177.500000, 0.032350, 0.002574, 1000
30.000000, -88.500000, -177.500000, 0.034395, 0.002484, 1000
30.500000, -88.500000, -177.500000, 0.036122, 0.002506, 1000
31.000000, -88.500000, -177.500000, 0.037499, 0.002491, 1000
31.500000, -88.500000, -177.500000, 0.038487, 0.002523, 1000
32.000000, -88.500000, -177.500000, 0.039015, 0.002467, 1000
32.500000, -88.500000, -177.500000, 0.039002, 0.002476, 1000
33.000000, -88.500000, -177.500000, 0.038564, 0.002409, 1000
33.500000, -88.500000, -177.500000, 0.037687, 0.002430, 1000
34.000000, -88.500000, -177.500000, 0.036384, 0.002516, 1000
34.500000, -88.500000, -177.500000, 0.034759, 0.002440, 1000
35.000000, -88.500000, -177.500000, 0.032953, 0.002446, 1000
35.500000, -88.500000, -177.500000, 0.030753, 0.002533, 1000
36.000000, -88.500000, -177.500000, 0.028468, 0.002450, 1000
36.500000, -88.500000, -177.500000, 0.026095, 0.002410, 1000
37.000000, -88.500000, -177.500000, 0.023857, 0.002494, 1000
20.000000, -89.000000, -177.500000, 0.005464, 0.002319, 1000
20.500000, -89.000000, -177.500000, 0.005727, 0.002201, 1000
21.000000, -89.000000, -177.500000, 0.006165, 0.002162, 1000
21.500000, -89.000000, -177.500000, 0.006658, 0.002252, 1000
22.000000, -89.000000, -177.500000, 0.007314, 0.002241, 1000
22.500000, -89.000000, -177.500000, 0.008036, 0.002246, 1000
23.000000, -89.000000, -177.500000, 0.008911, 0.002303, 1000
23.500000, -89.000000, -177.500000, 0.009958, 0.002435, 1000
24.000000, -89.000000, -177.500000, 0.011311, 0.002392, 1000
24.500000, -89.000000, -177.500000, 0.012934, 0.002478, 1000
25.000000, -89.000000, -177.500000, 0.014679, 0.002379, 1000
25.500000, -89.000000, -177.500000, 0.016677, 0.002451, 1000
26.000000, -89.000000, -177.500000, 0.018946, 0.002388, 1000
26.500000, -89.000000, -177.500000, 0.021436, 0.002485, 1000
27.000000, -89.000000, -177.500000, 0.024113, 0.002442, 1000
27.500000, -89.000000, -177.500000, 0.026957, 0.002385, 1000
28.000000, -89.000000, -177.500000, 0.029941, 0.002461, 1000
28.500000, -89.000000, -177.500000, 0.032989, 0.002503, 1000
29.000000, -89.000000, -177.500000, 0.035914, 0.002513, 1000
29.500000, -89.000000, -177.500000, 0.038698, 0.002489, 1000
30.000000, -89.000000, -177.500000, 0.041409, 0.002472, 1000
30.500000, -89.000000, -177.500000, 0.043614, 0.002468, 1000
31.000000, -89.000000, -177.500000, 0.045571, 0.002476, 1000
31.500000, -89.000000, -177.500000, 0.046699, 0.002439, 1000
32.000000, -89.000000, -177.500000, 0.047289, 0.002508, 1000
32.500000, -89.000000, -177.500000, 0.047412, 0.002546, 1000
33.000000, -89.000000, -177.500000, 0.046932, 0.002445, 1000
33.500000, -89.000000, -177.500000, 0.045669, 0.002456, 1000
34.000000, -89.000000, -177.500000, 0.043986, 0.002461, 1000
34.500000, -89.000000, -177.500000, 0.041734, 0.002509, 1000
35.000000, -89.000000, -177.500000, 0.039184, 0.002499, 1000
35.500000, -89.000000, -177.500000, 0.036407, 0.002480, 1000
36.000000, -89.000000, -177.500000, 0.033591, 0.002482, 1000
36.500000, -89.000000, -177.500000, 0.030637, 0.002557, 1000
37.000000, -89.000000, -177.500000, 0.027750, 0.002461, 1000
20.000000, -89.500000, -177.500000, 0.005592, 0.002198, 1000
20.500000, -89.500000, -177.500000, 0.005979, 0.002119, 1000
21.000000, -89.500000, -177.500000, 0.006546, 0.002195, 1000
21.500000, -89.500000, -177.500000, 0.007040, 0.002247, 1000
22.000000, -89.500000, -177.500000, 0.007785, 0.002257, 1000
22.500000, -89.500000, -177.500000, 0.008700, 0.002246, 1000
23.000000, -89.500000, -177.500000, 0.009640, 0.002396, 1000
23.500000, -89.500000, -177.500000, 0.010891, 0.002436, 1000
24.000000, -89.500000, -177.500000, 0.012467, 0.002429, 1000
24.500000, -89.500000, -177.500000, 0.014288, 0.002445, 1000
25.000000, -89.500000, -177.500000, 0.016450, 0.002394, 1000
25.500000, -89.500000, -177.500000, 0.018862, 0.002463, 1000
26.000000, -89.500000, -177.500000, 0.021542, 0.002542, 1000
26.500000, -89.500000, -177.500000, 0.024655, 0.002495, 1000
27.000000, -89.500000, -177.500000, 0.027871, 0.002406, 1000
27.500000, -89.500000, -177.500000, 0.031412, 0.002540, 1000
28.000000, -89.500000, -177.500000, 0.035211, 0.002501, 1000
28.500000, -89.500000, -177.500000, 0.038841, 0.002405, 1000
29.000000, -89.500000, -177.500000, 0.042628, 0.002546, 1000
29.500000, -89.500000, -177.500000, 0.046165, 0.002474, 1000
30.000000, -89.500000, -177.500000, 0.049389, 0.002490, 1000
30.500000, -89.500000, -177.500000, 0.052320, 0.002522, 1000
31.000000, -89.500000, -177.500000, 0.054556, 0.002470, 1000
31.500000, -89.500000, -177.500000, 0.056258, 0.002521, 1000
32.000000, -89.500000, -177.500000, 0.057018, 0.002495, 1000
32.500000, -89.500000, -177.500000, 0.056982, 0.002451, 1000
33.000000, -89.500000, -177.500000, 0.056340, 0.002580, 1000
33.500000, -89.500000, -177.500000, 0.054911, 0.002473, 1000
34.000000, -89.500000, -177.500000, 0.052646, 0.002426, 1000
34.500000, -89.500000, -177.500000, 0.049900, 0.002441, 1000
35.000000, -89.500000, -177.500000, 0.046754, 0.002452, 1000
35.500000, -89.500000, -177.500000, 0.043208, 0.002499, 1000
36.000000, -89.500000, -177.500000, 0.039439, 0.002446, 1000
36.500000, -89.500000, -177.500000, 0.035658, 0.002463, 1000
37.000000, -89.500000, -177.500000, 0.032079, 0.002482, 1000
20.000000, -90.000000, -177.500000, 0.005862, 0.002203, 1000
20.500000, -90.000000, -177.500000, 0.006262, 0.002094, 1000
21.000000, -90.000000, -177.500000, 0.006785, 0.002256, 1000
21.500000, -90.000000, -177.500000, 0.007501, 0.002291, 1000
22.000000, -90.000000, -177.500000, 0.008344, 0.002234, 1000
22.500000, -90.000000, -177.500000, 0.009286, 0.002391, 1000
23.000000, -90.000000, -177.500000, 0.010449, 0.002442, 1000
23.500000, -90.000000, -177.500000, 0.012149, 0.002462, 1000
24.000000, -90.000000, -177.500000, 0.013716, 0.002522, 1000
24.500000, -90.000000, -177.500000, 0.015997, 0.002445, 1000
25.000000, -90.000000, -177.500000, 0.018376, 0.002448, 1000
25.500000, -90.000000, -177.500000, 0.021386, 0.002468, 1000
26.000000, -90.000000, -177.500000, 0.024685, 0.002459, 1000
26.500000, -90.000000, -177.500000, 0.028287, 0.002525, 1000
27.000000, -90.000000, -177.500000, 0.032368, 0.002567, 1000
27.500000, -90.000000, -177.500000, 0.036775, 0.002431, 1000
28.000000, -90.000000, -177.500000, 0.041338, 0.002491, 1000
28.500000, -90.000000, -177.500000, 0.046064, 0.002503, 1000
29.000000, -90.000000, -177.500000, 0.050764, 0.002496, 1000
29.500000, -90.000000, -177.500000, 0.055262, 0.002450, 1000
30.000000, -90.000000, -177.500000, 0.059368, 0.002417, 1000
30.500000, -90.000000, -177.500000, 0.063112, 0.002453, 1000
31.000000, -90.000000, -177.500000, 0.065969, 0.002431, 1000
31.500000, -90.000000, -177.500000, 0.068065, 0.002503, 1000
32.000000, -90.000000, -177.500000, 0.068988, 0.002457, 1000
32.500000, -90.000000, -177.500000, 0.069121, 0.002466, 1000
33.000000, -90.000000, -177.500000, 0.068197, 0.002536, 1000
33.500000, -90.000000, -177.500000, 0.066301, 0.002473, 1000
34.000000, -90.000000, -177.500000, 0.063467, 0.002528, 1000
34.500000, -90.000000, -177.500000, 0.059768, 0.002568, 1000
35.000000, -90.000000, -177.500000, 0.055739, 0.002471, 1000
35.500000, -90.000000, -177.500000, 0.051146, 0.002484, 1000
36.000000, -90.000000, -177.500000, 0.046475, 0.002487, 1000
36.500000, -90.000000, -177.500000, 0.041675, 0.002539, 1000
37.000000, -90.000000, -177.500000, 0.037142, 0.002506, 1000
20.000000, -90.500000, -177.500000, 0.006119, 0.002220, 1000
20.500000, -90.500000, -177.500000, 0.006550, 0.002237, 1000
21.000000, -90.500000, -177.500000, 0.007161, 0.002243, 1000
21.500000, -90.500000, -177.500000, 0.007900, 0.002310, 1000
22.000000, -90.500000, -177.500000, 0.008969, 0.002246, 1000
22.500000, -90.500000, -177.500000, 0.010082, 0.002439, 1000
23.000000, -90.500000, -177.500000, 0.011491, 0.002484, 1000
23.500000, -90.500000, -177.500000, 0.013253, 0.002466, 1000
24.000000, -90.500000, -177.500000, 0.015397, 0.002508, 1000
24.500000, -90.500000, -177.500000, 0.017874, 0.002518, 1000
25.000000, -90.500000, -177.500000, 0.020849, 0.002480, 1000
25.500000, -90.500000, -177.500000, 0.024149, 0.002408, 1000
26.000000, -90.500000, -177.500000, 0.028078, 0.002420, 1000
26.500000, -90.500000, -177.500000, 0.032553, 0.002520, 1000
27.000000, -90.500000, -177.500000, 0.037518, 0.002467, 1000
27.500000, -90.500000, -177.500000, 0.042882, 0.002552, 1000
28.000000, -90.500000, -177.500000, 0.048650, 0.002484, 1000
28.500000, -90.500000, -177.500000, 0.054466, 0.002516, 1000
29.000000, -90.500000, -177.500000, 0.060416, 0.002501, 1000
29.500000, -90.500000, -177.500000, 0.065996, 0.002483, 1000
30.000000, -90.500000, -177.500000, 0.071134, 0.002478, 1000
30.500000, -90.500000, -177.500000, 0.075920, 0.002468, 1000
31.000000, -90.500000, -177.500000, 0.079583, 0.002508, 1000
31.500000, -90.500000, -177.500000, 0.082090, 0.002576, 1000
32.000000, -90.500000, -177.500000, 0.083262, 0.002485, 1000
32.500000, -90.500000, -177.500000, 0.083451, 0.002529, 1000
33.000000, -90.500000, -177.500000, 0.082328, 0.002555, 1000
33.500000, -90.500000, -177.500000, 0.079944, 0.002482, 1000
34.000000, -90.500000, -177.500000, 0.076224, 0.002529, 1000
34.500000, -90.500000, -177.500000, 0.071610, 0.002447, 1000
35.000000, -90.500000, -177.500000, 0.066543, 0.002495, 1000
35.500000, -90.500000, -177.500000, 0.060747, 0.002466, 1000
36.000000, -90.500000, -177.500000, 0.054780, 0.002561, 1000
36.500000, -90.500000, -177.500000, 0.048728, 0.002594, 1000
37.000000, -90.500000, -177.500000, 0.043209, 0.002576, 1000
20.000000, -91.000000, -177.500000, 0.006255, 0.002175, 1000
20.500000, -91.000000, -177.500000, 0.006766, 0.002227, 1000
21.000000, -91.000000, -177.500000, 0.007649, 0.002318, 1000
21.500000, -91.000000, -177.500000, 0.008449, 0.002335, 1000
22.000000, -91.000000, -177.500000, 0.009590, 0.002401, 1000
22.500000, -91.000000, -177.500000, 0.010767, 0.002482, 1000
23.000000, -91.000000, -177.500000, 0.012476, 0.002499, 1000
23.500000, -91.000000, -177.500000, 0.014525, 0.002410, 1000
24.000000, -91.000000, -177.500000, 0.016917, 0.002438, 1000
24.500000, -91.000000, -177.500000, 0.019862, 0.002456, 1000
25.000000, -91.000000, -177.500000, 0.023404, 0.002470, 1000
25.500000, -91.000000, -177.500000, 0.027196, 0.002399, 1000
26.000000, -91.000000, -177.500000, 0.031928, 0.002551, 1000
26.500000, -91.000000, -177.500000, 0.037285, 0.002569, 1000
27.000000, -91.000000, -177.500000, 0.043403, 0.002456, 1000
27.500000, -91.000000, -177.500000, 0.049867, 0.002444, 1000
28.000000, -91.000000, -177.500000, 0.056890, 0.002462, 1000
28.500000, -91.000000, -177.500000, 0.064004, 0.002466, 1000
29.000000, -91.000000, -177.500000, 0.071212, 0.002511, 1000
29.500000, -91.000000, -177.500000, 0.078190, 0.002463, 1000
30.000000, -91.000000, -177.500000, 0.084697, 0.002538, 1000
30.500000, -91.000000, -177.500000, 0.090065, 0.002507, 1000
31.000000, -91.000000, -177.500000, 0.094862, 0.002500, 1000
31.500000, -91.000000, -177.500000, 0.097957, 0.002524, 1000
32.000000, -91.000000, -177.500000, 0.099354, 0.002611, 1000
32.500000, -91.000000, -177.500000, 0.099383, 0.002579, 1000
33.000000, -91.000000, -177.500000, 0.098152, 0.002506, 1000
33.500000, -91.000000, -177.500000, 0.095250, 0.002556, 1000
34.000000, -91.000000, -177.500000, 0.090605, 0.002577, 1000
34.500000, -91.000000, -177.500000, 0.085067, 0.002513, 1000
35.000000, -91.000000, -177.500000, 0.078489, 0.002428, 1000
35.500000, -91.000000, -177.500000, 0.071264, 0.002543, 1000
36.000000, -91.000000, -177.500000, 0.064041, 0.002533, 1000
36.500000, -91.000000, -177.500000, 0.056623, 0.002439, 1000
37.000000, -91.000000, -177.500000, 0.049761, 0.002431, 1000
20.000000, -91.500000, -177.500000, 0.006406, 0.002299, 1000
20.500000, -91.500000, -177.500000, 0.007074, 0.002229, 1000
21.000000, -91.500000, -177.500000, 0.007906, 0.002253, 1000
21.500000, -91.500000, -177.500000, 0.008859, 0.002276, 1000
22.000000, -91.500000, -177.500000, 0.010063, 0.002488, 1000
22.500000, -91.500000, -177.500000, 0.011609, 0.002530, 1000
23.000000, -91.500000, -177.500000, 0.013395, 0.002474, 1000
23.500000, -91.500000, -177.500000, 0.015744, 0.002503, 1000
24.000000, -91.500000, -177.500000, 0.018478, 0.002469, 1000
24.500000, -91.500000, -177.500000, 0.021916, 0.002461, 1000
25.000000, -91.500000, -177.500000, 0.025912, 0.002426, 1000
25.500000, -91.500000, -177.500000, 0.030635, 0.002474, 1000
26.000000, -91.500000, -177.500000, 0.036156, 0.002479, 1000
26.500000, -91.500000, -177.500000, 0.042417, 0.002618, 1000
27.000000, -91.500000, -177.500000, 0.049612, 0.002504, 1000
27.500000, -91.500000, -177.500000, 0.057359, 0.002426, 1000
28.000000, -91.500000, -177.500000, 0.065654, 0.002466, 1000
28.500000, -91.500000, -177.500000, 0.074279, 0.002478, 1000
29.000000, -91.500000, -177.500000, 0.083020, 0.002489, 1000
29.500000, -91.500000, -177.500000, 0.091415, 0.002546, 1000
30.000000, -91.500000, -177.500000, 0.098893, 0.002524, 1000
30.500000, -91.500000, -177.500000, 0.105664, 0.002462, 1000
31.000000, -91.500000, -177.500000, 0.111187, 0.002413, 1000
31.500000, -91.500000, -177.500000, 0.114937, 0.002535, 1000
32.000000, -91.500000, -177.500000, 0.116595, 0.002484, 1000
32.500000, -91.500000, -177.500000, 0.116895, 0.002535, 1000
33.000000, -91.500000, -177.500000, 0.115204, 0.002536, 1000
33.500000, -91.500000, -177.500000, 0.111740, 0.002576, 1000
34.000000, -91.500000, -177.500000, 0.106346, 0.002509, 1000
34.500000, -91.500000, -177.500000, 0.099439, 0.002478, 1000
35.000000, -91.500000, -177.500000, 0.091578, 0.002542, 1000
35.500000, -91.500000, -177.500000, 0.083009, 0.002488, 1000
36.000000, -91.500000, -177.500000, 0.073995, 0.002555, 1000
36.500000, -91.500000, -177.500000, 0.065139, 0.002508, 1000
37.000000, -91.500000, -177.500000, 0.056823, 0.002447, 1000
20.000000, -92.000000, -177.500000, 0.006673, 0.002195, 1000
20.500000, -92.000000, -177.500000, 0.007327, 0.002264, 1000
21.000000, -92.000000, -177.500000, 0.008166, 0.002242, 1000
21.500000, -92.000000, -177.500000, 0.009293, 0.002291, 1000
22.000000, -92.000000, -177.500000, 0.010673, 0.002464, 1000
22.500000, -92.000000, -177.500000, 0.012474, 0.002529, 1000
23.000000, -92.000000, -177.500000, 0.014446, 0.002491, 1000
23.500000, -92.000000, -177.500000, 0.016982, 0.002429, 1000
24.000000, -92.000000, -177.500000, 0.020128, 0.002518, 1000
24.500000, -92.000000, -177.500000, 0.024050, 0.002509, 1000
25.000000, -92.000000, -177.500000, 0.028660, 0.002524, 1000
25.500000, -92.000000, -177.500000, 0.034019, 0.002531, 1000
26.000000, -92.000000, -177.500000, 0.040412, 0.002484, 1000
26.500000, -92.000000, -177.500000, 0.047884, 0.002472, 1000
27.000000, -92.000000, -177.500000, 0.056312, 0.002411, 1000
27.500000, -92.000000, -177.500000, 0.065469, 0.002452, 1000
28.000000, -92.000000, -177.500000, 0.075334, 0.002493, 1000
28.500000, -92.000000, -177.500000, 0.085693, 0.002559, 1000
29.000000, -92.000000, -177.500000, 0.096009, 0.002440, 1000
29.500000, -92.000000, -177.500000, 0.105892, 0.002514, 1000
30.000000, -92.000000, -177.500000, 0.114599, 0.002418, 1000
30.500000, -92.000000, -177.500000, 0.122346, 0.002531, 1000
31.000000, -92.000000, -177.500000, 0.128650, 0.002524, 1000
31.500000, -92.000000, -177.500000, 0.132853, 0.002597, 1000
32.000000, -92.000000, -177.500000, 0.134943, 0.002572, 1000
32.500000, -92.000000, -177.500000, 0.135108, 0.002519, 1000
33.000000, -92.000000, -177.500000, 0.133392, 0.002578, 1000
33.500000, -92.000000, -177.500000, 0.129241, 0.002523, 1000
34.000000, -92.000000, -177.500000, 0.123070, 0.002509, 1000
34.500000, -92.000000, -177.500000, 0.114985, 0.002569, 1000
35.000000, -92.000000, -177.500000, 0.105826, 0.002477, 1000
35.500000, -92.000000, -177.500000, 0.095649, 0.002537, 1000
36.000000, -92.000000, -177.500000, 0.085018, 0.002567, 1000
36.500000, -92.000000, -177.500000, 0.074338, 0.002573, 1000
37.000000, -92.000000, -177.500000, 0.064579, 0.002501, 1000
20.000000, -92.500000, -177.500000, 0.006846, 0.002205, 1000
20.500000, -92.500000, -177.500000, 0.007516, 0.002266, 1000
21.000000, -92.500000, -177.500000, 0.008529, 0.002205, 1000
21.500000, -92.500000, -177.500000, 0.009646, 0.002506, 1000
22.000000, -92.500000, -177.500000, 0.011200, 0.002480, 1000
22.500000, -92.500000, -177.500000, 0.013109, 0.002485, 1000
23.000000, -92.500000, -177.500000, 0.015419, 0.002413, 1000
23.500000, -92.500000, -177.500000, 0.018306, 0.002535, 1000
24.000000, -92.500000, -177.500000, 0.021790, 0.002415, 1000
24.500000, -92.500000, -177.500000, 0.026112, 0.002398, 1000
25.000000, -92.500000, -177.500000, 0.031357, 0.002471, 1000
25.500000, -92.500000, -177.500000, 0.037410, 0.002417, 1000
26.000000, -92.500000, -177.500000, 0.044713, 0.002500, 1000
26.500000, -92.500000, -177.500000, 0.053230, 0.002498, 1000
27.000000, -92.500000, -177.500000, 0.063081, 0.002481, 1000
27.500000, -92.500000, -177.500000, 0.073646, 0.002529, 1000
28.000000, -92.500000, -177.500000, 0.085121, 0.002491, 1000
28.500000, -92.500000, -177.500000, 0.096977, 0.002589, 1000
29.000000, -92.500000, -177.500000, 0.108777, 0.002560, 1000
29.500000, -92.500000, -177.500000, 0.119752, 0.002523, 1000
30.000000, -92.500000, -177.500000, 0.129482, 0.002517, 1000
30.500000, -92.500000, -177.500000, 0.138185, 0.002506, 1000
31.000000, -92.500000, -177.500000, 0.145206, 0.002523, 1000
31.500000, -92.500000, -177.500000, 0.149766, 0.002515, 1000
32.000000, -92.500000, -177.500000, 0.152043, 0.002511, 1000
32.500000, -92.500000, -177.500000, 0.152279, 0.002535, 1000
33.000000, -92.500000, -177.500000, 0.150097, 0.002564, 1000
33.500000, -92.500000, -177.500000, 0.145910, 0.002499, 1000
34.000000, -92.500000, -177.500000, 0.138733, 0.002536, 1000
34.500000, -92.500000, -177.500000, 0.129933, 0.002534, 1000
35.000000, -92.500000, -177.500000, 0.119511, 0.002579, 1000
35.500000, -92.500000, -177.500000, 0.108010, 0.002503, 1000
36.000000, -92.500000, -177.500000, 0.095800, 0.002499, 1000
36.500000, -92.500000, -177.500000, 0.083617, 0.002503, 1000
37.000000, -92.500000, -177.500000, 0.072235, 0.002543, 1000
20.000000, -93.000000, -177.500000, 0.006952, 0.002227, 1000
20.500000, -93.000000, -177.500000, 0.007762, 0.002276, 1000
21.000000, -93.000000, -177.500000, 0.008842, 0.002298, 1000
21.500000, -93.000000, -177.500000, 0.010056, 0.002443, 1000
22.000000, -93.000000, -177.500000, 0.011736, 0.002412, 1000
22.500000, -93.000000, -177.500000, 0.013633, 0.002474, 1000
23.000000, -93.000000, -177.500000, 0.016079, 0.002410, 1000
23.500000, -93.000000, -177.500000, 0.019249, 0.002512, 1000
24.000000, -93.000000, -177.500000, 0.023290, 0.002383, 1000
24.500000, -93.000000, -177.500000, 0.028035, 0.002498, 1000
25.000000, -93.000000, -177.500000, 0.033901, 0.002510, 1000
25.500000, -93.000000, -177.500000, 0.040756, 0.002503, 1000
26.000000, -93.000000, -177.500000, 0.048917, 0.002475, 1000
26.500000, -93.000000, -177.500000, 0.058651, 0.002490, 1000
27.000000, -93.000000, -177.500000, 0.069625, 0.002444, 1000
27.500000, -93.000000, -177.500000, 0.081561, 0.002496, 1000
28.000000, -93.000000, -177.500000, 0.094379, 0.002551, 1000
28.500000, -93.000000, -177.500000, 0.107455, 0.002477, 1000
29.000000, -93.000000, -177.500000, 0.120564, 0.002577, 1000
29.500000, -93.000000, -177.500000, 0.132586, 0.002573, 1000
30.000000, -93.000000, -177.500000, 0.143425, 0.002633, 1000
30.500000, -93.000000, -177.500000, 0.152743, 0.002504, 1000
31.000000, -93.000000, -177.500000, 0.160036, 0.002520, 1000
31.500000, -93.000000, -177.500000, 0.165067, 0.002650, 1000
32.000000, -93.000000, -177.500000, 0.167336, 0.002542, 1000
32.500000, -93.000000, -177.500000, 0.167826, 0.002479, 1000
33.000000, -93.000000, -177.500000, 0.165746, 0.002576, 1000
33.500000, -93.000000, -177.500000, 0.161289, 0.002546, 1000
34.000000, -93.000000, -177.500000, 0.153832, 0.002602, 1000
34.500000, -93.000000, -177.500000, 0.144033, 0.002557, 1000
35.000000, -93.000000, -177.500000, 0.132662, 0.002537, 1000
35.500000, -93.000000, -177.500000, 0.119874, 0.002519, 1000
36.000000, -93.000000, -177.500000, 0.106277, 0.002472, 1000
36.500000, -93.000000, -177.500000, 0.092545, 0.002628, 1000
37.000000, -93.000000, -177.500000, 0.079653, 0.002500, 1000
20.000000, -93.500000, -177.500000, 0.007058, 0.002241, 1000
20.500000, -93.500000, -177.500000, 0.007971, 0.002260, 1000
21.000000, -93.500000, -177.500000, 0.009037, 0.002293, 1000
21.500000, -93.500000, -177.500000, 0.010382, 0.002512, 1000
22.000000, -93.500000, -177.500000, 0.012236, 0.002548, 1000
22.500000, -93.500000, -177.500000, 0.014316, 0.002413, 1000
23.000000, -93.500000, -177.500000, 0.016933, 0.002434, 1000
23.500000, -93.500000, -177.500000, 0.020437, 0.002474, 1000
24.000000, -93.500000, -177.500000, 0.024553, 0.002492, 1000
24.500000, -93.500000, -177.500000, 0.029685, 0.002542, 1000
25.000000, -93.500000, -177.500000, 0.036172, 0.002458, 1000
25.500000, -93.500000, -177.500000, 0.043919, 0.002567, 1000
26.000000, -93.500000, -177.500000, 0.053089, 0.002570, 1000
26.500000, -93.500000, -177.500000, 0.063760, 0.002536, 1000
27.000000, -93.500000, -177.500000, 0.075998, 0.002504, 1000
27.500000, -93.500000, -177.500000, 0.089407, 0.002515, 1000
28.000000, -93.500000, -177.500000, 0.103594, 0.002508, 1000
28.500000, -93.500000, -177.500000, 0.118047, 0.002484, 1000
29.000000, -93.500000, -177.500000, 0.132144, 0.002496, 1000
29.500000, -93.500000, -177.500000, 0.144977, 0.002543, 1000
30.000000, -93.500000, -177.500000, 0.156284, 0.002552, 1000
30.500000, -93.500000, -177.500000, 0.165961, 0.002576, 1000
31.000000, -93.500000, -177.500000, 0.173647, 0.002547, 1000
31.500000, -93.500000, -177.500000, 0.178720, 0.002529, 1000
32.000000, -93.500000, -177.500000, 0.181030, 0.002601, 1000
32.500000, -93.500000, -177.500000, 0.181566, 0.002578, 1000
33.000000, -93.500000, -177.500000, 0.179536, 0.002641, 1000
33.500000, -93.500000, -177.500000, 0.175046, 0.002573, 1000
34.000000, -93.500000, -177.500000, 0.167391, 0.002499, 1000
34.500000, -93.500000, -177.500000, 0.157098, 0.002538, 1000
35.000000, -93.500000, -177.500000, 0.145045, 0.002542, 1000
35.500000, -93.500000, -177.500000, 0.131084, 0.002474, 1000
36.000000, -93.500000, -177.500000, 0.116330, 0.002499, 1000
36.500000, -93.500000, -177.500000, 0.101086, 0.002588, 1000
37.000000, -93.500000, -177.500000, 0.086917, 0.002472, 1000
20.000000, -94.000000, -177.500000, 0.007283, 0.002307, 1000
20.500000, -94.000000, -177.500000, 0.008071, 0.002317, 1000
21.000000, -94.000000, -177.500000, 0.009295, 0.002310, 1000
21.500000, -94.000000, -177.500000, 0.010740, 0.002485, 1000
22.000000, -94.000000, -177.500000, 0.012569, 0.002408, 1000
22.500000, -94.000000, -177.500000, 0.014876, 0.002465, 1000
23.000000, -94.000000, -177.500000, 0.017682, 0.002465, 1000
23.500000, -94.000000, -177.500000, 0.021322, 0.002473, 1000
24.000000, -94.000000, -177.500000, 0.025876, 0.002448, 1000
24.500000, -94.000000, -177.500000, 0.031609, 0.002460, 1000
25.000000, -94.000000, -177.500000, 0.038468, 0.002478, 1000
25.500000, -94.000000, -177.500000, 0.046890, 0.002451, 1000
26.000000, -94.000000, -177.500000, 0.056949, 0.002441, 1000
26.500000, -94.000000, -177.500000, 0.068671, 0.002473, 1000
27.000000, -94.000000, -177.500000, 0.082078, 0.002467, 1000
27.500000, -94.000000, -177.500000, 0.096618, 0.002522, 1000
28.000000, -94.000000, -177.500000, 0.112099, 0.002486, 1000
28.500000, -94.000000, -177.500000, 0.127459, 0.002542, 1000
29.000000, -94.000000, -177.500000, 0.142588, 0.002521, 1000
29.500000, -94.000000, -177.500000, 0.155550, 0.002568, 1000
30.000000, -94.000000, -177.500000, 0.167589, 0.002517, 1000
30.500000, -94.000000, -177.500000, 0.177477, 0.002569, 1000
31.000000, -94.000000, -177.500000, 0.185322, 0.002561, 1000
31.500000, -94.000000, -177.500000, 0.190261, 0.002525, 1000
32.000000, -94.000000, -177.500000, 0.193008, 0.002570, 1000
32.500000, -94.000000, -177.500000, 0.193433, 0.002599, 1000
33.000000, -94.000000, -177.500000, 0.191267, 0.002600, 1000
33.500000, -94.000000, -177.500000, 0.186537, 0.002586, 1000
34.000000, -94.000000, -177.500000, 0.178598, 0.002518, 1000
34.500000, -94.000000, -177.500000, 0.168210, 0.002485, 1000
35.000000, -94.000000, -177.500000, 0.155983, 0.002482, 1000
35.500000, -94.000000, -177.500000, 0.141296, 0.002548, 1000
36.000000, -94.000000, -177.500000, 0.125382, 0.002545, 1000
36.500000, -94.000000, -177.500000, 0.109096, 0.002482, 1000
37.000000, -94.000000, -177.500000, 0.093601, 0.002562, 1000
20.000000, -94.500000, -177.500000, 0.007217, 0.002202, 1000
20.500000, -94.500000, -177.500000, 0.008324, 0.002276, 1000
21.000000, -94.500000, -177.500000, 0.009400, 0.002373, 1000
21.500000, -94.500000, -177.500000, 0.010978, 0.002543, 1000
22.000000, -94.500000, -177.500000, 0.012859, 0.002543, 1000
22.500000, -94.500000, -177.500000, 0.015229, 0.002518, 1000
23.000000, -94.500000, -177.500000, 0.018183, 0.002453, 1000
23.500000, -94.500000, -177.500000, 0.022153, 0.002484, 1000
24.000000, -94.500000, -177.500000, 0.026928, 0.002418, 1000
24.500000, -94.500000, -177.500000, 0.032864, 0.002451, 1000
25.000000, -94.500000, -177.500000, 0.040273, 0.002475, 1000
25.500000, -94.500000, -177.500000, 0.049272, 0.002525, 1000
26.000000, -94.500000, -177.500000, 0.060198, 0.002551, 1000
26.500000, -94.500000, -177.500000, 0.072797, 0.002640, 1000
27.000000, -94.500000, -177.500000, 0.087171, 0.002474, 1000
27.500000, -94.500000, -177.500000, 0.102691, 0.002565, 1000
28.000000, -94.500000, -177.500000, 0.119003, 0.002503, 1000
28.500000, -94.500000, -177.500000, 0.135066, 0.002562, 1000
29.000000, -94.500000, -177.500000, 0.150790, 0.002555, 1000
29.500000, -94.500000, -177.500000, 0.164272, 0.002599, 1000
30.000000, -94.500000, -177.500000, 0.176232, 0.002503, 1000
30.500000, -94.500000, -177.500000, 0.186290, 0.002577, 1000
31.000000, -94.500000, -177.500000, 0.194224, 0.002620, 1000
31.500000, -94.500000, -177.500000, 0.199300, 0.002559, 1000
32.000000, -94.500000, -177.500000, 0.201989, 0.002571, 1000
32.500000, -94.500000, -177.500000, 0.202451, 0.002572, 1000
33.000000, -94.500000, -177.500000, 0.200340, 0.002570, 1000
33.500000, -94.500000, -177.500000, 0.195735, 0.002760, 1000
34.000000, -94.500000, -177.500000, 0.187611, 0.002545, 1000
34.500000, -94.500000, -177.500000, 0.177067, 0.002574, 1000
35.000000, -94.500000, -177.500000, 0.164620, 0.002676, 1000
35.500000, -94.500000, -177.500000, 0.149440, 0.002543, 1000
36.000000, -94.500000, -177.500000, 0.132779, 0.002558, 1000
36.500000, -94.500000, -177.500000, 0.115631, 0.002543, 1000
37.000000, -94.500000, -177.500000, 0.099070, 0.002546, 1000
20.000000, -95.000000, -177.500000, 0.007352, 0.002182, 1000
20.500000, -95.000000, -177.500000, 0.008113, 0.002246, 1000
21.000000, -95.000000, -177.500000, 0.009463, 0.002335, 1000
21.500000, -95.000000, -177.500000, 0.011043, 0.002538, 1000
22.000000, -95.000000, -177.500000, 0.013090, 0.002486, 1000
22.500000, -95.000000, -177.500000, 0.015607, 0.002474, 1000
23.000000, -95.000000, -177.500000, 0.018730, 0.002458, 1000
23.500000, -95.000000, -177.500000, 0.022763, 0.002524, 1000
24.000000, -95.000000, -177.500000, 0.027724, 0.002498, 1000
24.500000, -95.000000, -177.500000, 0.034070, 0.002498, 1000
25.000000, -95.000000, -177.500000, 0.041830, 0.002459, 1000
25.500000, -95.000000, -177.500000, 0.051306, 0.002488, 1000
26.000000, -95.000000, -177.500000, 0.062859, 0.002610, 1000
26.500000, -95.000000, -177.500000, 0.076208, 0.002554, 1000
27.000000, -95.000000, -177.500000, 0.091276, 0.002512, 1000
27.500000, -95.000000, -177.500000, 0.107566, 0.002433, 1000
28.000000, -95.000000, -177.500000, 0.124407, 0.002471, 1000
28.500000, -95.000000, -177.500000, 0.141111, 0.002506, 1000
29.000000, -95.000000, -177.500000, 0.157348, 0.002602, 1000
29.500000, -95.000000, -177.500000, 0.170971, 0.002455, 1000
30.000000, -95.000000, -177.500000, 0.183140, 0.002547, 1000
30.500000, -95.000000, -177.500000, 0.193056, 0.002514, 1000
31.000000, -95.000000, -177.500000, 0.200940, 0.002640, 1000
31.500000, -95.000000, -177.500000, 0.205842, 0.002528, 1000
32.000000, -95.000000, -177.500000, 0.208782, 0.002585, 1000
32.500000, -95.000000, -177.500000, 0.209151, 0.002508, 1000
33.000000, -95.000000, -177.500000, 0.207163, 0.002598, 1000
33.500000, -95.000000, -177.500000, 0.202459, 0.002518, 1000
34.000000, -95.000000, -177.500000, 0.194345, 0.002650, 1000
34.500000, -95.000000, -177.500000, 0.183868, 0.002571, 1000
35.000000, -95.000000, -177.500000, 0.171174, 0.002618, 1000
35.500000, -95.000000, -177.500000, 0.155800, 0.002549, 1000
36.000000, -95.000000, -177.500000, 0.138542, 0.002552, 1000
36.500000, -95.000000, -177.500000, 0.120659, 0.002547, 1000
37.000000, -95.000000, -177.500000, 0.103607, 0.002517, 1000
20.000000, -95.500000, -177.500000, 0.007360, 0.002260, 1000
20.500000, -95.500000, -177.500000, 0.008228, 0.002196, 1000
21.000000, -95.500000, -177.500000, 0.009501, 0.002430, 1000
21.500000, -95.500000, -177.500000, 0.011024, 0.002461, 1000
22.000000, -95.500000, -177.500000, 0.013097, 0.002476, 1000
22.500000, -95.500000, -177.500000, 0.015775, 0.002467, 1000
23.000000, -95.500000, -177.500000, 0.018831, 0.002485, 1000
23.500000, -95.500000, -177.500000, 0.023078, 0.002510, 1000
24.000000, -95.500000, -177.500000, 0.028122, 0.002451, 1000
24.500000, -95.500000, -177.500000, 0.034693, 0.002470, 1000
25.000000, -95.500000, -177.500000, 0.042576, 0.002516, 1000
25.500000, -95.500000, -177.500000, 0.052637, 0.002567, 1000
26.000000, -95.500000, -177.500000, 0.064247, 0.002536, 1000
26.500000, -95.500000, -177.500000, 0.078298, 0.002507, 1000
27.000000, -95.500000, -177.500000, 0.093792, 0.002564, 1000
27.500000, -95.500000, -177.500000, 0.110579, 0.002400, 1000
28.000000, -95.500000, -177.500000, 0.127984, 0.002456, 1000
28.500000, -95.500000, -177.500000, 0.144968, 0.002530, 1000
29.000000, -95.500000, -177.500000, 0.161158, 0.002502, 1000
29.500000, -95.500000, -177.500000, 0.174987, 0.002569, 1000
30.000000, -95.500000, -177.500000, 0.187062, 0.002384, 1000
30.500000, -95.500000, -177.500000, 0.197002, 0.002513, 1000
31.000000, -95.500000, -177.500000, 0.204729, 0.002735, 1000
31.500000, -95.500000, -177.500000, 0.209938, 0.002626, 1000
32.000000, -95.500000, -177.500000, 0.212654, 0.002536, 1000
32.500000, -95.500000, -177.500000, 0.213108, 0.002690, 1000
33.000000, -95.500000, -177.500000, 0.211118, 0.002669, 1000
33.500000, -95.500000, -177.500000, 0.206488, 0.002550, 1000
34.000000, -95.500000, -177.500000, 0.198355, 0.002552, 1000
34.500000, -95.500000, -177.500000, 0.187816, 0.002567, 1000
35.000000, -95.500000, -177.500000, 0.175201, 0.002477, 1000
35.500000, -95.500000, -177.500000, 0.159690, 0.002560, 1000
36.000000, -95.500000, -177.500000, 0.142318, 0.002629, 1000
36.500000, -95.500000, -177.500000, 0.124039, 0.002523, 1000
37.000000, -95.500000, -177.500000, 0.106386, 0.002541, 1000
20.000000, -96.000000, -177.500000, 0.007359, 0.002213, 1000
20.500000, -96.000000, -177.500000, 0.008264, 0.002276, 1000
21.000000, -96.000000, -177.500000, 0.009465, 0.002454, 1000
21.500000, -96.000000, -177.500000, 0.011215, 0.002550, 1000
22.000000, -96.000000, -177.500000, 0.013294, 0.002548, 1000
22.500000, -96.000000, -177.500000, 0.015848, 0.002338, 1000
23.000000, -96.000000, -177.500000, 0.018972, 0.002510, 1000
23.500000, -96.000000, -177.500000, 0.023138, 0.002410, 1000
24.000000, -96.000000, -177.500000, 0.028314, 0.002416, 1000
24.500000, -96.000000, -177.500000, 0.034823, 0.002526, 1000
25.000000, -96.000000, -177.500000, 0.043055, 0.002450, 1000
25.500000, -96.000000, -177.500000, 0.053051, 0.002522, 1000
26.000000, -96.000000, -177.500000, 0.065069, 0.002525, 1000
26.500000, -96.000000, -177.500000, 0.079002, 0.002494, 1000
27.000000, -96.000000, -177.500000, 0.094869, 0.002502, 1000
27.500000, -96.000000, -177.500000, 0.111805, 0.002528, 1000
28.000000, -96.000000, -177.500000, 0.129031, 0.002530, 1000
28.500000, -96.000000, -177.500000, 0.146076, 0.002520, 1000
29.000000, -96.000000, -177.500000, 0.162466, 0.002591, 1000
29.500000, -96.000000, -177.500000, 0.176331, 0.002489, 1000
30.000000, -96.000000, -177.500000, 0.188445, 0.002488, 1000
30.500000, -96.000000, -177.500000, 0.198285, 0.002547, 1000
31.000000, -96.000000, -177.500000, 0.206299, 0.002730, 1000
31.500000, -96.000000, -177.500000, 0.211309, 0.002646, 1000
32.000000, -96.000000, -177.500000, 0.214102, 0.002623, 1000
32.500000, -96.000000, -177.500000, 0.214588, 0.002690, 1000
33.000000, -96.000000, -177.500000, 0.212491, 0.002555, 1000
33.500000, -96.000000, -177.500000, 0.207918, 0.002731, 1000
34.000000, -96.000000, -177.500000, 0.199828, 0.002650, 1000
34.500000, -96.000000, -177.500000, 0.189332, 0.002536, 1000
35.000000, -96.000000, -177.500000, 0.176640, 0.002458, 1000
35.500000, -96.000000, -177.500000, 0.161145, 0.002507, 1000
36.000000, -96.000000, -177.500000, 0.143599, 0.002635, 1000
36.500000, -96.000000, -177.500000, 0.125183, 0.002464, 1000
37.000000, -96.000000, -177.500000, 0.107287, 0.002466, 1000
20.000000, -96.500000, -177.500000, 0.007269, 0.002231, 1000
20.500000, -96.500000, -177.500000, 0.008204, 0.002235, 1000
21.000000, -96.500000, -177.500000, 0.009360, 0.002393, 1000
21.500000, -96.500000, -177.500000, 0.010942, 0.002560, 1000
22.000000, -96.500000, -177.500000, 0.012960, 0.002507, 1000
22.500000, -96.500000, -177.500000, 0.015733, 0.002477, 1000
23.000000, -96.500000, -177.500000, 0.018696, 0.002462, 1000
23.500000, -96.500000, -177.500000, 0.022822, 0.002500, 1000
24.000000, -96.500000, -177.500000, 0.027896, 0.002372, 1000
24.500000, -96.500000, -177.500000, 0.034536, 0.002457, 1000
25.000000, -96.500000, -177.500000, 0.042751, 0.002481, 1000
25.500000, -96.500000, -177.500000, 0.052695, 0.002543, 1000
26.000000, -96.500000, -177.500000, 0.064678, 0.002494, 1000
26.500000, -96.500000, -177.500000, 0.078576, 0.002478, 1000
27.000000, -96.500000, -177.500000, 0.094390, 0.002521, 1000
27.500000, -96.500000, -177.500000, 0.111209, 0.002501, 1000
28.000000, -96.500000, -177.500000, 0.128674, 0.002519, 1000
28.500000, -96.500000, -177.500000, 0.145610, 0.002510, 1000
29.000000, -96.500000, -177.500000, 0.161316, 0.002582, 1000
29.500000, -96.500000, -177.500000, 0.175382, 0.002586, 1000
30.000000, -96.500000, -177.500000, 0.187518, 0.002554, 1000
30.500000, -96.500000, -177.500000, 0.197565, 0.002630, 1000
31.000000, -96.500000, -177.500000, 0.205284, 0.002616, 1000
31.500000, -96.500000, -177.500000, 0.210300, 0.002595, 1000
32.000000, -96.500000, -177.500000, 0.213109, 0.002575, 1000
32.500000, -96.500000, -177.500000, 0.213835, 0.002617, 1000
33.000000, -96.500000, -177.500000, 0.211550, 0.002488, 1000
33.500000, -96.500000, -177.500000, 0.206726, 0.002568, 1000
34.000000, -96.500000, -177.500000, 0.199098, 0.002552, 1000
34.500000, -96.500000, -177.500000, 0.188447, 0.002492, 1000
35.000000, -96.500000, -177.500000, 0.175793, 0.002570, 1000
35.500000, -96.500000, -177.500000, 0.160046, 0.002485, 1000
36.000000, -96.500000, -177.500000, 0.142664, 0.002596, 1000
36.500000, -96.500000, -177.500000, 0.124317, 0.002637, 1000
37.000000, -96.500000, -177.500000, 0.106501, 0.002481, 1000
20.000000, -97.000000, -177.500000, 0.007015, 0.002259, 1000
20.500000, -97.000000, -177.500000, 0.008058, 0.002219, 1000
21.000000, -97.000000, -177.500000, 0.009193, 0.002367, 1000
21.500000, -97.000000, -177.500000, 0.010705, 0.002503, 1000
22.000000, -97.000000, -177.500000, 0.012692, 0.002427, 1000
22.500000, -97.000000, -177.500000, 0.015285, 0.002479, 1000
23.000000, -97.000000, -177.500000, 0.018360, 0.002469, 1000
23.500000, -97.000000, -177.500000, 0.022483, 0.002501, 1000
24.000000, -97.000000, -177.500000, 0.027371, 0.002508, 1000
24.500000, -97.000000, -177.500000, 0.033892, 0.002521, 1000
25.000000, -97.000000, -177.500000, 0.041855, 0.002582, 1000
25.500000, -97.000000, -177.500000, 0.051403, 0.002395, 1000
26.000000, -97.000000, -177.500000, 0.063309, 0.002528, 1000
26.500000, -97.000000, -177.500000, 0.076824, 0.002525, 1000
27.000000, -97.000000, -177.500000, 0.092318, 0.002615, 1000
27.500000, -97.000000, -177.500000, 0.108944, 0.002505, 1000
28.000000, -97.000000, -177.500000, 0.126157, 0.002526, 1000
28.500000, -97.000000, -177.500000, 0.142841, 0.002483, 1000
29.000000, -97.000000, -177.500000, 0.158683, 0.002531, 1000
29.500000, -97.000000, -177.500000, 0.172739, 0.002527, 1000
30.000000, -97.000000, -177.500000, 0.184591, 0.002546, 1000
30.500000, -97.000000, -177.500000, 0.194558, 0.002696, 1000
31.000000, -97.000000, -177.500000, 0.202404, 0.002540, 1000
31.500000, -97.000000, -177.500000, 0.207498, 0.002560, 1000
32.000000, -97.000000, -177.500000, 0.210108, 0.002497, 1000
32.500000, -97.000000, -177.500000, 0.210564, 0.002445, 1000
33.000000, -97.000000, -177.500000, 0.208466, 0.002516, 1000
33.500000, -97.000000, -177.500000, 0.203451, 0.002562, 1000
34.000000, -97.000000, -177.500000, 0.195755, 0.002539, 1000
34.500000, -97.000000, -177.500000, 0.185160, 0.002554, 1000
35.000000, -97.000000, -177.500000, 0.172438, 0.002634, 1000
35.500000, -97.000000, -177.500000, 0.156812, 0.002494, 1000
36.000000, -97.000000, -177.500000, 0.139684, 0.002566, 1000
36.500000, -97.000000, -177.500000, 0.121467, 0.002658, 1000
37.000000, -97.000000, -177.500000, 0.103965, 0.002484, 1000
20.000000, -97.500000, -177.500000, 0.007022, 0.002184, 1000
20.500000, -97.500000, -177.500000, 0.007966, 0.002242, 1000
21.000000, -97.500000, -177.500000, 0.008960, 0.002381, 1000
21.500000, -97.500000, -177.500000, 0.010565, 0.002494, 1000
22.000000, -97.500000, -177.500000, 0.012410, 0.002550, 1000
22.500000, -97.500000, -177.500000, 0.014882, 0.002485, 1000
23.000000, -97.500000, -177.500000, 0.017852, 0.002359, 1000
23.500000, -97.500000, -177.500000, 0.021636, 0.002523, 1000
24.000000, -97.500000, -177.500000, 0.026485, 0.002481, 1000
24.500000, -97.500000, -177.500000, 0.032813, 0.002512, 1000
25.000000, -97.500000, -177.500000, 0.040194, 0.002535, 1000
25.500000, -97.500000, -177.500000, 0.049714, 0.002476, 1000
26.000000, -97.500000, -177.500000, 0.060950, 0.002530, 1000
26.500000, -97.500000, -177.500000, 0.073967, 0.002470, 1000
27.000000, -97.500000, -177.500000, 0.088828, 0.002579, 1000
27.500000, -97.500000, -177.500000, 0.104793, 0.002482, 1000
28.000000, -97.500000, -177.500000, 0.121401, 0.002537, 1000
28.500000, -97.500000, -177.500000, 0.137704, 0.002468, 1000
29.000000, -97.500000, -177.500000, 0.153080, 0.002558, 1000
29.500000, -97.500000, -177.500000, 0.167029, 0.002538, 1000
30.000000, -97.500000, -177.500000, 0.178942, 0.002599, 1000
30.500000, -97.500000, -177.500000, 0.188941, 0.002571, 1000
31.000000, -97.500000, -177.500000, 0.196372, 0.002573, 1000
31.500000, -97.500000, -177.500000, 0.201277, 0.002493, 1000
32.000000, -97.500000, -177.500000, 0.204070, 0.002625, 1000
32.500000, -97.500000, -177.500000, 0.204581, 0.002690, 1000
33.000000, -97.500000, -177.500000, 0.202478, 0.002559, 1000
33.500000, -97.500000, -177.500000, 0.197264, 0.002559, 1000
34.000000, -97.500000, -177.500000, 0.189633, 0.002578, 1000
34.500000, -97.500000, -177.500000, 0.178938, 0.002503, 1000
35.000000, -97.500000, -177.500000, 0.166396, 0.002534, 1000
35.500000, -97.500000, -177.500000, 0.150902, 0.002612, 1000
36.000000, -97.500000, -177.500000, 0.134025, 0.002617, 1000
36.500000, -97.500000, -177.500000, 0.116655, 0.002387, 1000
37.000000, -97.500000, -177.500000, 0.099729, 0.002513, 1000
20.000000, -98.000000, -177.500000, 0.006826, 0.002204, 1000
20.500000, -98.000000, -177.500000, 0.007673, 0.002267, 1000
21.000000, -98.000000, -177.500000, 0.008858, 0.002350, 1000
21.500000, -98.000000, -177.500000, 0.010144, 0.002493, 1000
22.000000, -98.000000, -177.500000, 0.012001, 0.002553, 1000
22.500000, -98.000000, -177.500000, 0.014173, 0.002586, 1000
23.000000, -98.000000, -177.500000, 0.017271, 0.002440, 1000
23.500000, -98.000000, -177.500000, 0.020828, 0.002496, 1000
24.000000, -98.000000, -177.500000, 0.025507, 0.002404, 1000
24.500000, -98.000000, -177.500000, 0.031103, 0.002553, 1000
25.000000, -98.000000, -177.500000, 0.038252, 0.002542, 1000
25.500000, -98.000000, -177.500000, 0.047024, 0.002491, 1000
26.000000, -98.000000, -177.500000, 0.057629, 0.002517, 1000
26.500000, -98.000000, -177.500000, 0.069894, 0.002444, 1000
27.000000, -98.000000, -177.500000, 0.084030, 0.002554, 1000
27.500000, -98.000000, -177.500000, 0.099185, 0.002501, 1000
28.000000, -98.000000, -177.500000, 0.115195, 0.002535, 1000
28.500000, -98.000000, -177.500000, 0.131037, 0.002459, 1000
29.000000, -98.000000, -177.500000, 0.146067, 0.002464, 1000
29.500000, -98.000000, -177.500000, 0.159453, 0.002350, 1000
30.000000, -98.000000, -177.500000, 0.171216, 0.002471, 1000
30.500000, -98.000000, -177.500000, 0.180779, 0.002632, 1000
31.000000, -98.000000, -177.500000, 0.188649, 0.002570, 1000
31.500000, -98.000000, -177.500000, 0.193353, 0.002694, 1000
32.000000, -98.000000, -177.500000, 0.196322, 0.002619, 1000
32.500000, -98.000000, -177.500000, 0.196327, 0.002569, 1000
33.000000, -98.000000, -177.500000, 0.194608, 0.002598, 1000
33.500000, -98.000000, -177.500000, 0.188704, 0.002463, 1000
34.000000, -98.000000, -177.500000, 0.181179, 0.002644, 1000
34.500000, -98.000000, -177.500000, 0.170551, 0.002365, 1000
35.000000, -98.000000, -177.500000, 0.157774, 0.002501, 1000
35.500000, -98.000000, -177.500000, 0.142944, 0.002635, 1000
36.000000, -98.000000, -177.500000, 0.126678, 0.002592, 1000
36.500000, -98.000000, -177.500000, 0.110002, 0.002581, 1000
37.000000, -98.000000, -177.500000, 0.093990, 0.002581, 1000
20.000000, -98.500000, -177.500000, 0.006681, 0.002171, 1000
20.500000, -98.500000, -177.500000, 0.007459, 0.002224, 1000
21.000000, -98.500000, -177.500000, 0.008474, 0.002295, 1000
21.500000, -98.500000, -177.500000, 0.009808, 0.002369, 1000
22.000000, -98.500000, -177.500000, 0.011581, 0.002496, 1000
22.500000, -98.500000, -177.500000, 0.013713, 0.002450, 1000
23.000000, -98.500000, -177.500000, 0.016323, 0.002440, 1000
23.500000, -98.500000, -177.500000, 0.019622, 0.002454, 1000
24.000000, -98.500000, -177.500000, 0.024083, 0.002475, 1000
24.500000, -98.500000, -177.500000, 0.029595, 0.002400, 1000
25.000000, -98.500000, -177.500000, 0.036048, 0.002458, 1000
25.500000, -98.500000, -177.500000, 0.044122, 0.002512, 1000
26.000000, -98.500000, -177.500000, 0.053880, 0.002557, 1000
26.500000, -98.500000, -177.500000, 0.065347, 0.002500, 1000
27.000000, -98.500000, -177.500000, 0.078215, 0.002585, 1000
27.500000, -98.500000, -177.500000, 0.092434, 0.002489, 1000
28.000000, -98.500000, -177.500000, 0.107405, 0.002430, 1000
28.500000, -98.500000, -177.500000, 0.122128, 0.002524, 1000
29.000000, -98.500000, -177.500000, 0.136574, 0.002646, 1000
29.500000, -98.500000, -177.500000, 0.149821, 0.002419, 1000
30.000000, -98.500000, -177.500000, 0.161112, 0.002579, 1000
30.500000, -98.500000, -177.500000, 0.170434, 0.002487, 1000
31.000000, -98.500000, -177.500000, 0.178225, 0.002538, 1000
31.500000, -98.500000, -177.500000, 0.182534, 0.002655, 1000
32.000000, -98.500000, -177.500000, 0.185764, 0.002575, 1000
32.500000, -98.500000, -177.500000, 0.185893, 0.002535, 1000
33.000000, -98.500000, -177.500000, 0.183710, 0.002533, 1000
33.500000, -98.500000, -177.500000, 0.177840, 0.002586, 1000
34.000000, -98.500000, -177.500000, 0.170663, 0.002556, 1000
34.500000, -98.500000, -177.500000, 0.159830, 0.002514, 1000
35.000000, -98.500000, -177.500000, 0.147462, 0.002541, 1000
35.500000, -98.500000, -177.500000, 0.133136, 0.002559, 1000
36.000000, -98.500000, -177.500000, 0.117712, 0.002479, 1000
36.500000, -98.500000, -177.500000, 0.102151, 0.002579, 1000
37.000000, -98.500000, -177.500000, 0.087405, 0.002460, 1000
20.000000, -99.000000, -177.500000, 0.006471, 0.002190, 1000
20.500000, -99.000000, -177.500000, 0.007129, 0.002167, 1000
21.000000, -99.000000, -177.500000, 0.008134, 0.002199, 1000
21.500000, -99.000000, -177.500000, 0.009473, 0.002380, 1000
22.000000, -99.000000, -177.500000, 0.010898, 0.002399, 1000
22.500000, -99.000000, -177.500000, 0.012892, 0.002451, 1000
23.000000, -99.000000, -177.500000, 0.015457, 0.002446, 1000
23.500000, -99.000000, -177.500000, 0.018482, 0.002471, 1000
24.000000, -99.000000, -177.500000, 0.022434, 0.002556, 1000
24.500000, -99.000000, -177.500000, 0.027454, 0.002472, 1000
25.000000, -99.000000, -177.500000, 0.033482, 0.002450, 1000
25.500000, -99.000000, -177.500000, 0.040614, 0.002506, 1000
26.000000, -99.000000, -177.500000, 0.049594, 0.002513, 1000
26.500000, -99.000000, -177.500000, 0.059877, 0.002484, 1000
27.000000, -99.000000, -177.500000, 0.071538, 0.002524, 1000
27.500000, -99.000000, -177.500000, 0.084505, 0.002569, 1000
28.000000, -99.000000, -177.500000, 0.098187, 0.002447, 1000
28.500000, -99.000000, -177.500000, 0.111814, 0.002482, 1000
29.000000, -99.000000, -177.500000, 0.125495, 0.002530, 1000
29.500000, -99.000000, -177.500000, 0.138092, 0.002637, 1000
30.000000, -99.000000, -177.500000, 0.148947, 0.002377, 1000
30.500000, -99.000000, -177.500000, 0.158048, 0.002570, 1000
31.000000, -99.000000, -177.500000, 0.165154, 0.002608, 1000
31.500000, -99.000000, -177.500000, 0.169827, 0.002503, 1000
32.000000, -99.000000, -177.500000, 0.172556, 0.002568, 1000
32.500000, -99.000000, -177.500000, 0.172626, 0.002575, 1000
33.000000, -99.000000, -177.500000, 0.170204, 0.002499, 1000
33.500000, -99.000000, -177.500000, 0.164867, 0.002620, 1000
34.000000, -99.000000, -177.500000, 0.157105, 0.002540, 1000
34.500000, -99.000000, -177.500000, 0.147244, 0.002458, 1000
35.000000, -99.000000, -177.500000, 0.135266, 0.002554, 1000
35.500000, -99.000000, -177.500000, 0.121635, 0.002600, 1000
36.000000, -99.000000, -177.500000, 0.107261, 0.002455, 1000
36.500000, -99.000000, -177.500000, 0.093212, 0.002581, 1000
37.000000, -99.000000, -177.500000, 0.079765, 0.002489, 1000
20.000000, -99.500000, -177.500000, 0.006277, 0.002233, 1000
20.500000, -99.500000, -177.500000, 0.006797, 0.002188, 1000
21.000000, -99.500000, -177.500000, 0.007809, 0.002220, 1000
21.500000, -99.500000, -177.500000, 0.008842, 0.002373, 1000
22.000000, -99.500000, -177.500000, 0.010266, 0.002524, 1000
22.500000, -99.500000, -177.500000, 0.012120, 0.002495, 1000
23.000000, -99.500000, -177.500000, 0.014248, 0.002483, 1000
23.500000, -99.500000, -177.500000, 0.016922, 0.002556, 1000
24.000000, -99.500000, -177.500000, 0.020886, 0.002540, 1000
24.500000, -99.500000, -177.500000, 0.025261, 0.002429, 1000
25.000000, -99.500000, -177.500000, 0.030679, 0.002591, 1000
25.500000, -99.500000, -177.500000, 0.037234, 0.002409, 1000
26.000000, -99.500000, -177.500000, 0.045064, 0.002537, 1000
26.500000, -99.500000, -177.500000, 0.054269, 0.002521, 1000
27.000000, -99.500000, -177.500000, 0.064703, 0.002591, 1000
27.500000, -99.500000, -177.500000, 0.076283, 0.002514, 1000
28.000000, -99.500000, -177.500000, 0.088540, 0.002546, 1000
28.500000, -99.500000, -177.500000, 0.101021, 0.002479, 1000
29.000000, -99.500000, -177.500000, 0.113146, 0.002521, 1000
29.500000, -99.500000, -177.500000, 0.124653, 0.002464, 1000
30.000000, -99.500000, -177.500000, 0.135016, 0.002641, 1000
30.500000, -99.500000, -177.500000, 0.143772, 0.002539, 1000
31.000000, -99.500000, -177.500000, 0.150757, 0.002487, 1000
31.500000, -99.500000, -177.500000, 0.155374, 0.002538, 1000
32.000000, -99.500000, -177.500000, 0.157644, 0.002499, 1000
32.500000, -99.500000, -177.500000, 0.157668, 0.002464, 1000
33.000000, -99.500000, -177.500000, 0.155071, 0.002595, 1000
33.500000, -99.500000, -177.500000, 0.150021, 0.002534, 1000
34.000000, -99.500000, -177.500000, 0.142604, 0.002515, 1000
34.500000, -99.500000, -177.500000, 0.133116, 0.002526, 1000
35.000000, -99.500000, -177.500000, 0.121867, 0.002551, 1000
35.500000, -99.500000, -177.500000, 0.109368, 0.002445, 1000
36.000000, -99.500000, -177.500000, 0.096438, 0.002550, 1000
36.500000, -99.500000, -177.500000, 0.083738, 0.002587, 1000
37.000000, -99.500000, -177.500000, 0.071794, 0.002591, 1000
20.000000, -100.000000, -177.500000, 0.006049, 0.002096, 1000
20.500000, -100.000000, -177.500000, 0.006650, 0.002159, 1000
21.000000, -100.000000, -177.500000, 0.007455, 0.002223, 1000
21.500000, -100.000000, -177.500000, 0.008521, 0.002286, 1000
22.000000, -100.000000, -177.500000, 0.009636, 0.002367, 1000
22.500000, -100.000000, -177.500000, 0.011205, 0.002493, 1000
23.000000, -100.000000, -177.500000, 0.013251, 0.002394, 1000
23.500000, -100.000000, -177.500000, 0.015752, 0.002431, 1000
24.000000, -100.000000, -177.500000, 0.018873, 0.002418, 1000
24.500000, -100.000000, -177.500000, 0.022837, 0.002571, 1000
25.000000, -100.000000, -177.500000, 0.027687, 0.002497, 1000
25.500000, -100.000000, -177.500000, 0.033540, 0.002460, 1000
26.000000, -100.000000, -177.500000, 0.040279, 0.002383, 1000
26.500000, -100.000000, -177.500000, 0.048273, 0.002426, 1000
27.000000, -100.000000, -177.500000, 0.057332, 0.002380, 1000
27.500000, -100.000000, -177.500000, 0.067420, 0.002498, 1000
28.000000, -100.000000, -177.500000, 0.078141, 0.002467, 1000
28.500000, -100.000000, -177.500000, 0.089312, 0.002543, 1000
29.000000, -100.000000, -177.500000, 0.100309, 0.002472, 1000
29.500000, -100.000000, -177.500000, 0.110835, 0.002538, 1000
30.000000, -100.000000, -177.500000, 0.119983, 0.002510, 1000
30.500000, -100.000000, -177.500000, 0.127986, 0.002538, 1000
31.000000, -100.000000, -177.500000, 0.134361, 0.002652, 1000
31.500000, -100.000000, -177.500000, 0.138662, 0.002641, 1000
32.000000, -100.000000, -177.500000, 0.140795, 0.002585, 1000
32.500000, -100.000000, -177.500000, 0.140570, 0.002538, 1000
33.000000, -100.000000, -177.500000, 0.138026, 0.002477, 1000
33.500000, -100.000000, -177.500000, 0.133396, 0.002510, 1000
34.000000, -100.000000, -177.500000, 0.126435, 0.002549, 1000
34.500000, -100.000000, -177.500000, 0.117510, 0.002504, 1000
35.000000, -100.000000, -177.500000, 0.107494, 0.002514, 1000
35.500000, -100.000000, -177.500000, 0.096417, 0.002499, 1000
36.000000, -100.000000, -177.500000, 0.085101, 0.002488, 1000
36.500000, -100.000000, -177.500000, 0.074078, 0.002555, 1000
37.000000, -100.000000, -177.500000, 0.063743, 0.002507, 1000
20.000000, -100.500000, -177.500000, 0.005853, 0.002260, 1000
20.500000, -100.500000, -177.500000, 0.006360, 0.002210, 1000
21.000000, -100.500000, -177.500000, 0.007010, 0.002294, 1000
21.500000, -100.500000, -177.500000, 0.007925, 0.002262, 1000
22.000000, -100.500000, -177.500000, 0.009090, 0.002364, 1000
22.500000, -100.500000, -177.500000, 0.010431, 0.002504, 1000
23.000000, -100.500000, -177.500000, 0.012214, 0.002538, 1000
23.500000, -100.500000, -177.500000, 0.014462, 0.002460, 1000
24.000000, -100.500000, -177.500000, 0.017124, 0.002514, 1000
24.500000, -100.500000, -177.500000, 0.020609, 0.002450, 1000
25.000000, -100.500000, -177.500000, 0.024997, 0.002499, 1000
25.500000, -100.500000, -177.500000, 0.029742, 0.002392, 1000
26.000000, -100.500000, -177.500000, 0.035625, 0.002552, 1000
26.500000, -100.500000, -177.500000, 0.042456, 0.002536, 1000
27.000000, -100.500000, -177.500000, 0.050207, 0.002605, 1000
27.500000, -100.500000, -177.500000, 0.058763, 0.002555, 1000
28.000000, -100.500000, -177.500000, 0.067990, 0.002496, 1000
28.500000, -100.500000, -177.500000, 0.077410, 0.002435, 1000
29.000000, -100.500000, -177.500000, 0.087243, 0.002498, 1000
29.500000, -100.500000, -177.500000, 0.096352, 0.002619, 1000
30.000000, -100.500000, -177.500000, 0.104523, 0.002542, 1000
30.500000, -100.500000, -177.500000, 0.111556, 0.002480, 1000
31.000000, -100.500000, -177.500000, 0.117037, 0.002527, 1000
31.500000, -100.500000, -177.500000, 0.120926, 0.002577, 1000
32.000000, -100.500000, -177.500000, 0.122793, 0.002601, 1000
32.500000, -100.500000, -177.500000, 0.122595, 0.002547, 1000
33.000000, -100.500000, -177.500000, 0.120276, 0.002514, 1000
33.500000, -100.500000, -177.500000, 0.116016, 0.002462, 1000
34.000000, -100.500000, -177.500000, 0.109599, 0.002482, 1000
34.500000, -100.500000, -177.500000, 0.101974, 0.002622, 1000
35.000000, -100.500000, -177.500000, 0.092984, 0.002532, 1000
35.500000, -100.500000, -177.500000, 0.083435, 0.002548, 1000
36.000000, -100.500000, -177.500000, 0.073828, 0.002656, 1000
36.500000, -100.500000, -177.500000, 0.064391, 0.002540, 1000
37.000000, -100.500000, -177.500000, 0.055624, 0.002525, 1000
20.000000, -101.000000, -177.500000, 0.005671, 0.002174, 1000
20.500000, -101.000000, -177.500000, 0.006128, 0.002049, 1000
21.000000, -101.000000, -177.500000, 0.006629, 0.002239, 1000
21.500000, -101.000000, -177.500000, 0.007515, 0.002187, 1000
22.000000, -101.000000, -177.500000, 0.008444, 0.002299, 1000
22.500000, -101.000000, -177.500000, 0.009705, 0.002526, 1000
23.000000, -101.000000, -177.500000, 0.011166, 0.002518, 1000
23.500000, -101.000000, -177.500000, 0.013066, 0.002488, 1000
24.000000, -101.000000, -177.500000, 0.015513, 0.002420, 1000
24.500000, -101.000000, -177.500000, 0.018416, 0.002425, 1000
25.000000, -101.000000, -177.500000, 0.022019, 0.002444, 1000
25.500000, -101.000000, -177.500000, 0.026149, 0.002386, 1000
26.000000, -101.000000, -177.500000, 0.031019, 0.002503, 1000
26.500000, -101.000000, -177.500000, 0.036879, 0.002548, 1000
27.000000, -101.000000, -177.500000, 0.043487, 0.002528, 1000
27.500000, -101.000000, -177.500000, 0.050478, 0.002544, 1000
28.000000, -101.000000, -177.500000, 0.058308, 0.002484, 1000
28.500000, -101.000000, -177.500000, 0.066280, 0.002456, 1000
29.000000, -101.000000, -177.500000, 0.074486, 0.002495, 1000
29.500000, -101.000000, -177.500000, 0.082156, 0.002510, 1000
30.000000, -101.000000, -177.500000, 0.089062, 0.002416, 1000
30.500000, -101.000000, -177.500000, 0.095194, 0.002434, 1000
31.000000, -101.000000, -177.500000, 0.099898, 0.002463, 1000
31.500000, -101.000000, -177.500000, 0.103361, 0.002617, 1000
32.000000, -101.000000, -177.500000, 0.104756, 0.002522, 1000
32.500000, -101.000000, -177.500000, 0.104491, 0.002625, 1000
33.000000, -101.000000, -177.500000, 0.102196, 0.002570, 1000
33.500000, -101.000000, -177.500000, 0.098558, 0.002560, 1000
34.000000, -101.000000, -177.500000, 0.093152, 0.002601, 1000
34.500000, -101.000000, -177.500000, 0.086517, 0.002572, 1000
35.000000, -101.000000, -177.500000, 0.079016, 0.002471, 1000
35.500000, -101.000000, -177.500000, 0.071057, 0.002475, 1000
36.000000, -101.000000, -177.500000, 0.062985, 0.002535, 1000
36.500000, -101.000000, -177.500000, 0.055203, 0.002460, 1000
37.000000, -101.000000, -177.500000, 0.048052, 0.002567, 1000
20.000000, -101.500000, -177.500000, 0.005450, 0.002129, 1000
20.500000, -101.500000, -177.500000, 0.005807, 0.002187, 1000
21.000000, -101.500000, -177.500000, 0.006277, 0.002300, 1000
21.500000, -101.500000, -177.500000, 0.007053, 0.002217, 1000
22.000000, -101.500000, -177.500000, 0.007908, 0.002322, 1000
22.500000, -101.500000, -177.500000, 0.008923, 0.002269, 1000
23.000000, -101.500000, -177.500000, 0.009996, 0.002379, 1000
23.500000, -101.500000, -177.500000, 0.011777, 0.002524, 1000
24.000000, -101.500000, -177.500000, 0.013802, 0.002430, 1000
24.500000, -101.500000, -177.500000, 0.016355, 0.002453, 1000
25.000000, -101.500000, -177.500000, 0.019358, 0.002546, 1000
25.500000, -101.500000, -177.500000, 0.022983, 0.002522, 1000
26.000000, -101.500000, -177.500000, 0.026903, 0.002506, 1000
26.500000, -101.500000, -177.500000, 0.031544, 0.002620, 1000
27.000000, -101.500000, -177.500000, 0.036917, 0.002465, 1000
27.500000, -101.500000, -177.500000, 0.042989, 0.002553, 1000
28.000000, -101.500000, -177.500000, 0.049383, 0.002412, 1000
28.500000, -101.500000, -177.500000, 0.056024, 0.002567, 1000
29.000000, -101.500000, -177.500000, 0.062472, 0.002519, 1000
29.500000, -101.500000, -177.500000, 0.068861, 0.002501, 1000
30.000000, -101.500000, -177.500000, 0.074719, 0.002521, 1000
30.500000, -101.500000, -177.500000, 0.079670, 0.002491, 1000
31.000000, -101.500000, -177.500000, 0.083598, 0.002544, 1000
31.500000, -101.500000, -177.500000, 0.086460, 0.002463, 1000
32.000000, -101.500000, -177.500000, 0.087624, 0.002430, 1000
32.500000, -101.500000, -177.500000, 0.087513, 0.002524, 1000
33.000000, -101.500000, -177.500000, 0.085551, 0.002493, 1000
33.500000, -101.500000, -177.500000, 0.082350, 0.002577, 1000
34.000000, -101.500000, -177.500000, 0.077730, 0.002503, 1000
34.500000, -101.500000, -177.500000, 0.072361, 0.002541, 1000
35.000000, -101.500000, -177.500000, 0.066265, 0.002488, 1000
35.500000, -101.500000, -177.500000, 0.059560, 0.002567, 1000
36.000000, -101.500000, -177.500000, 0.053399, 0.002576, 1000
36.500000, -101.500000, -177.500000, 0.046982, 0.002508, 1000
37.000000, -101.500000, -177.500000, 0.041082, 0.002403, 1000
20.000000, -102.000000, -177.500000, 0.005238, 0.002316, 1000
20.500000, -102.000000, -177.500000, 0.005547, 0.002121, 1000
21.000000, -102.000000, -177.500000, 0.006045, 0.002125, 1000
21.500000, -102.000000, -177.500000, 0.006579, 0.002197, 1000
22.000000, -102.000000, -177.500000, 0.007287, 0.002235, 1000
22.500000, -102.000000, -177.500000, 0.008155, 0.002318, 1000
23.000000, -102.000000, -177.500000, 0.009065, 0.002320, 1000
23.500000, -102.000000, -177.500000, 0.010458, 0.002477, 1000
24.000000, -102.000000, -177.500000, 0.012271, 0.002591, 1000
24.500000, -102.000000, -177.500000, 0.014391, 0.002466, 1000
25.000000, -102.000000, -177.500000, 0.016806, 0.002396, 1000
25.500000, -102.000000, -177.500000, 0.019839, 0.002554, 1000
26.000000, -102.000000, -177.500000, 0.023157, 0.002405, 1000
26.500000, -102.000000, -177.500000, 0.026959, 0.002454, 1000
27.000000, -102.000000, -177.500000, 0.031404, 0.002613, 1000
27.500000, -102.000000, -177.500000, 0.036191, 0.002508, 1000
28.000000, -102.000000, -177.500000, 0.041325, 0.002495, 1000
28.500000, -102.000000, -177.500000, 0.046704, 0.002470, 1000
29.000000, -102.000000, -177.500000, 0.051935, 0.002592, 1000
29.500000, -102.000000, -177.500000, 0.057188, 0.002370, 1000
30.000000, -102.000000, -177.500000, 0.061542, 0.002477, 1000
30.500000, -102.000000, -177.500000, 0.065581, 0.002532, 1000
31.000000, -102.000000, -177.500000, 0.068922, 0.002578, 1000
31.500000, -102.000000, -177.500000, 0.070994, 0.002515, 1000
32.000000, -102.000000, -177.500000, 0.072081, 0.002544, 1000
32.500000, -102.000000, -177.500000, 0.071746, 0.002419, 1000
33.000000, -102.000000, -177.500000, 0.070044, 0.002485, 1000
33.500000, -102.000000, -177.500000, 0.067574, 0.002579, 1000
34.000000, -102.000000, -177.500000, 0.063934, 0.002573, 1000
34.500000, -102.000000, -177.500000, 0.059533, 0.002589, 1000
35.000000, -102.000000, -177.500000, 0.054719, 0.002519, 1000
35.500000, -102.000000, -177.500000, 0.049524, 0.002524, 1000
36.000000, -102.000000, -177.500000, 0.044656, 0.002462, 1000
36.500000, -102.000000, -177.500000, 0.039631, 0.002510, 1000
37.000000, -102.000000, -177.500000, 0.034829, 0.002462, 1000
20.000000, -102.500000, -177.500000, 0.005039, 0.002267, 1000
20.500000, -102.500000, -177.500000, 0.005384, 0.002147, 1000
21.000000, -102.500000, -177.500000, 0.005647, 0.002235, 1000
21.500000, -102.500000, -177.500000, 0.006080, 0.002132, 1000
22.000000, -102.500000, -177.500000, 0.006734, 0.002222, 1000
22.500000, -102.500000, -177.500000, 0.007350, 0.002275, 1000
23.000000, -102.500000, -177.500000, 0.008314, 0.002368, 1000
23.500000, -102.500000, -177.500000, 0.009455, 0.002344, 1000
24.000000, -102.500000, -177.500000, 0.010729, 0.002453, 1000
24.500000, -102.500000, -177.500000, 0.012697, 0.002541, 1000
25.000000, -102.500000, -177.500000, 0.014744, 0.002431, 1000
25.500000, -102.500000, -177.500000, 0.017122, 0.002357, 1000
26.000000, -102.500000, -177.500000, 0.019907, 0.002598, 1000
26.500000, -102.500000, -177.500000, 0.023048, 0.002450, 1000
27.000000, -102.500000, -177.500000, 0.026563, 0.002469, 1000
27.500000, -102.500000, -177.500000, 0.030388, 0.002410, 1000
28.000000, -102.500000, -177.500000, 0.034529, 0.002474, 1000
28.500000, -102.500000, -177.500000, 0.038820, 0.002504, 1000
29.000000, -102.500000, -177.500000, 0.042886, 0.002544, 1000
29.500000, -102.500000, -177.500000, 0.046802, 0.002468, 1000
30.000000, -102.500000, -177.500000, 0.050324, 0.002492, 1000
30.500000, -102.500000, -177.500000, 0.053405, 0.002494, 1000
31.000000, -102.500000, -177.500000, 0.056095, 0.002549, 1000
31.500000, -102.500000, -177.500000, 0.057655, 0.002526, 1000
32.000000, -102.500000, -177.500000, 0.058321, 0.002467, 1000
32.500000, -102.500000, -177.500000, 0.058165, 0.002481, 1000
33.000000, -102.500000, -177.500000, 0.056962, 0.002372, 1000
33.500000, -102.500000, -177.500000, 0.054864, 0.002459, 1000
34.000000, -102.500000, -177.500000, 0.052137, 0.002457, 1000
34.500000, -102.500000, -177.500000, 0.048603, 0.002561, 1000
35.000000, -102.500000, -177.500000, 0.044753, 0.002487, 1000
35.500000, -102.500000, -177.500000, 0.040900, 0.002503, 1000
36.000000, -102.500000, -177.500000, 0.037010, 0.002415, 1000
36.500000, -102.500000, -177.500000, 0.033096, 0.002496, 1000
37.000000, -102.500000, -177.500000, 0.029388, 0.002457, 1000
20.000000, -103.000000, -177.500000, 0.004828, 0.002191, 1000
20.500000, -103.000000, -177.500000, 0.005075, 0.002222, 1000
21.000000, -103.000000, -177.500000, 0.005272, 0.002314, 1000
21.500000, -103.000000, -177.500000, 0.005815, 0.002213, 1000
22.000000, -103.000000, -177.500000, 0.006165, 0.002131, 1000
22.500000, -103.000000, -177.500000, 0.006790, 0.002192, 1000
23.000000, -103.000000, -177.500000, 0.007547, 0.002286, 1000
23.500000, -103.000000, -177.500000, 0.008455, 0.002315, 1000
24.000000, -103.000000, -177.500000, 0.009679, 0.002432, 1000
24.500000, -103.000000, -177.500000, 0.011204, 0.002473, 1000
25.000000, -103.000000, -177.500000, 0.012846, 0.002423, 1000
25.500000, -103.000000, -177.500000, 0.014697, 0.002525, 1000
26.000000, -103.000000, -177.500000, 0.016937, 0.002475, 1000
26.500000, -103.000000, -177.500000, 0.019434, 0.002483, 1000
27.000000, -103.000000, -177.500000, 0.022257, 0.002585, 1000
27.500000, -103.000000, -177.500000, 0.025319, 0.002468, 1000
28.000000, -103.000000, -177.500000, 0.028529, 0.002487, 1000
28.500000, -103.000000, -177.500000, 0.031833, 0.002553, 1000
29.000000, -103.000000, -177.500000, 0.035014, 0.002470, 1000
29.500000, -103.000000, -177.500000, 0.038043, 0.002546, 1000
30.000000, -103.000000, -177.500000, 0.040836, 0.002618, 1000
30.500000, -103.000000, -177.500000, 0.043120, 0.002453, 1000
31.000000, -103.000000, -177.500000, 0.045017, 0.002465, 1000
31.500000, -103.000000, -177.500000, 0.046373, 0.002487, 1000
32.000000, -103.000000, -177.500000, 0.046639, 0.002515, 1000
32.500000, -103.000000, -177.500000, 0.046555, 0.002490, 1000
33.000000, -103.000000, -177.500000, 0.045779, 0.002498, 1000
33.500000, -103.000000, -177.500000, 0.044032, 0.002467, 1000
34.000000, -103.000000, -177.500000, 0.042075, 0.002545, 1000
34.500000, -103.000000, -177.500000, 0.039267, 0.002482, 1000
35.000000, -103.000000, -177.500000, 0.036355, 0.002388, 1000
35.500000, -103.000000, -177.500000, 0.033422, 0.002482, 1000
36.000000, -103.000000, -177.500000, 0.030441, 0.002498, 1000
36.500000, -103.000000, -177.500000, 0.027563, 0.002463, 1000
37.000000, -103.000000, -177.500000, 0.024786, 0.002441, 1000
20.000000, -103.500000, -177.500000, 0.004603, 0.002231, 1000
20.500000, -103.500000, -177.500000, 0.004805, 0.002379, 1000
21.000000, -103.500000, -177.500000, 0.005198, 0.002199, 1000
21.500000, -103.500000, -177.500000, 0.005412, 0.002274, 1000
22.000000, -103.500000, -177.500000, 0.005817, 0.002286, 1000
22.500000, -103.500000, -177.500000, 0.006249, 0.002149, 1000
23.000000, -103.500000, -177.500000, 0.006794, 0.002151, 1000
23.500000, -103.500000, -177.500000, 0.007606, 0.002217, 1000
24.000000, -103.500000, -177.500000, 0.008632, 0.002225, 1000
24.500000, -103.500000, -177.500000, 0.009552, 0.002470, 1000
25.000000, -103.500000, -177.500000, 0.010967, 0.002596, 1000
25.500000, -103.500000, -177.500000, 0.012662, 0.002520, 1000
26.000000, -103.500000, -177.500000, 0.014440, 0.002407, 1000
26.500000, -103.500000, -177.500000, 0.016452, 0.002449, 1000
27.000000, -103.500000, -177.500000, 0.018688, 0.002512, 1000
27.500000, -103.500000, -177.500000, 0.021112, 0.002522, 1000
28.000000, -103.500000, -177.500000, 0.023608, 0.002430, 1000
28.500000, -103.500000, -177.500000, 0.026256, 0.002522, 1000
29.000000, -103.500000, -177.500000, 0.028827, 0.002521, 1000
29.500000, -103.500000, -177.500000, 0.030939, 0.002537, 1000
30.000000, -103.500000, -177.500000, 0.033154, 0.002488, 1000
30.500000, -103.500000, -177.500000, 0.034902, 0.002456, 1000
31.000000, -103.500000, -177.500000, 0.036145, 0.002483, 1000
31.500000, -103.500000, -177.500000, 0.037305, 0.002468, 1000
32.000000, -103.500000, -177.500000, 0.037578, 0.002475, 1000
32.500000, -103.500000, -177.500000, 0.037482, 0.002369, 1000
33.000000, -103.500000, -177.500000, 0.036700, 0.002504, 1000
33.500000, -103.500000, -177.500000, 0.035509, 0.002422, 1000
34.000000, -103.500000, -177.500000, 0.033833, 0.002560, 1000
34.500000, -103.500000, -177.500000, 0.031966, 0.002585, 1000
35.000000, -103.500000, -177.500000, 0.029757, 0.002515, 1000
35.500000, -103.500000, -177.500000, 0.027337, 0.002520, 1000
36.000000, -103.500000, -177.500000, 0.025258, 0.002457, 1000
36.500000, -103.500000, -177.500000, 0.022936, 0.002478, 1000
37.000000, -103.500000, -177.500000, 0.020614, 0.002579, 1000
20.000000, -104.000000, -177.500000, 0.004518, 0.002279, 1000
20.500000, -104.000000, -177.500000, 0.004671, 0.002240, 1000
21.000000, -104.000000, -177.500000, 0.004873, 0.002226, 1000
21.500000, -104.000000, -177.500000, 0.005275, 0.002260, 1000
22.000000, -104.000000, -177.500000, 0.005486, 0.002122, 1000
22.500000, -104.000000, -177.500000, 0.005853, 0.002123, 1000
23.000000, -104.000000, -177.500000, 0.006255, 0.002138, 1000
23.500000, -104.000000, -177.500000, 0.006783, 0.002203, 1000
24.000000, -104.000000, -177.500000, 0.007570, 0.002236, 1000
24.500000, -104.000000, -177.500000, 0.008367, 0.002279, 1000
25.000000, -104.000000, -177.500000, 0.009524, 0.002344, 1000
25.500000, -104.000000, -177.500000, 0.010559, 0.002468, 1000
26.000000, -104.000000, -177.500000, 0.012192, 0.002471, 1000
26.500000, -104.000000, -177.500000, 0.013844, 0.002491, 1000
27.000000, -104.000000, -177.500000, 0.015527, 0.002439, 1000
27.500000, -104.000000, -177.500000, 0.017290, 0.002534, 1000
28.000000, -104.000000, -177.500000, 0.019337, 0.002477, 1000
28.500000, -104.000000, -177.500000, 0.021520, 0.002554, 1000
29.000000, -104.000000, -177.500000, 0.023280, 0.002559, 1000
29.500000, -104.000000, -177.500000, 0.025108, 0.002383, 1000
30.000000, -104.000000, -177.500000, 0.026619, 0.002435, 1000
30.500000, -104.000000, -177.500000, 0.027887, 0.002358, 1000
31.000000, -104.000000, -177.500000, 0.028919, 0.002484, 1000
31.500000, -104.000000, -177.500000, 0.029775, 0.002501, 1000
32.000000, -104.000000, -177.500000, 0.029909, 0.002539, 1000
32.500000, -104.000000, -177.500000, 0.029753, 0.002464, 1000
33.000000, -104.000000, -177.500000, 0.029328, 0.002468, 1000
33.500000, -104.000000, -177.500000, 0.028387, 0.002414, 1000
34.000000, -104.000000, -177.500000, 0.027244, 0.002489, 1000
34.500000, -104.000000, -177.500000, 0.025784, 0.002366, 1000
35.000000, -104.000000, -177.500000, 0.024150, 0.002497, 1000
35.500000, -104.000000, -177.500000, 0.022420, 0.002491, 1000
36.000000, -104.000000, -177.500000, 0.020761, 0.002446, 1000
36.500000, -104.000000, -177.500000, 0.019016, 0.002414, 1000
37.000000, -104.000000, -177.500000, 0.017333, 0.002453, 1000
20.000000, -104.500000, -177.500000, 0.004353, 0.002271, 1000
20.500000, -104.500000, -177.500000, 0.004409, 0.002329, 1000
21.000000, -104.500000, -177.500000, 0.004656, 0.002258, 1000
21.500000, -104.500000, -177.500000, 0.004859, 0.002222, 1000
22.000000, -104.500000, -177.500000, 0.005145, 0.002267, 1000
22.500000, -104.500000, -177.500000, 0.005524, 0.002155, 1000
23.000000, -104.500000, -177.500000, 0.005777, 0.002203, 1000
23.500000, -104.500000, -177.500000, 0.006261, 0.002242, 1000
24.000000, -104.500000, -177.500000, 0.006864, 0.002171, 1000
24.500000, -104.500000, -177.500000, 0.007516, 0.002267, 1000
25.000000, -104.500000, -177.500000, 0.008473, 0.002280, 1000
25.500000, -104.500000, -177.500000, 0.009290, 0.002354, 1000
26.000000, -104.500000, -177.500000, 0.010283, 0.002356, 1000
26.500000, -104.500000, -177.500000, 0.011604, 0.002453, 1000
27.000000, -104.500000, -177.500000, 0.013112, 0.002522, 1000
27.500000, -104.500000, -177.500000, 0.014446, 0.002439, 1000
28.000000, -104.500000, -177.500000, 0.016033, 0.002441, 1000
28.500000, -104.500000, -177.500000, 0.017275, 0.002505, 1000
29.000000, -104.500000, -177.500000, 0.019071, 0.002530, 1000
29.500000, -104.500000, -177.500000, 0.019983, 0.002577, 1000
30.000000, -104.500000, -177.500000, 0.021447, 0.002526, 1000
30.500000, -104.500000, -177.500000, 0.022291, 0.002558, 1000
31.000000, -104.500000, -177.500000, 0.023251, 0.002499, 1000
31.500000, -104.500000, -177.500000, 0.023735, 0.002490, 1000
32.000000, -104.500000, -177.500000, 0.023871, 0.002488, 1000
32.500000, -104.500000, -177.500000, 0.023844, 0.002435, 1000
33.000000, -104.500000, -177.500000, 0.023532, 0.002466, 1000
33.500000, -104.500000, -177.500000, 0.022843, 0.002447, 1000
34.000000, -104.500000, -177.500000, 0.021963, 0.002538, 1000
34.500000, -104.500000, -177.500000, 0.020860, 0.002502, 1000
35.000000, -104.500000, -177.500000, 0.019575, 0.002538, 1000
35.500000, -104.500000, -177.500000, 0.018348, 0.002377, 1000
36.000000, -104.500000, -177.500000, 0.017208, 0.002361, 1000
36.500000, -104.500000, -177.500000, 0.015847, 0.002544, 1000
37.000000, -104.500000, -177.500000, 0.014628, 0.002462, 1000
20.000000, -105.000000, -177.500000, 0.004228, 0.002372, 1000
20.500000, -105.000000, -177.500000, 0.004284, 0.002305, 1000
21.000000, -105.000000, -177.500000, 0.004481, 0.002263, 1000
21.500000, -105.000000, -177.500000, 0.004625, 0.002297, 1000
22.000000, -105.000000, -177.500000, 0.004769, 0.002344, 1000
22.500000, -105.000000, -177.500000, 0.005073, 0.002202, 1000
23.000000, -105.000000, -177.500000, 0.005212, 0.002302, 1000
23.500000, -105.000000, -177.500000, 0.005657, 0.002213, 1000
24.000000, -105.000000, -177.500000, 0.006180, 0.002180, 1000
24.500000, -105.000000, -177.500000, 0.006653, 0.002231, 1000
25.000000, -105.000000, -177.500000, 0.007238, 0.002238, 1000
25.500000, -105.000000, -177.500000, 0.007983, 0.002233, 1000
26.000000, -105.000000, -177.500000, 0.008925, 0.002327, 1000
26.500000, -105.000000, -177.500000, 0.009776, 0.002530, 1000
27.000000, -105.000000, -177.500000, 0.010721, 0.002484, 1000
27.500000, -105.000000, -177.500000, 0.011948, 0.002478, 1000
28.000000, -105.000000, -177.500000, 0.013208, 0.002483, 1000
28.500000, -105.000000, -177.500000, 0.014330, 0.002482, 1000
29.000000, -105.000000, -177.500000, 0.015412, 0.002560, 1000
29.500000, -105.000000, -177.500000, 0.016487, 0.002441, 1000
30.000000, -105.000000, -177.500000, 0.017192, 0.002506, 1000
30.500000, -105.000000, -177.500000, 0.017993, 0.002506, 1000
31.000000, -105.000000, -177.500000, 0.018716, 0.002449, 1000
31.500000, -105.000000, -177.500000, 0.019055, 0.002491, 1000
32.000000, -105.000000, -177.500000, 0.019100, 0.002577, 1000
32.500000, -105.000000, -177.500000, 0.019021, 0.002428, 1000
33.000000, -105.000000, -177.500000, 0.018957, 0.002561, 1000
33.500000, -105.000000, -177.500000, 0.018408, 0.002586, 1000
34.000000, -105.000000, -177.500000, 0.017838, 0.002474, 1000
34.500000, -105.000000, -177.500000, 0.016801, 0.002454, 1000
35.000000, -105.000000, -177.500000, 0.016020, 0.002561, 1000
35.500000, -105.000000, -177.500000, 0.015116, 0.002502, 1000
36.000000, -105.000000, -177.500000, 0.014248, 0.002487, 1000
36.500000, -105.000000, -177.500000, 0.013228, 0.002554, 1000
37.000000, -105.000000, -177.500000, 0.012259, 0.002500, 1000
20.000000, -105.500000, -177.500000, 0.004147, 0.002325, 1000
20.500000, -105.500000, -177.500000, 0.004160, 0.002385, 1000
21.000000, -105.500000, -177.500000, 0.004188, 0.002300, 1000
21.500000, -105.500000, -177.500000, 0.004284, 0.002358, 1000
22.000000, -105.500000, -177.500000, 0.004528, 0.002329, 1000
22.500000, -105.500000, -177.500000, 0.004778, 0.002269, 1000
23.000000, -105.500000, -177.500000, 0.004938, 0.002154, 1000
23.500000, -105.500000, -177.500000, 0.005355, 0.002260, 1000
24.000000, -105.500000, -177.500000, 0.005587, 0.002178, 1000
24.500000, -105.500000, -177.500000, 0.006122, 0.002198, 1000
25.000000, -105.500000, -177.500000, 0.006519, 0.002222, 1000
25.500000, -105.500000, -177.500000, 0.007137, 0.002208, 1000
26.000000, -105.500000, -177.500000, 0.007722, 0.002264, 1000
26.500000, -105.500000, -177.500000, 0.008521, 0.002202, 1000
27.000000, -105.500000, -177.500000, 0.009218, 0.002329, 1000
27.500000, -105.500000, -177.500000, 0.009895, 0.002455, 1000
28.000000, -105.500000, -177.500000, 0.011135, 0.002489, 1000
28.500000, -105.500000, -177.500000, 0.011814, 0.002509, 1000
29.000000, -105.500000, -177.500000, 0.012885, 0.002510, 1000
29.500000, -105.500000, -177.500000, 0.013554, 0.002502, 1000
30.000000, -105.500000, -177.500000, 0.014346, 0.002472, 1000
30.500000, -105.500000, -177.500000, 0.014740, 0.002473, 1000
31.000000, -105.500000, -177.500000, 0.014993, 0.002560, 1000
31.500000, -105.500000, -177.500000, 0.015473, 0.002470, 1000
32.000000, -105.500000, -177.500000, 0.015524, 0.002438, 1000
32.500000, -105.500000, -177.500000, 0.015591, 0.002465, 1000
33.000000, -105.500000, -177.500000, 0.015456, 0.002507, 1000
33.500000, -105.500000, -177.500000, 0.014955, 0.002388, 1000
34.000000, -105.500000, -177.500000, 0.014564, 0.002570, 1000
34.500000, -105.500000, -177.500000, 0.013860, 0.002438, 1000
35.000000, -105.500000, -177.500000, 0.013190, 0.002548, 1000
35.500000, -105.500000, -177.500000, 0.012558, 0.002553, 1000
36.000000, -105.500000, -177.500000, 0.011787, 0.002568, 1000
36.500000, -105.500000, -177.500000, 0.011187, 0.002522, 1000
37.000000, -105.500000, -177.500000, 0.010354, 0.002478, 1000
20.000000, -106.000000, -177.500000, 0.004077, 0.002268, 1000
20.500000, -106.000000, -177.500000, 0.004065, 0.002255, 1000
21.000000, -106.000000, -177.500000, 0.003951, 0.002291, 1000
21.500000, -106.000000, -177.500000, 0.004253, 0.002323, 1000
22.000000, -106.000000, -177.500000, 0.004476, 0.002259, 1000
22.500000, -106.000000, -177.500000, 0.004679, 0.002310, 1000
23.000000, -106.000000, -177.500000, 0.004630, 0.002295, 1000
23.500000, -106.000000, -177.500000, 0.004954, 0.002248, 1000
24.000000, -106.000000, -177.500000, 0.005247, 0.002258, 1000
24.500000, -106.000000, -177.500000, 0.005421, 0.002184, 1000
25.000000, -106.000000, -177.500000, 0.005847, 0.002096, 1000
25.500000, -106.000000, -177.500000, 0.006230, 0.002176, 1000
26.000000, -106.000000, -177.500000, 0.006761, 0.002200, 1000
26.500000, -106.000000, -177.500000, 0.007310, 0.002194, 1000
27.000000, -106.000000, -177.500000, 0.007946, 0.002326, 1000
27.500000, -106.000000, -177.500000, 0.008634, 0.002322, 1000
28.000000, -106.000000, -177.500000, 0.009214, 0.002297, 1000
28.500000, -106.000000, -177.500000, 0.009884, 0.002508, 1000
29.000000, -106.000000, -177.500000, 0.010553, 0.002537, 1000
29.500000, -106.000000, -177.500000, 0.011089, 0.002575, 1000
30.000000, -106.000000, -177.500000, 0.011604, 0.002438, 1000
30.500000, -106.000000, -177.500000, 0.012031, 0.002546, 1000
31.000000, -106.000000, -177.500000, 0.012282, 0.002453, 1000
31.500000, -106.000000, -177.500000, 0.012417, 0.002453, 1000
32.000000, -106.000000, -177.500000, 0.012638, 0.002484, 1000
32.500000, -106.000000, -177.500000, 0.012631, 0.002468, 1000
33.000000, -106.000000, -177.500000, 0.012386, 0.002493, 1000
33.500000, -106.000000, -177.500000, 0.012055, 0.002543, 1000
34.000000, -106.000000, -177.500000, 0.011818, 0.002534, 1000
34.500000, -106.000000, -177.500000, 0.011297, 0.002569, 1000
35.000000, -106.000000, -177.500000, 0.010893, 0.002505, 1000
35.500000, -106.000000, -177.500000, 0.010389, 0.002404, 1000
36.000000, -106.000000, -177.500000, 0.009892, 0.002380, 1000
36.500000, -106.000000, -177.500000, 0.009447, 0.002359, 1000
37.000000, -106.000000, -177.500000, 0.008864, 0.002358, 1000
