17.739800, -98.000000, -179.400000, 0.000000, 0.005191,0.002231,-0.004327, 0.002548,1000
18.739800, -98.000000, -179.400000, 0.000000, 0.005256,0.002186,-0.004253, 0.002496,1000
19.739800, -98.000000, -179.400000, 0.000000, 0.005477,0.002263,-0.004000, 0.002584,1000
20.739800, -98.000000, -179.400000, 0.000000, 0.006264,0.002183,-0.003101, 0.002493,1000
21.739800, -98.000000, -179.400000, 0.000000, 0.007559,0.002288,-0.001623, 0.002613,1000
22.739800, -98.000000, -179.400000, 0.000000, 0.009972,0.002456,0.001133, 0.002804,1000
23.739800, -98.000000, -179.400000, 0.000000, 0.014379,0.002504,0.006166, 0.002859,1000
24.739800, -98.000000, -179.400000, 0.000000, 0.022070,0.002463,0.014948, 0.002812,1000
25.739800, -98.000000, -179.400000, 0.000000, 0.035148,0.002505,0.029881, 0.002861,1000
26.739800, -98.000000, -179.400000, 0.000000, 0.057939,0.002504,0.055905, 0.002859,1000
27.739800, -98.000000, -179.400000, 0.000000, 0.094035,0.002527,0.097124, 0.002886,1000
28.739800, -98.000000, -179.400000, 0.000000, 0.141696,0.002553,0.151547, 0.002915,1000
29.739800, -98.000000, -179.400000, 0.000000, 0.189156,0.002571,0.205742, 0.002936,1000
30.739800, -98.000000, -179.400000, 0.000000, 0.226585,0.002618,0.248481, 0.002990,1000
31.739800, -98.000000, -179.400000, 0.000000, 0.251260,0.002578,0.276657, 0.002943,1000
32.739800, -98.000000, -179.400000, 0.000000, 0.263885,0.002633,0.291074, 0.003007,1000
33.739800, -98.000000, -179.400000, 0.000000, 0.265792,0.002594,0.293251, 0.002962,1000
34.739800, -98.000000, -179.400000, 0.000000, 0.254841,0.002573,0.280747, 0.002938,1000
35.739800, -98.000000, -179.400000, 0.000000, 0.230912,0.002620,0.253422, 0.002991,1000
36.739800, -98.000000, -179.400000, 0.000000, 0.191062,0.002530,0.207917, 0.002889,1000
37.739800, -98.000000, -179.400000, 0.000000, 0.141359,0.002551,0.151163, 0.002913,1000
38.739800, -98.000000, -179.400000, 0.000000, 0.094951,0.002552,0.098169, 0.002914,1000
39.739800, -98.000000, -179.400000, 0.000000, 0.060824,0.002451,0.059200, 0.002799,1000
40.739800, -98.000000, -179.400000, 0.000000, 0.039012,0.002410,0.034294, 0.002752,1000
41.739800, -98.000000, -179.400000, 0.000000, 0.025550,0.002448,0.018921, 0.002795,1000
42.739800, -98.000000, -179.400000, 0.000000, 0.017412,0.002424,0.009629, 0.002768,1000
43.739800, -98.000000, -179.400000, 0.000000, 0.012572,0.002449,0.004102, 0.002797,1000
44.739800, -98.000000, -179.400000, 0.000000, 0.009561,0.002438,0.000663, 0.002784,1000
45.739800, -98.000000, -179.400000, 0.000000, 0.007986,0.002233,-0.001134, 0.002550,1000
46.739800, -98.000000, -179.400000, 0.000000, 0.006956,0.002274,-0.002311, 0.002597,1000
47.739800, -98.000000, -179.400000, 0.000000, 0.006565,0.002255,-0.002758, 0.002575,1000
48.739800, -98.000000, -179.400000, 0.000000, 0.006249,0.002222,-0.003118, 0.002537,1000
49.260200, -98.000000, -179.400000, 0.000000, 0.006183,0.002238,-0.003194, 0.002555,1000
