17.739800, -98.000000, -179.400000, 0.000000, 0.004591,0.002259,-0.005012, 0.002579,1000
18.739800, -98.000000, -179.400000, 0.000000, 0.004595,0.002374,-0.005008, 0.002710,1000
19.739800, -98.000000, -179.400000, 0.000000, 0.004847,0.002264,-0.004720, 0.002585,1000
20.739800, -98.000000, -179.400000, 0.000000, 0.005365,0.002253,-0.004128, 0.002573,1000
21.739800, -98.000000, -179.400000, 0.000000, 0.006459,0.002284,-0.002878, 0.002609,1000
22.739800, -98.000000, -179.400000, 0.000000, 0.008721,0.002341,-0.000295, 0.002674,1000
23.739800, -98.000000, -179.400000, 0.000000, 0.012771,0.002497,0.004329, 0.002851,1000
24.739800, -98.000000, -179.400000, 0.000000, 0.020112,0.002575,0.012712, 0.002940,1000
25.739800, -98.000000, -179.400000, 0.000000, 0.033077,0.002573,0.027516, 0.002939,1000
26.739800, -98.000000, -179.400000, 0.000000, 0.055777,0.002427,0.053437, 0.002771,1000
27.739800, -98.000000, -179.400000, 0.000000, 0.092701,0.002583,0.095601, 0.002949,1000
28.739800, -98.000000, -179.400000, 0.000000, 0.141606,0.002571,0.151445, 0.002936,1000
29.739800, -98.000000, -179.400000, 0.000000, 0.189727,0.002481,0.206393, 0.002833,1000
30.739800, -98.000000, -179.400000, 0.000000, 0.227341,0.002574,0.249345, 0.002940,1000
31.739800, -98.000000, -179.400000, 0.000000, 0.251877,0.002614,0.277362, 0.002985,1000
32.739800, -98.000000, -179.400000, 0.000000, 0.264973,0.002583,0.292316, 0.002950,1000
33.739800, -98.000000, -179.400000, 0.000000, 0.267348,0.002569,0.295028, 0.002933,1000
34.739800, -98.000000, -179.400000, 0.000000, 0.257113,0.002550,0.283340, 0.002912,1000
35.739800, -98.000000, -179.400000, 0.000000, 0.234779,0.002713,0.257838, 0.003098,1000
36.739800, -98.000000, -179.400000, 0.000000, 0.195706,0.002588,0.213220, 0.002955,1000
37.739800, -98.000000, -179.400000, 0.000000, 0.144787,0.002632,0.155077, 0.003005,1000
38.739800, -98.000000, -179.400000, 0.000000, 0.097215,0.002488,0.100755, 0.002842,1000
39.739800, -98.000000, -179.400000, 0.000000, 0.062495,0.002532,0.061108, 0.002891,1000
40.739800, -98.000000, -179.400000, 0.000000, 0.040226,0.002486,0.035680, 0.002839,1000
41.739800, -98.000000, -179.400000, 0.000000, 0.026794,0.002391,0.020342, 0.002730,1000
42.739800, -98.000000, -179.400000, 0.000000, 0.018411,0.002427,0.010769, 0.002771,1000
43.739800, -98.000000, -179.400000, 0.000000, 0.013409,0.002471,0.005057, 0.002822,1000
44.739800, -98.000000, -179.400000, 0.000000, 0.010325,0.002473,0.001536, 0.002824,1000
45.739800, -98.000000, -179.400000, 0.000000, 0.008537,0.002310,-0.000506, 0.002637,1000
46.739800, -98.000000, -179.400000, 0.000000, 0.007501,0.002246,-0.001688, 0.002564,1000
47.739800, -98.000000, -179.400000, 0.000000, 0.006761,0.002166,-0.002534, 0.002474,1000
48.739800, -98.000000, -179.400000, 0.000000, 0.006657,0.002248,-0.002653, 0.002567,1000
49.260200, -98.000000, -179.400000, 0.000000, 0.006492,0.002270,-0.002840, 0.002592,1000
