33.500000, -82.239800, -179.400000, 0.000000, 0.006528,0.002248,-0.002800, 0.002567,1000
33.500000, -83.239800, -179.400000, 0.000000, 0.006745,0.002261,-0.002552, 0.002582,1000
33.500000, -84.239800, -179.400000, 0.000000, 0.007313,0.002230,-0.001904, 0.002547,1000
33.500000, -85.239800, -179.400000, 0.000000, 0.008344,0.002301,-0.000726, 0.002628,1000
33.500000, -86.239800, -179.400000, 0.000000, 0.010081,0.002427,0.001257, 0.002771,1000
33.500000, -87.239800, -179.400000, 0.000000, 0.012977,0.002503,0.004564, 0.002858,1000
33.500000, -88.239800, -179.400000, 0.000000, 0.017747,0.002490,0.010011, 0.002843,1000
33.500000, -89.239800, -179.400000, 0.000000, 0.025502,0.002402,0.018866, 0.002743,1000
33.500000, -90.239800, -179.400000, 0.000000, 0.038115,0.002418,0.033270, 0.002761,1000
33.500000, -91.239800, -179.400000, 0.000000, 0.059961,0.002466,0.058215, 0.002816,1000
33.500000, -92.239800, -179.400000, 0.000000, 0.093583,0.002447,0.096607, 0.002794,1000
33.500000, -93.239800, -179.400000, 0.000000, 0.140842,0.002497,0.150572, 0.002852,1000
33.500000, -94.239800, -179.400000, 0.000000, 0.190750,0.002540,0.207561, 0.002901,1000
33.500000, -95.239800, -179.400000, 0.000000, 0.231445,0.002497,0.254031, 0.002851,1000
33.500000, -96.239800, -179.400000, 0.000000, 0.256384,0.002688,0.282508, 0.003069,1000
33.500000, -97.239800, -179.400000, 0.000000, 0.267984,0.002636,0.295754, 0.003010,1000
33.500000, -98.239800, -179.400000, 0.000000, 0.269274,0.002571,0.297227, 0.002935,1000
33.500000, -99.239800, -179.400000, 0.000000, 0.260215,0.002602,0.286883, 0.002971,1000
33.500000, -100.239800, -179.400000, 0.000000, 0.239203,0.002606,0.262889, 0.002976,1000
33.500000, -101.239800, -179.400000, 0.000000, 0.203246,0.002580,0.221831, 0.002946,1000
33.500000, -102.239800, -179.400000, 0.000000, 0.153768,0.002716,0.165332, 0.003101,1000
33.500000, -103.239800, -179.400000, 0.000000, 0.101288,0.002590,0.105405, 0.002958,1000
33.500000, -104.239800, -179.400000, 0.000000, 0.060759,0.002557,0.059126, 0.002920,1000
33.500000, -105.239800, -179.400000, 0.000000, 0.035433,0.002478,0.030207, 0.002830,1000
33.500000, -106.239800, -179.400000, 0.000000, 0.021413,0.002522,0.014197, 0.002880,1000
33.500000, -107.239800, -179.400000, 0.000000, 0.013372,0.002585,0.005015, 0.002952,1000
33.500000, -108.239800, -179.400000, 0.000000, 0.008906,0.002403,-0.000084, 0.002744,1000
33.500000, -109.239800, -179.400000, 0.000000, 0.006469,0.002045,-0.002867, 0.002336,1000
33.500000, -110.239800, -179.400000, 0.000000, 0.005298,0.002217,-0.004205, 0.002532,1000
33.500000, -111.239800, -179.400000, 0.000000, 0.004727,0.002243,-0.004856, 0.002561,1000
33.500000, -112.239800, -179.400000, 0.000000, 0.004470,0.002305,-0.005150, 0.002632,1000
33.500000, -113.239800, -179.400000, 0.000000, 0.004639,0.002232,-0.004957, 0.002548,1000
33.500000, -113.760200, -179.400000, 0.000000, 0.004673,0.002321,-0.004917, 0.002650,1000
