17.739800, -98.000000, -179.400000, 0.000000, 0.005345,0.002309,-0.004151, 0.002637,1000
18.739800, -98.000000, -179.400000, 0.000000, 0.005524,0.002194,-0.003946, 0.002506,1000
19.739800, -98.000000, -179.400000, 0.000000, 0.005824,0.002259,-0.003604, 0.002579,1000
20.739800, -98.000000, -179.400000, 0.000000, 0.006571,0.002200,-0.002750, 0.002512,1000
21.739800, -98.000000, -179.400000, 0.000000, 0.007988,0.002252,-0.001133, 0.002572,1000
22.739800, -98.000000, -179.400000, 0.000000, 0.010660,0.002472,0.001919, 0.002823,1000
23.739800, -98.000000, -179.400000, 0.000000, 0.015317,0.002453,0.007236, 0.002801,1000
24.739800, -98.000000, -179.400000, 0.000000, 0.023079,0.002460,0.016100, 0.002809,1000
25.739800, -98.000000, -179.400000, 0.000000, 0.036947,0.002545,0.031936, 0.002906,1000
26.739800, -98.000000, -179.400000, 0.000000, 0.061235,0.002505,0.059670, 0.002860,1000
27.739800, -98.000000, -179.400000, 0.000000, 0.099895,0.002513,0.103816, 0.002870,1000
28.739800, -98.000000, -179.400000, 0.000000, 0.150496,0.002543,0.161596, 0.002904,1000
29.739800, -98.000000, -179.400000, 0.000000, 0.198862,0.002484,0.216825, 0.002836,1000
30.739800, -98.000000, -179.400000, 0.000000, 0.235435,0.002635,0.258587, 0.003009,1000
31.739800, -98.000000, -179.400000, 0.000000, 0.257706,0.002669,0.284018, 0.003048,1000
32.739800, -98.000000, -179.400000, 0.000000, 0.268668,0.002598,0.296535, 0.002967,1000
33.739800, -98.000000, -179.400000, 0.000000, 0.268609,0.002551,0.296468, 0.002913,1000
34.739800, -98.000000, -179.400000, 0.000000, 0.256588,0.002677,0.282741, 0.003057,1000
35.739800, -98.000000, -179.400000, 0.000000, 0.231245,0.002576,0.253803, 0.002942,1000
36.739800, -98.000000, -179.400000, 0.000000, 0.191574,0.002577,0.208502, 0.002943,1000
37.739800, -98.000000, -179.400000, 0.000000, 0.140775,0.002513,0.150495, 0.002870,1000
38.739800, -98.000000, -179.400000, 0.000000, 0.093357,0.002557,0.096350, 0.002919,1000
39.739800, -98.000000, -179.400000, 0.000000, 0.058867,0.002570,0.056966, 0.002935,1000
40.739800, -98.000000, -179.400000, 0.000000, 0.037229,0.002499,0.032257, 0.002853,1000
41.739800, -98.000000, -179.400000, 0.000000, 0.024196,0.002405,0.017375, 0.002747,1000
42.739800, -98.000000, -179.400000, 0.000000, 0.016250,0.002431,0.008302, 0.002776,1000
43.739800, -98.000000, -179.400000, 0.000000, 0.011638,0.002583,0.003036, 0.002949,1000
44.739800, -98.000000, -179.400000, 0.000000, 0.008844,0.002351,-0.000155, 0.002685,1000
45.739800, -98.000000, -179.400000, 0.000000, 0.007376,0.002171,-0.001831, 0.002479,1000
46.739800, -98.000000, -179.400000, 0.000000, 0.006524,0.002322,-0.002804, 0.002652,1000
47.739800, -98.000000, -179.400000, 0.000000, 0.006171,0.002206,-0.003207, 0.002519,1000
48.739800, -98.000000, -179.400000, 0.000000, 0.005966,0.002264,-0.003441, 0.002586,1000
49.260200, -98.000000, -179.400000, 0.000000, 0.006012,0.002249,-0.003389, 0.002568,1000
