34.200000,-90.450000,-177.900000,0.304600,0.002733,1000.000000,0.337570
34.200000,-90.450000,-177.900000,0.304460,0.002680,1000.000000,0.337400
34.200000,-90.450000,-177.900000,0.304200,0.002676,1000.000000,0.337110
34.200000,-90.450000,-177.900000,0.304040,0.002670,1000.000000,0.336930
34.200000,-90.450000,-177.900000,0.303890,0.002785,1000.000000,0.336750
34.200000,-90.450000,-177.900000,0.303670,0.002649,1000.000000,0.336500
34.200000,-90.450000,-177.900000,0.303500,0.002736,1000.000000,0.336310
34.200000,-90.450000,-177.900000,0.303230,0.002644,1000.000000,0.336000
34.200000,-90.450000,-177.900000,0.303080,0.002591,1000.000000,0.335830
34.200000,-90.450000,-177.900000,0.302830,0.002670,1000.000000,0.335550
34.200000,-90.450000,-177.900000,0.302610,0.002739,1000.000000,0.335290
34.200000,-90.450000,-177.900000,0.302360,0.002652,1000.000000,0.335010
34.200000,-90.450000,-177.900000,0.302150,0.002706,1000.000000,0.334770
34.200000,-90.450000,-177.900000,0.301950,0.002697,1000.000000,0.334540
34.200000,-90.450000,-177.900000,0.301780,0.002780,1000.000000,0.334350
34.200000,-90.450000,-177.900000,0.301560,0.002617,1000.000000,0.334090
34.200000,-90.450000,-177.900000,0.301400,0.002667,1000.000000,0.333910
34.200000,-90.450000,-177.900000,0.301220,0.002655,1000.000000,0.333700
34.200000,-90.450000,-177.900000,0.301010,0.002714,1000.000000,0.333470
34.200000,-90.450000,-177.900000,0.300870,0.002605,1000.000000,0.333310
34.200000,-90.450000,-177.900000,0.300770,0.002653,1000.000000,0.333190
34.200000,-90.450000,-177.900000,0.300670,0.002660,1000.000000,0.333080
34.200000,-90.450000,-177.900000,0.300670,0.002547,1000.000000,0.333080
34.200000,-90.450000,-177.900000,0.300560,0.002712,1000.000000,0.332950
34.200000,-90.450000,-177.900000,0.300610,0.002705,1000.000000,0.333010
34.200000,-90.450000,-177.900000,0.300600,0.002587,1000.000000,0.333000
34.200000,-90.450000,-177.900000,0.300640,0.002641,1000.000000,0.333040
34.200000,-90.450000,-177.900000,0.300710,0.002477,1000.000000,0.333130
34.200000,-90.450000,-177.900000,0.300780,0.002667,1000.000000,0.333200
34.200000,-90.450000,-177.900000,0.300960,0.002637,1000.000000,0.333400
34.200000,-90.450000,-177.900000,0.301060,0.002753,1000.000000,0.333520
34.200000,-90.450000,-177.900000,0.301200,0.002647,1000.000000,0.333680
34.200000,-90.450000,-177.900000,0.301380,0.002667,1000.000000,0.333890
34.200000,-90.450000,-177.900000,0.301540,0.002613,1000.000000,0.334070
34.200000,-90.450000,-177.900000,0.301720,0.002659,1000.000000,0.334270
34.200000,-90.450000,-177.900000,0.301900,0.002586,1000.000000,0.334490
34.200000,-90.450000,-177.900000,0.302150,0.002628,1000.000000,0.334770
34.200000,-90.450000,-177.900000,0.302410,0.002674,1000.000000,0.335070
34.200000,-90.450000,-177.900000,0.302590,0.002623,1000.000000,0.335270
34.200000,-90.450000,-177.900000,0.302770,0.002603,1000.000000,0.335480
34.200000,-90.450000,-177.900000,0.302930,0.002620,1000.000000,0.335660
34.200000,-90.450000,-177.900000,0.303200,0.002618,1000.000000,0.335960
34.200000,-90.450000,-177.900000,0.303320,0.002763,1000.000000,0.336100
34.200000,-90.450000,-177.900000,0.303620,0.002700,1000.000000,0.336450
34.200000,-90.450000,-177.900000,0.303810,0.002636,1000.000000,0.336670
34.200000,-90.450000,-177.900000,0.303970,0.002689,1000.000000,0.336850
34.200000,-90.450000,-177.900000,0.304170,0.002786,1000.000000,0.337070
34.200000,-90.450000,-177.900000,0.304380,0.002742,1000.000000,0.337310
34.200000,-90.450000,-177.900000,0.304550,0.002642,1000.000000,0.337510
34.200000,-90.450000,-177.900000,0.304690,0.002760,1000.000000,0.337670
34.200000,-90.450000,-177.900000,0.304870,0.002791,1000.000000,0.337870
34.200000,-90.450000,-177.900000,0.305100,0.002699,1000.000000,0.338130
34.200000,-90.450000,-177.900000,0.305210,0.002636,1000.000000,0.338270
34.200000,-90.450000,-177.900000,0.305320,0.002796,1000.000000,0.338390
34.200000,-90.450000,-177.900000,0.305510,0.002674,1000.000000,0.338600
34.200000,-90.450000,-177.900000,0.305680,0.002742,1000.000000,0.338800
34.200000,-90.450000,-177.900000,0.305780,0.002704,1000.000000,0.338920
34.200000,-90.450000,-177.900000,0.305940,0.002574,1000.000000,0.339100
34.200000,-90.450000,-177.900000,0.306100,0.002841,1000.000000,0.339280
34.200000,-90.450000,-177.900000,0.306190,0.002774,1000.000000,0.339380
34.200000,-90.450000,-177.900000,0.306380,0.002671,1000.000000,0.339600
34.200000,-90.450000,-177.900000,0.306450,0.002689,1000.000000,0.339670
34.200000,-90.450000,-177.900000,0.306530,0.002674,1000.000000,0.339770
34.200000,-90.450000,-177.900000,0.306740,0.002787,1000.000000,0.340010
34.200000,-90.450000,-177.900000,0.306810,0.002783,1000.000000,0.340090
34.200000,-90.450000,-177.900000,0.306910,0.002758,1000.000000,0.340210
34.200000,-90.450000,-177.900000,0.307010,0.002745,1000.000000,0.340320
34.200000,-90.450000,-177.900000,0.307170,0.002690,1000.000000,0.340500
34.200000,-90.450000,-177.900000,0.307280,0.002699,1000.000000,0.340630
34.200000,-90.450000,-177.900000,0.307280,0.002633,1000.000000,0.340630
34.200000,-90.450000,-177.900000,0.307420,0.002769,1000.000000,0.340780
34.200000,-90.450000,-177.900000,0.307500,0.002639,1000.000000,0.340880
34.200000,-90.450000,-177.900000,0.307660,0.002602,1000.000000,0.341050
34.200000,-90.450000,-177.900000,0.307670,0.002683,1000.000000,0.341070
34.200000,-90.450000,-177.900000,0.307750,0.002598,1000.000000,0.341160
34.200000,-90.450000,-177.900000,0.307880,0.002666,1000.000000,0.341310
34.200000,-90.450000,-177.900000,0.307930,0.002698,1000.000000,0.341360
34.200000,-90.450000,-177.900000,0.308040,0.002628,1000.000000,0.341500
34.200000,-90.450000,-177.900000,0.308050,0.002737,1000.000000,0.341510
34.200000,-90.450000,-177.900000,0.308130,0.002735,1000.000000,0.341600
34.200000,-90.450000,-177.900000,0.308230,0.002614,1000.000000,0.341710
34.200000,-90.450000,-177.900000,0.308260,0.002758,1000.000000,0.341750
34.200000,-90.450000,-177.900000,0.308320,0.002686,1000.000000,0.341810
34.200000,-90.450000,-177.900000,0.308450,0.002633,1000.000000,0.341960
34.200000,-90.450000,-177.900000,0.308520,0.002638,1000.000000,0.342040
34.200000,-90.450000,-177.900000,0.308510,0.002683,1000.000000,0.342030
34.200000,-90.450000,-177.900000,0.308630,0.002711,1000.000000,0.342170
34.200000,-90.450000,-177.900000,0.308610,0.002803,1000.000000,0.342150
34.200000,-90.450000,-177.900000,0.308680,0.002770,1000.000000,0.342220
34.200000,-90.450000,-177.900000,0.308810,0.002629,1000.000000,0.342370
34.200000,-90.450000,-177.900000,0.308880,0.002742,1000.000000,0.342450
34.200000,-90.450000,-177.900000,0.309010,0.002700,1000.000000,0.342600
34.200000,-90.450000,-177.900000,0.309000,0.002697,1000.000000,0.342590
34.200000,-90.450000,-177.900000,0.309090,0.002825,1000.000000,0.342700
34.200000,-90.450000,-177.900000,0.309140,0.002734,1000.000000,0.342750
34.200000,-90.450000,-177.900000,0.309300,0.002687,1000.000000,0.342940
34.200000,-90.450000,-177.900000,0.309340,0.002711,1000.000000,0.342980
34.200000,-90.450000,-177.900000,0.309410,0.002601,1000.000000,0.343050
34.200000,-90.450000,-177.900000,0.309450,0.002614,1000.000000,0.343100
34.200000,-90.450000,-177.900000,0.309500,0.002677,1000.000000,0.343160
34.200000,-90.450000,-177.900000,0.309510,0.002646,1000.000000,0.343170
34.200000,-90.450000,-177.900000,0.309600,0.002635,1000.000000,0.343280
34.200000,-90.450000,-177.900000,0.309610,0.002718,1000.000000,0.343290
34.200000,-90.450000,-177.900000,0.309610,0.002648,1000.000000,0.343290
34.200000,-90.450000,-177.900000,0.309610,0.002698,1000.000000,0.343280
34.200000,-90.450000,-177.900000,0.309620,0.002712,1000.000000,0.343300
34.200000,-90.450000,-177.900000,0.309630,0.002696,1000.000000,0.343310
34.200000,-90.450000,-177.900000,0.309610,0.002695,1000.000000,0.343290
34.200000,-90.450000,-177.900000,0.309540,0.002693,1000.000000,0.343200
34.200000,-90.450000,-177.900000,0.309600,0.002588,1000.000000,0.343270
34.200000,-90.450000,-177.900000,0.309500,0.002804,1000.000000,0.343160
34.200000,-90.450000,-177.900000,0.309460,0.002719,1000.000000,0.343110
34.200000,-90.450000,-177.900000,0.309480,0.002616,1000.000000,0.343130
34.200000,-90.450000,-177.900000,0.309270,0.002689,1000.000000,0.342900
34.200000,-90.450000,-177.900000,0.309290,0.002683,1000.000000,0.342920
34.200000,-90.450000,-177.900000,0.309160,0.002659,1000.000000,0.342770
34.200000,-90.450000,-177.900000,0.309060,0.002529,1000.000000,0.342660
34.200000,-90.450000,-177.900000,0.308870,0.002764,1000.000000,0.342440
34.200000,-90.450000,-177.900000,0.308790,0.002667,1000.000000,0.342350
34.200000,-90.450000,-177.900000,0.308700,0.002653,1000.000000,0.342240
34.200000,-90.450000,-177.900000,0.308560,0.002670,1000.000000,0.342090
34.200000,-90.450000,-177.900000,0.308350,0.002650,1000.000000,0.341850
34.200000,-90.450000,-177.900000,0.308230,0.002635,1000.000000,0.341710
34.200000,-90.450000,-177.900000,0.308110,0.002748,1000.000000,0.341580
34.200000,-90.450000,-177.900000,0.307950,0.002665,1000.000000,0.341380
34.200000,-90.450000,-177.900000,0.307850,0.002678,1000.000000,0.341280
34.200000,-90.450000,-177.900000,0.307710,0.002691,1000.000000,0.341120
34.200000,-90.450000,-177.900000,0.307520,0.002705,1000.000000,0.340900
34.200000,-90.450000,-177.900000,0.307360,0.002775,1000.000000,0.340720
34.200000,-90.450000,-177.900000,0.307210,0.002777,1000.000000,0.340550
34.200000,-90.450000,-177.900000,0.307160,0.002691,1000.000000,0.340480
34.200000,-90.450000,-177.900000,0.307040,0.002695,1000.000000,0.340360
34.200000,-90.450000,-177.900000,0.307000,0.002648,1000.000000,0.340300
34.200000,-90.450000,-177.900000,0.306920,0.002694,1000.000000,0.340220
34.200000,-90.450000,-177.900000,0.306860,0.002693,1000.000000,0.340150
34.200000,-90.450000,-177.900000,0.306800,0.002772,1000.000000,0.340070
34.200000,-90.450000,-177.900000,0.306820,0.002628,1000.000000,0.340100
34.200000,-90.450000,-177.900000,0.306770,0.002769,1000.000000,0.340040
34.200000,-90.450000,-177.900000,0.306780,0.002671,1000.000000,0.340060
34.200000,-90.450000,-177.900000,0.306760,0.002678,1000.000000,0.340040
34.200000,-90.450000,-177.900000,0.306770,0.002705,1000.000000,0.340040
34.200000,-90.450000,-177.900000,0.306810,0.002811,1000.000000,0.340090
34.200000,-90.450000,-177.900000,0.306770,0.002715,1000.000000,0.340040
34.200000,-90.450000,-177.900000,0.306850,0.002560,1000.000000,0.340140
34.200000,-90.450000,-177.900000,0.306870,0.002663,1000.000000,0.340160
34.200000,-90.450000,-177.900000,0.306780,0.002623,1000.000000,0.340060
34.200000,-90.450000,-177.900000,0.306870,0.002683,1000.000000,0.340160
34.200000,-90.450000,-177.900000,0.306930,0.002654,1000.000000,0.340230
34.200000,-90.450000,-177.900000,0.307010,0.002808,1000.000000,0.340310
34.200000,-90.450000,-177.900000,0.306930,0.002693,1000.000000,0.340220
34.200000,-90.450000,-177.900000,0.306940,0.002484,1000.000000,0.340240
34.200000,-90.450000,-177.900000,0.306940,0.002632,1000.000000,0.340240
34.200000,-90.450000,-177.900000,0.306980,0.002713,1000.000000,0.340280
34.200000,-90.450000,-177.900000,0.306820,0.002662,1000.000000,0.340100
34.200000,-90.450000,-177.900000,0.306820,0.002729,1000.000000,0.340100
34.200000,-90.450000,-177.900000,0.306740,0.002751,1000.000000,0.340010
34.200000,-90.450000,-177.900000,0.306770,0.002795,1000.000000,0.340050
34.200000,-90.450000,-177.900000,0.306660,0.002689,1000.000000,0.339920
34.200000,-90.450000,-177.900000,0.306600,0.002805,1000.000000,0.339850
34.200000,-90.450000,-177.900000,0.306560,0.002613,1000.000000,0.339800
34.200000,-90.450000,-177.900000,0.306550,0.002726,1000.000000,0.339790
34.200000,-90.450000,-177.900000,0.306420,0.002798,1000.000000,0.339650
34.200000,-90.450000,-177.900000,0.306390,0.002598,1000.000000,0.339610
34.200000,-90.450000,-177.900000,0.306360,0.002736,1000.000000,0.339570
34.200000,-90.450000,-177.900000,0.306370,0.002745,1000.000000,0.339580
34.200000,-90.450000,-177.900000,0.306230,0.002679,1000.000000,0.339430
34.200000,-90.450000,-177.900000,0.306170,0.002641,1000.000000,0.339350
34.200000,-90.450000,-177.900000,0.306130,0.002762,1000.000000,0.339310
34.200000,-90.450000,-177.900000,0.306090,0.002654,1000.000000,0.339270
34.200000,-90.450000,-177.900000,0.306060,0.002717,1000.000000,0.339230
34.200000,-90.450000,-177.900000,0.305960,0.002804,1000.000000,0.339120
34.200000,-90.450000,-177.900000,0.306000,0.002840,1000.000000,0.339160
34.200000,-90.450000,-177.900000,0.305970,0.002662,1000.000000,0.339140
34.200000,-90.450000,-177.900000,0.305990,0.002594,1000.000000,0.339150
34.200000,-90.450000,-177.900000,0.305930,0.002743,1000.000000,0.339080
34.200000,-90.450000,-177.900000,0.305910,0.002725,1000.000000,0.339060
34.200000,-90.450000,-177.900000,0.305940,0.002659,1000.000000,0.339100
34.200000,-90.450000,-177.900000,0.305870,0.002813,1000.000000,0.339010
34.200000,-90.450000,-177.900000,0.305890,0.002758,1000.000000,0.339040
34.200000,-90.450000,-177.900000,0.305890,0.002743,1000.000000,0.339030
34.200000,-90.450000,-177.900000,0.305900,0.002710,1000.000000,0.339050
34.200000,-90.450000,-177.900000,0.305830,0.002770,1000.000000,0.338970
34.200000,-90.450000,-177.900000,0.305830,0.002580,1000.000000,0.338970
34.200000,-90.450000,-177.900000,0.305810,0.002776,1000.000000,0.338950
34.200000,-90.450000,-177.900000,0.305830,0.002635,1000.000000,0.338970
34.200000,-90.450000,-177.900000,0.305700,0.002749,1000.000000,0.338820
34.200000,-90.450000,-177.900000,0.305700,0.002718,1000.000000,0.338820
34.200000,-90.450000,-177.900000,0.305690,0.002748,1000.000000,0.338810
34.200000,-90.450000,-177.900000,0.305620,0.002586,1000.000000,0.338730
34.200000,-90.450000,-177.900000,0.305570,0.002676,1000.000000,0.338670
34.200000,-90.450000,-177.900000,0.305460,0.002599,1000.000000,0.338550
34.200000,-90.450000,-177.900000,0.305490,0.002609,1000.000000,0.338590
34.200000,-90.450000,-177.900000,0.305370,0.002765,1000.000000,0.338450
34.200000,-90.450000,-177.900000,0.305270,0.002739,1000.000000,0.338320
34.200000,-90.450000,-177.900000,0.305260,0.002728,1000.000000,0.338320
34.200000,-90.450000,-177.900000,0.305110,0.002732,1000.000000,0.338150
34.200000,-90.450000,-177.900000,0.305000,0.002711,1000.000000,0.338030
34.200000,-90.450000,-177.900000,0.304920,0.002727,1000.000000,0.337930
34.200000,-90.450000,-177.900000,0.304860,0.002631,1000.000000,0.337870
34.200000,-90.450000,-177.900000,0.304760,0.002636,1000.000000,0.337750
34.200000,-91.450000,-177.900000,0.308550,0.002656,1000.000000,0.342080
34.200000,-91.450000,-177.900000,0.308480,0.002681,1000.000000,0.341990
34.200000,-91.450000,-177.900000,0.308360,0.002720,1000.000000,0.341860
34.200000,-91.450000,-177.900000,0.308200,0.002779,1000.000000,0.341670
34.200000,-91.450000,-177.900000,0.308080,0.002755,1000.000000,0.341540
34.200000,-91.450000,-177.900000,0.307950,0.002647,1000.000000,0.341390
34.200000,-91.450000,-177.900000,0.307800,0.002718,1000.000000,0.341220
34.200000,-91.450000,-177.900000,0.307630,0.002783,1000.000000,0.341030
34.200000,-91.450000,-177.900000,0.307430,0.002710,1000.000000,0.340800
34.200000,-91.450000,-177.900000,0.307350,0.002748,1000.000000,0.340710
34.200000,-91.450000,-177.900000,0.307160,0.002691,1000.000000,0.340490
34.200000,-91.450000,-177.900000,0.307080,0.002698,1000.000000,0.340400
34.200000,-91.450000,-177.900000,0.306900,0.002695,1000.000000,0.340190
34.200000,-91.450000,-177.900000,0.306740,0.002695,1000.000000,0.340010
34.200000,-91.450000,-177.900000,0.306680,0.002630,1000.000000,0.339950
34.200000,-91.450000,-177.900000,0.306530,0.002678,1000.000000,0.339770
34.200000,-91.450000,-177.900000,0.306440,0.002721,1000.000000,0.339660
34.200000,-91.450000,-177.900000,0.306210,0.002654,1000.000000,0.339400
34.200000,-91.450000,-177.900000,0.306190,0.002617,1000.000000,0.339380
34.200000,-91.450000,-177.900000,0.306030,0.002608,1000.000000,0.339200
34.200000,-91.450000,-177.900000,0.305950,0.002698,1000.000000,0.339100
34.200000,-91.450000,-177.900000,0.305880,0.002656,1000.000000,0.339020
34.200000,-91.450000,-177.900000,0.305770,0.002704,1000.000000,0.338910
34.200000,-91.450000,-177.900000,0.305740,0.002683,1000.000000,0.338870
34.200000,-91.450000,-177.900000,0.305670,0.002647,1000.000000,0.338790
34.200000,-91.450000,-177.900000,0.305650,0.002707,1000.000000,0.338770
34.200000,-91.450000,-177.900000,0.305660,0.002558,1000.000000,0.338770
34.200000,-91.450000,-177.900000,0.305680,0.002633,1000.000000,0.338800
34.200000,-91.450000,-177.900000,0.305710,0.002694,1000.000000,0.338830
34.200000,-91.450000,-177.900000,0.305750,0.002691,1000.000000,0.338880
34.200000,-91.450000,-177.900000,0.305790,0.002708,1000.000000,0.338930
34.200000,-91.450000,-177.900000,0.305840,0.002706,1000.000000,0.338980
34.200000,-91.450000,-177.900000,0.305890,0.002608,1000.000000,0.339040
34.200000,-91.450000,-177.900000,0.306010,0.002635,1000.000000,0.339170
34.200000,-91.450000,-177.900000,0.306090,0.002779,1000.000000,0.339270
34.200000,-91.450000,-177.900000,0.306190,0.002670,1000.000000,0.339380
34.200000,-91.450000,-177.900000,0.306310,0.002609,1000.000000,0.339520
34.200000,-91.450000,-177.900000,0.306490,0.002658,1000.000000,0.339720
34.200000,-91.450000,-177.900000,0.306600,0.002610,1000.000000,0.339850
34.200000,-91.450000,-177.900000,0.306740,0.002768,1000.000000,0.340020
34.200000,-91.450000,-177.900000,0.306840,0.002719,1000.000000,0.340120
34.200000,-91.450000,-177.900000,0.306980,0.002658,1000.000000,0.340280
34.200000,-91.450000,-177.900000,0.307190,0.002684,1000.000000,0.340520
34.200000,-91.450000,-177.900000,0.307280,0.002690,1000.000000,0.340630
34.200000,-91.450000,-177.900000,0.307450,0.002693,1000.000000,0.340820
34.200000,-91.450000,-177.900000,0.307500,0.002803,1000.000000,0.340880
34.200000,-91.450000,-177.900000,0.307750,0.002635,1000.000000,0.341160
34.200000,-91.450000,-177.900000,0.307910,0.002696,1000.000000,0.341350
34.200000,-91.450000,-177.900000,0.308020,0.002727,1000.000000,0.341470
34.200000,-91.450000,-177.900000,0.308170,0.002701,1000.000000,0.341640
34.200000,-91.450000,-177.900000,0.308290,0.002677,1000.000000,0.341790
34.200000,-91.450000,-177.900000,0.308490,0.002608,1000.000000,0.342000
34.200000,-91.450000,-177.900000,0.308610,0.002694,1000.000000,0.342150
34.200000,-91.450000,-177.900000,0.308760,0.002635,1000.000000,0.342320
34.200000,-91.450000,-177.900000,0.308830,0.002678,1000.000000,0.342400
34.200000,-91.450000,-177.900000,0.309020,0.002726,1000.000000,0.342610
34.200000,-91.450000,-177.900000,0.309140,0.002691,1000.000000,0.342750
34.200000,-91.450000,-177.900000,0.309250,0.002660,1000.000000,0.342880
34.200000,-91.450000,-177.900000,0.309290,0.002646,1000.000000,0.342920
34.200000,-91.450000,-177.900000,0.309390,0.002570,1000.000000,0.343030
34.200000,-91.450000,-177.900000,0.309510,0.002696,1000.000000,0.343180
34.200000,-91.450000,-177.900000,0.309640,0.002691,1000.000000,0.343320
34.200000,-91.450000,-177.900000,0.309580,0.002680,1000.000000,0.343250
34.200000,-91.450000,-177.900000,0.309690,0.002715,1000.000000,0.343380
34.200000,-91.450000,-177.900000,0.309830,0.002611,1000.000000,0.343540
34.200000,-91.450000,-177.900000,0.309850,0.002724,1000.000000,0.343560
34.200000,-91.450000,-177.900000,0.309910,0.002616,1000.000000,0.343630
34.200000,-91.450000,-177.900000,0.309930,0.002594,1000.000000,0.343650
34.200000,-91.450000,-177.900000,0.310020,0.002684,1000.000000,0.343760
34.200000,-91.450000,-177.900000,0.310080,0.002628,1000.000000,0.343830
34.200000,-91.450000,-177.900000,0.310130,0.002561,1000.000000,0.343880
34.200000,-91.450000,-177.900000,0.310170,0.002632,1000.000000,0.343930
34.200000,-91.450000,-177.900000,0.310070,0.002636,1000.000000,0.343810
34.200000,-91.450000,-177.900000,0.310240,0.002651,1000.000000,0.344010
34.200000,-91.450000,-177.900000,0.310230,0.002671,1000.000000,0.343990
34.200000,-91.450000,-177.900000,0.310250,0.002645,1000.000000,0.344020
34.200000,-91.450000,-177.900000,0.310150,0.002680,1000.000000,0.343910
34.200000,-91.450000,-177.900000,0.310260,0.002616,1000.000000,0.344030
34.200000,-91.450000,-177.900000,0.310210,0.002573,1000.000000,0.343970
34.200000,-91.450000,-177.900000,0.310200,0.002650,1000.000000,0.343960
34.200000,-91.450000,-177.900000,0.310150,0.002666,1000.000000,0.343900
34.200000,-91.450000,-177.900000,0.310240,0.002691,1000.000000,0.344000
34.200000,-91.450000,-177.900000,0.310250,0.002760,1000.000000,0.344020
34.200000,-91.450000,-177.900000,0.310260,0.002712,1000.000000,0.344030
34.200000,-91.450000,-177.900000,0.310290,0.002557,1000.000000,0.344060
34.200000,-91.450000,-177.900000,0.310270,0.002642,1000.000000,0.344030
34.200000,-91.450000,-177.900000,0.310340,0.002605,1000.000000,0.344120
34.200000,-91.450000,-177.900000,0.310260,0.002662,1000.000000,0.344030
34.200000,-91.450000,-177.900000,0.310390,0.002631,1000.000000,0.344180
34.200000,-91.450000,-177.900000,0.310330,0.002808,1000.000000,0.344110
34.200000,-91.450000,-177.900000,0.310430,0.002678,1000.000000,0.344220
34.200000,-91.450000,-177.900000,0.310440,0.002652,1000.000000,0.344230
34.200000,-91.450000,-177.900000,0.310490,0.002669,1000.000000,0.344300
34.200000,-91.450000,-177.900000,0.310580,0.002595,1000.000000,0.344400
34.200000,-91.450000,-177.900000,0.310650,0.002539,1000.000000,0.344470
34.200000,-91.450000,-177.900000,0.310610,0.002660,1000.000000,0.344430
34.200000,-91.450000,-177.900000,0.310710,0.002685,1000.000000,0.344540
34.200000,-91.450000,-177.900000,0.310770,0.002611,1000.000000,0.344610
34.200000,-91.450000,-177.900000,0.310820,0.002615,1000.000000,0.344660
34.200000,-91.450000,-177.900000,0.310840,0.002633,1000.000000,0.344690
34.200000,-91.450000,-177.900000,0.310890,0.002661,1000.000000,0.344750
34.200000,-91.450000,-177.900000,0.310900,0.002718,1000.000000,0.344760
34.200000,-91.450000,-177.900000,0.310970,0.002738,1000.000000,0.344840
34.200000,-91.450000,-177.900000,0.311040,0.002685,1000.000000,0.344910
34.200000,-91.450000,-177.900000,0.311050,0.002586,1000.000000,0.344930
34.200000,-91.450000,-177.900000,0.310930,0.002766,1000.000000,0.344800
34.200000,-91.450000,-177.900000,0.310990,0.002644,1000.000000,0.344870
34.200000,-91.450000,-177.900000,0.311050,0.002632,1000.000000,0.344930
34.200000,-91.450000,-177.900000,0.311040,0.002686,1000.000000,0.344920
34.200000,-91.450000,-177.900000,0.310990,0.002666,1000.000000,0.344870
34.200000,-91.450000,-177.900000,0.310990,0.002610,1000.000000,0.344870
34.200000,-91.450000,-177.900000,0.310990,0.002665,1000.000000,0.344860
34.200000,-91.450000,-177.900000,0.310980,0.002575,1000.000000,0.344850
34.200000,-91.450000,-177.900000,0.310920,0.002761,1000.000000,0.344780
34.200000,-91.450000,-177.900000,0.310890,0.002737,1000.000000,0.344750
34.200000,-91.450000,-177.900000,0.310750,0.002738,1000.000000,0.344580
34.200000,-91.450000,-177.900000,0.310800,0.002734,1000.000000,0.344650
34.200000,-91.450000,-177.900000,0.310670,0.002646,1000.000000,0.344500
34.200000,-91.450000,-177.900000,0.310530,0.002616,1000.000000,0.344330
34.200000,-91.450000,-177.900000,0.310510,0.002613,1000.000000,0.344310
34.200000,-91.450000,-177.900000,0.310340,0.002679,1000.000000,0.344130
34.200000,-91.450000,-177.900000,0.310340,0.002705,1000.000000,0.344120
34.200000,-91.450000,-177.900000,0.310240,0.002590,1000.000000,0.344000
34.200000,-91.450000,-177.900000,0.310130,0.002636,1000.000000,0.343880
34.200000,-91.450000,-177.900000,0.310040,0.002631,1000.000000,0.343780
34.200000,-91.450000,-177.900000,0.309940,0.002651,1000.000000,0.343670
34.200000,-91.450000,-177.900000,0.309850,0.002701,1000.000000,0.343560
34.200000,-91.450000,-177.900000,0.309730,0.002787,1000.000000,0.343420
34.200000,-91.450000,-177.900000,0.309660,0.002686,1000.000000,0.343340
34.200000,-91.450000,-177.900000,0.309570,0.002646,1000.000000,0.343240
34.200000,-91.450000,-177.900000,0.309570,0.002698,1000.000000,0.343240
34.200000,-91.450000,-177.900000,0.309500,0.002547,1000.000000,0.343160
34.200000,-91.450000,-177.900000,0.309430,0.002731,1000.000000,0.343080
34.200000,-91.450000,-177.900000,0.309400,0.002774,1000.000000,0.343050
34.200000,-91.450000,-177.900000,0.309440,0.002765,1000.000000,0.343090
34.200000,-91.450000,-177.900000,0.309390,0.002814,1000.000000,0.343030
34.200000,-91.450000,-177.900000,0.309380,0.002786,1000.000000,0.343020
34.200000,-91.450000,-177.900000,0.309300,0.002630,1000.000000,0.342930
34.200000,-91.450000,-177.900000,0.309380,0.002677,1000.000000,0.343020
34.200000,-91.450000,-177.900000,0.309390,0.002724,1000.000000,0.343040
34.200000,-91.450000,-177.900000,0.309430,0.002803,1000.000000,0.343080
34.200000,-91.450000,-177.900000,0.309540,0.002784,1000.000000,0.343210
34.200000,-91.450000,-177.900000,0.309520,0.002732,1000.000000,0.343180
34.200000,-91.450000,-177.900000,0.309570,0.002720,1000.000000,0.343240
34.200000,-91.450000,-177.900000,0.309580,0.002757,1000.000000,0.343250
34.200000,-91.450000,-177.900000,0.309690,0.002608,1000.000000,0.343380
34.200000,-91.450000,-177.900000,0.309740,0.002734,1000.000000,0.343430
34.200000,-91.450000,-177.900000,0.309900,0.002548,1000.000000,0.343610
34.200000,-91.450000,-177.900000,0.309840,0.002635,1000.000000,0.343550
34.200000,-91.450000,-177.900000,0.309950,0.002649,1000.000000,0.343680
34.200000,-91.450000,-177.900000,0.309980,0.002674,1000.000000,0.343710
34.200000,-91.450000,-177.900000,0.310060,0.002613,1000.000000,0.343800
34.200000,-91.450000,-177.900000,0.310090,0.002713,1000.000000,0.343840
34.200000,-91.450000,-177.900000,0.310180,0.002670,1000.000000,0.343930
34.200000,-91.450000,-177.900000,0.310150,0.002645,1000.000000,0.343910
34.200000,-91.450000,-177.900000,0.310180,0.002717,1000.000000,0.343940
34.200000,-91.450000,-177.900000,0.310220,0.002683,1000.000000,0.343980
34.200000,-91.450000,-177.900000,0.310290,0.002722,1000.000000,0.344060
34.200000,-91.450000,-177.900000,0.310330,0.002572,1000.000000,0.344110
34.200000,-91.450000,-177.900000,0.310310,0.002730,1000.000000,0.344090
34.200000,-91.450000,-177.900000,0.310300,0.002660,1000.000000,0.344080
34.200000,-91.450000,-177.900000,0.310370,0.002535,1000.000000,0.344150
34.200000,-91.450000,-177.900000,0.310440,0.002658,1000.000000,0.344230
34.200000,-91.450000,-177.900000,0.310410,0.002648,1000.000000,0.344200
34.200000,-91.450000,-177.900000,0.310370,0.002606,1000.000000,0.344150
34.200000,-91.450000,-177.900000,0.310430,0.002662,1000.000000,0.344220
34.200000,-91.450000,-177.900000,0.310400,0.002750,1000.000000,0.344190
34.200000,-91.450000,-177.900000,0.310390,0.002617,1000.000000,0.344180
34.200000,-91.450000,-177.900000,0.310400,0.002656,1000.000000,0.344190
34.200000,-91.450000,-177.900000,0.310400,0.002549,1000.000000,0.344190
34.200000,-91.450000,-177.900000,0.310410,0.002678,1000.000000,0.344200
34.200000,-91.450000,-177.900000,0.310410,0.002735,1000.000000,0.344200
34.200000,-91.450000,-177.900000,0.310370,0.002737,1000.000000,0.344160
34.200000,-91.450000,-177.900000,0.310420,0.002530,1000.000000,0.344210
34.200000,-91.450000,-177.900000,0.310400,0.002644,1000.000000,0.344190
34.200000,-91.450000,-177.900000,0.310420,0.002574,1000.000000,0.344210
34.200000,-91.450000,-177.900000,0.310340,0.002626,1000.000000,0.344120
34.200000,-91.450000,-177.900000,0.310300,0.002649,1000.000000,0.344080
34.200000,-91.450000,-177.900000,0.310220,0.002671,1000.000000,0.343990
34.200000,-91.450000,-177.900000,0.310220,0.002684,1000.000000,0.343980
34.200000,-91.450000,-177.900000,0.310230,0.002582,1000.000000,0.343990
34.200000,-91.450000,-177.900000,0.310220,0.002702,1000.000000,0.343980
34.200000,-91.450000,-177.900000,0.310140,0.002770,1000.000000,0.343890
34.200000,-91.450000,-177.900000,0.310070,0.002580,1000.000000,0.343810
34.200000,-91.450000,-177.900000,0.310020,0.002730,1000.000000,0.343750
34.200000,-91.450000,-177.900000,0.310060,0.002622,1000.000000,0.343800
34.200000,-91.450000,-177.900000,0.309930,0.002632,1000.000000,0.343650
34.200000,-91.450000,-177.900000,0.309860,0.002696,1000.000000,0.343570
34.200000,-91.450000,-177.900000,0.309870,0.002701,1000.000000,0.343580
34.200000,-91.450000,-177.900000,0.309790,0.002680,1000.000000,0.343490
34.200000,-91.450000,-177.900000,0.309680,0.002607,1000.000000,0.343370
34.200000,-91.450000,-177.900000,0.309610,0.002714,1000.000000,0.343290
34.200000,-91.450000,-177.900000,0.309550,0.002697,1000.000000,0.343210
34.200000,-91.450000,-177.900000,0.309430,0.002816,1000.000000,0.343080
34.200000,-91.450000,-177.900000,0.309380,0.002645,1000.000000,0.343030
34.200000,-91.450000,-177.900000,0.309230,0.002711,1000.000000,0.342860
34.200000,-91.450000,-177.900000,0.309140,0.002699,1000.000000,0.342750
34.200000,-91.450000,-177.900000,0.308990,0.002691,1000.000000,0.342580
34.200000,-91.450000,-177.900000,0.308880,0.002632,1000.000000,0.342450
34.200000,-91.450000,-177.900000,0.308780,0.002688,1000.000000,0.342350
34.200000,-92.450000,-177.900000,0.310250,0.002675,1000.000000,0.344020
34.200000,-92.450000,-177.900000,0.310190,0.002640,1000.000000,0.343950
34.200000,-92.450000,-177.900000,0.310200,0.002618,1000.000000,0.343960
34.200000,-92.450000,-177.900000,0.310110,0.002676,1000.000000,0.343850
34.200000,-92.450000,-177.900000,0.310040,0.002628,1000.000000,0.343780
34.200000,-92.450000,-177.900000,0.309990,0.002692,1000.000000,0.343720
34.200000,-92.450000,-177.900000,0.309940,0.002691,1000.000000,0.343670
34.200000,-92.450000,-177.900000,0.309900,0.002689,1000.000000,0.343610
34.200000,-92.450000,-177.900000,0.309840,0.002657,1000.000000,0.343550
34.200000,-92.450000,-177.900000,0.309770,0.002654,1000.000000,0.343460
34.200000,-92.450000,-177.900000,0.309680,0.002574,1000.000000,0.343370
34.200000,-92.450000,-177.900000,0.309650,0.002781,1000.000000,0.343340
34.200000,-92.450000,-177.900000,0.309610,0.002742,1000.000000,0.343290
34.200000,-92.450000,-177.900000,0.309580,0.002629,1000.000000,0.343250
34.200000,-92.450000,-177.900000,0.309550,0.002665,1000.000000,0.343210
34.200000,-92.450000,-177.900000,0.309560,0.002731,1000.000000,0.343230
34.200000,-92.450000,-177.900000,0.309480,0.002761,1000.000000,0.343140
34.200000,-92.450000,-177.900000,0.309520,0.002417,1000.000000,0.343180
34.200000,-92.450000,-177.900000,0.309390,0.002760,1000.000000,0.343030
34.200000,-92.450000,-177.900000,0.309350,0.002765,1000.000000,0.342990
34.200000,-92.450000,-177.900000,0.309370,0.002639,1000.000000,0.343020
34.200000,-92.450000,-177.900000,0.309330,0.002623,1000.000000,0.342960
34.200000,-92.450000,-177.900000,0.309300,0.002696,1000.000000,0.342930
34.200000,-92.450000,-177.900000,0.309260,0.002708,1000.000000,0.342890
34.200000,-92.450000,-177.900000,0.309240,0.002721,1000.000000,0.342870
34.200000,-92.450000,-177.900000,0.309200,0.002754,1000.000000,0.342820
34.200000,-92.450000,-177.900000,0.309260,0.002752,1000.000000,0.342880
34.200000,-92.450000,-177.900000,0.309270,0.002614,1000.000000,0.342900
34.200000,-92.450000,-177.900000,0.309210,0.002747,1000.000000,0.342830
34.200000,-92.450000,-177.900000,0.309270,0.002546,1000.000000,0.342900
34.200000,-92.450000,-177.900000,0.309250,0.002787,1000.000000,0.342870
34.200000,-92.450000,-177.900000,0.309330,0.002586,1000.000000,0.342970
34.200000,-92.450000,-177.900000,0.309290,0.002611,1000.000000,0.342920
34.200000,-92.450000,-177.900000,0.309340,0.002625,1000.000000,0.342970
34.200000,-92.450000,-177.900000,0.309350,0.002623,1000.000000,0.342990
34.200000,-92.450000,-177.900000,0.309370,0.002557,1000.000000,0.343020
34.200000,-92.450000,-177.900000,0.309490,0.002631,1000.000000,0.343140
34.200000,-92.450000,-177.900000,0.309490,0.002564,1000.000000,0.343140
34.200000,-92.450000,-177.900000,0.309500,0.002539,1000.000000,0.343170
34.200000,-92.450000,-177.900000,0.309570,0.002641,1000.000000,0.343240
34.200000,-92.450000,-177.900000,0.309530,0.002728,1000.000000,0.343190
34.200000,-92.450000,-177.900000,0.309580,0.002638,1000.000000,0.343260
34.200000,-92.450000,-177.900000,0.309710,0.002667,1000.000000,0.343400
34.200000,-92.450000,-177.900000,0.309670,0.002564,1000.000000,0.343350
34.200000,-92.450000,-177.900000,0.309740,0.002756,1000.000000,0.343430
34.200000,-92.450000,-177.900000,0.309780,0.002688,1000.000000,0.343480
34.200000,-92.450000,-177.900000,0.309850,0.002703,1000.000000,0.343560
34.200000,-92.450000,-177.900000,0.309880,0.002718,1000.000000,0.343590
34.200000,-92.450000,-177.900000,0.309940,0.002721,1000.000000,0.343660
34.200000,-92.450000,-177.900000,0.309990,0.002584,1000.000000,0.343730
34.200000,-92.450000,-177.900000,0.310000,0.002569,1000.000000,0.343730
34.200000,-92.450000,-177.900000,0.310090,0.002667,1000.000000,0.343830
34.200000,-92.450000,-177.900000,0.310120,0.002687,1000.000000,0.343870
34.200000,-92.450000,-177.900000,0.310170,0.002704,1000.000000,0.343930
34.200000,-92.450000,-177.900000,0.310210,0.002631,1000.000000,0.343970
34.200000,-92.450000,-177.900000,0.310210,0.002637,1000.000000,0.343970
34.200000,-92.450000,-177.900000,0.310290,0.002672,1000.000000,0.344070
34.200000,-92.450000,-177.900000,0.310330,0.002807,1000.000000,0.344110
34.200000,-92.450000,-177.900000,0.310360,0.002524,1000.000000,0.344140
34.200000,-92.450000,-177.900000,0.310400,0.002543,1000.000000,0.344190
34.200000,-92.450000,-177.900000,0.310400,0.002544,1000.000000,0.344190
34.200000,-92.450000,-177.900000,0.310370,0.002619,1000.000000,0.344160
34.200000,-92.450000,-177.900000,0.310460,0.002551,1000.000000,0.344260
34.200000,-92.450000,-177.900000,0.310450,0.002688,1000.000000,0.344240
34.200000,-92.450000,-177.900000,0.310550,0.002546,1000.000000,0.344360
34.200000,-92.450000,-177.900000,0.310590,0.002679,1000.000000,0.344400
34.200000,-92.450000,-177.900000,0.310600,0.002640,1000.000000,0.344420
34.200000,-92.450000,-177.900000,0.310620,0.002709,1000.000000,0.344430
34.200000,-92.450000,-177.900000,0.310600,0.002622,1000.000000,0.344420
34.200000,-92.450000,-177.900000,0.310630,0.002776,1000.000000,0.344460
34.200000,-92.450000,-177.900000,0.310710,0.002698,1000.000000,0.344540
34.200000,-92.450000,-177.900000,0.310680,0.002596,1000.000000,0.344510
34.200000,-92.450000,-177.900000,0.310690,0.002638,1000.000000,0.344530
34.200000,-92.450000,-177.900000,0.310720,0.002638,1000.000000,0.344560
34.200000,-92.450000,-177.900000,0.310720,0.002647,1000.000000,0.344550
34.200000,-92.450000,-177.900000,0.310800,0.002524,1000.000000,0.344650
34.200000,-92.450000,-177.900000,0.310750,0.002633,1000.000000,0.344590
34.200000,-92.450000,-177.900000,0.310790,0.002646,1000.000000,0.344640
34.200000,-92.450000,-177.900000,0.310770,0.002716,1000.000000,0.344610
34.200000,-92.450000,-177.900000,0.310810,0.002691,1000.000000,0.344650
34.200000,-92.450000,-177.900000,0.310780,0.002622,1000.000000,0.344620
34.200000,-92.450000,-177.900000,0.310830,0.002544,1000.000000,0.344680
34.200000,-92.450000,-177.900000,0.310810,0.002587,1000.000000,0.344660
34.200000,-92.450000,-177.900000,0.310900,0.002674,1000.000000,0.344760
34.200000,-92.450000,-177.900000,0.310840,0.002608,1000.000000,0.344690
34.200000,-92.450000,-177.900000,0.310820,0.002584,1000.000000,0.344670
34.200000,-92.450000,-177.900000,0.310910,0.002628,1000.000000,0.344770
34.200000,-92.450000,-177.900000,0.310890,0.002618,1000.000000,0.344750
34.200000,-92.450000,-177.900000,0.310970,0.002705,1000.000000,0.344840
34.200000,-92.450000,-177.900000,0.310950,0.002637,1000.000000,0.344810
34.200000,-92.450000,-177.900000,0.310980,0.002699,1000.000000,0.344850
34.200000,-92.450000,-177.900000,0.310920,0.002616,1000.000000,0.344790
34.200000,-92.450000,-177.900000,0.311040,0.002587,1000.000000,0.344920
34.200000,-92.450000,-177.900000,0.311050,0.002654,1000.000000,0.344920
34.200000,-92.450000,-177.900000,0.310960,0.002750,1000.000000,0.344830
34.200000,-92.450000,-177.900000,0.311110,0.002703,1000.000000,0.345000
34.200000,-92.450000,-177.900000,0.311100,0.002688,1000.000000,0.344990
34.200000,-92.450000,-177.900000,0.311120,0.002635,1000.000000,0.345010
34.200000,-92.450000,-177.900000,0.311120,0.002624,1000.000000,0.345010
34.200000,-92.450000,-177.900000,0.311160,0.002681,1000.000000,0.345050
34.200000,-92.450000,-177.900000,0.311230,0.002698,1000.000000,0.345140
34.200000,-92.450000,-177.900000,0.311250,0.002728,1000.000000,0.345160
34.200000,-92.450000,-177.900000,0.311260,0.002708,1000.000000,0.345160
34.200000,-92.450000,-177.900000,0.311280,0.002669,1000.000000,0.345200
34.200000,-92.450000,-177.900000,0.311300,0.002663,1000.000000,0.345220
34.200000,-92.450000,-177.900000,0.311310,0.002627,1000.000000,0.345230
34.200000,-92.450000,-177.900000,0.311320,0.002645,1000.000000,0.345240
34.200000,-92.450000,-177.900000,0.311320,0.002734,1000.000000,0.345240
34.200000,-92.450000,-177.900000,0.311400,0.002637,1000.000000,0.345330
34.200000,-92.450000,-177.900000,0.311430,0.002661,1000.000000,0.345370
34.200000,-92.450000,-177.900000,0.311410,0.002683,1000.000000,0.345350
34.200000,-92.450000,-177.900000,0.311450,0.002697,1000.000000,0.345390
34.200000,-92.450000,-177.900000,0.311490,0.002635,1000.000000,0.345440
34.200000,-92.450000,-177.900000,0.311460,0.002699,1000.000000,0.345410
34.200000,-92.450000,-177.900000,0.311520,0.002634,1000.000000,0.345470
34.200000,-92.450000,-177.900000,0.311550,0.002679,1000.000000,0.345510
34.200000,-92.450000,-177.900000,0.311530,0.002586,1000.000000,0.345470
34.200000,-92.450000,-177.900000,0.311530,0.002596,1000.000000,0.345480
34.200000,-92.450000,-177.900000,0.311520,0.002669,1000.000000,0.345470
34.200000,-92.450000,-177.900000,0.311560,0.002631,1000.000000,0.345510
34.200000,-92.450000,-177.900000,0.311580,0.002638,1000.000000,0.345540
34.200000,-92.450000,-177.900000,0.311590,0.002663,1000.000000,0.345550
34.200000,-92.450000,-177.900000,0.311580,0.002669,1000.000000,0.345540
34.200000,-92.450000,-177.900000,0.311610,0.002567,1000.000000,0.345570
34.200000,-92.450000,-177.900000,0.311550,0.002679,1000.000000,0.345510
34.200000,-92.450000,-177.900000,0.311550,0.002608,1000.000000,0.345500
34.200000,-92.450000,-177.900000,0.311580,0.002566,1000.000000,0.345540
34.200000,-92.450000,-177.900000,0.311610,0.002663,1000.000000,0.345570
34.200000,-92.450000,-177.900000,0.311570,0.002578,1000.000000,0.345520
34.200000,-92.450000,-177.900000,0.311470,0.002586,1000.000000,0.345410
34.200000,-92.450000,-177.900000,0.311530,0.002709,1000.000000,0.345480
34.200000,-92.450000,-177.900000,0.311560,0.002675,1000.000000,0.345510
34.200000,-92.450000,-177.900000,0.311570,0.002581,1000.000000,0.345520
34.200000,-92.450000,-177.900000,0.311530,0.002714,1000.000000,0.345480
34.200000,-92.450000,-177.900000,0.311550,0.002652,1000.000000,0.345500
34.200000,-92.450000,-177.900000,0.311530,0.002616,1000.000000,0.345480
34.200000,-92.450000,-177.900000,0.311430,0.002694,1000.000000,0.345370
34.200000,-92.450000,-177.900000,0.311530,0.002587,1000.000000,0.345480
34.200000,-92.450000,-177.900000,0.311510,0.002573,1000.000000,0.345450
34.200000,-92.450000,-177.900000,0.311510,0.002731,1000.000000,0.345450
34.200000,-92.450000,-177.900000,0.311470,0.002612,1000.000000,0.345410
34.200000,-92.450000,-177.900000,0.311490,0.002683,1000.000000,0.345440
34.200000,-92.450000,-177.900000,0.311510,0.002619,1000.000000,0.345460
34.200000,-92.450000,-177.900000,0.311490,0.002719,1000.000000,0.345430
34.200000,-92.450000,-177.900000,0.311540,0.002600,1000.000000,0.345480
34.200000,-92.450000,-177.900000,0.311450,0.002643,1000.000000,0.345390
34.200000,-92.450000,-177.900000,0.311450,0.002693,1000.000000,0.345380
34.200000,-92.450000,-177.900000,0.311520,0.002615,1000.000000,0.345470
34.200000,-92.450000,-177.900000,0.311450,0.002670,1000.000000,0.345380
34.200000,-92.450000,-177.900000,0.311530,0.002614,1000.000000,0.345480
34.200000,-92.450000,-177.900000,0.311460,0.002717,1000.000000,0.345400
34.200000,-92.450000,-177.900000,0.311480,0.002627,1000.000000,0.345420
34.200000,-92.450000,-177.900000,0.311420,0.002617,1000.000000,0.345350
34.200000,-92.450000,-177.900000,0.311470,0.002627,1000.000000,0.345410
34.200000,-92.450000,-177.900000,0.311410,0.002640,1000.000000,0.345340
34.200000,-92.450000,-177.900000,0.311450,0.002704,1000.000000,0.345380
34.200000,-92.450000,-177.900000,0.311440,0.002705,1000.000000,0.345370
34.200000,-92.450000,-177.900000,0.311500,0.002645,1000.000000,0.345450
34.200000,-92.450000,-177.900000,0.311450,0.002622,1000.000000,0.345380
34.200000,-92.450000,-177.900000,0.311460,0.002607,1000.000000,0.345410
34.200000,-92.450000,-177.900000,0.311520,0.002704,1000.000000,0.345460
34.200000,-92.450000,-177.900000,0.311480,0.002806,1000.000000,0.345430
34.200000,-92.450000,-177.900000,0.311490,0.002657,1000.000000,0.345430
34.200000,-92.450000,-177.900000,0.311490,0.002603,1000.000000,0.345430
34.200000,-92.450000,-177.900000,0.311500,0.002676,1000.000000,0.345440
34.200000,-92.450000,-177.900000,0.311480,0.002730,1000.000000,0.345420
34.200000,-92.450000,-177.900000,0.311520,0.002640,1000.000000,0.345460
34.200000,-92.450000,-177.900000,0.311480,0.002592,1000.000000,0.345420
34.200000,-92.450000,-177.900000,0.311520,0.002663,1000.000000,0.345470
34.200000,-92.450000,-177.900000,0.311400,0.002644,1000.000000,0.345330
34.200000,-92.450000,-177.900000,0.311510,0.002623,1000.000000,0.345450
34.200000,-92.450000,-177.900000,0.311400,0.002808,1000.000000,0.345340
34.200000,-92.450000,-177.900000,0.311460,0.002625,1000.000000,0.345400
34.200000,-92.450000,-177.900000,0.311370,0.002726,1000.000000,0.345300
34.200000,-92.450000,-177.900000,0.311410,0.002638,1000.000000,0.345340
34.200000,-92.450000,-177.900000,0.311330,0.002674,1000.000000,0.345250
34.200000,-92.450000,-177.900000,0.311340,0.002541,1000.000000,0.345270
34.200000,-92.450000,-177.900000,0.311390,0.002674,1000.000000,0.345310
34.200000,-92.450000,-177.900000,0.311330,0.002723,1000.000000,0.345260
34.200000,-92.450000,-177.900000,0.311330,0.002645,1000.000000,0.345250
34.200000,-92.450000,-177.900000,0.311250,0.002649,1000.000000,0.345160
34.200000,-92.450000,-177.900000,0.311270,0.002626,1000.000000,0.345180
34.200000,-92.450000,-177.900000,0.311260,0.002669,1000.000000,0.345170
34.200000,-92.450000,-177.900000,0.311240,0.002563,1000.000000,0.345140
34.200000,-92.450000,-177.900000,0.311160,0.002730,1000.000000,0.345050
34.200000,-92.450000,-177.900000,0.311100,0.002586,1000.000000,0.344990
34.200000,-92.450000,-177.900000,0.311080,0.002694,1000.000000,0.344970
34.200000,-92.450000,-177.900000,0.311060,0.002590,1000.000000,0.344940
34.200000,-92.450000,-177.900000,0.310950,0.002659,1000.000000,0.344820
34.200000,-92.450000,-177.900000,0.310960,0.002728,1000.000000,0.344830
34.200000,-92.450000,-177.900000,0.310920,0.002715,1000.000000,0.344780
34.200000,-92.450000,-177.900000,0.310870,0.002555,1000.000000,0.344730
34.200000,-92.450000,-177.900000,0.310840,0.002632,1000.000000,0.344690
34.200000,-92.450000,-177.900000,0.310790,0.002580,1000.000000,0.344640
34.200000,-92.450000,-177.900000,0.310640,0.002718,1000.000000,0.344470
34.200000,-92.450000,-177.900000,0.310700,0.002643,1000.000000,0.344530
34.200000,-92.450000,-177.900000,0.310560,0.002728,1000.000000,0.344370
34.200000,-92.450000,-177.900000,0.310520,0.002709,1000.000000,0.344330
34.200000,-92.450000,-177.900000,0.310490,0.002650,1000.000000,0.344290
34.200000,-92.450000,-177.900000,0.310370,0.002572,1000.000000,0.344150
