17.739800, -98.000000, -179.400000, 0.000000, 0.004770,0.002294,-0.004807, 0.002620,1000
18.739800, -98.000000, -179.400000, 0.000000, 0.004815,0.002233,-0.004756, 0.002550,1000
19.739800, -98.000000, -179.400000, 0.000000, 0.005266,0.002267,-0.004241, 0.002589,1000
20.739800, -98.000000, -179.400000, 0.000000, 0.005793,0.002197,-0.003639, 0.002508,1000
21.739800, -98.000000, -179.400000, 0.000000, 0.007161,0.002206,-0.002077, 0.002519,1000
22.739800, -98.000000, -179.400000, 0.000000, 0.009560,0.002370,0.000662, 0.002707,1000
23.739800, -98.000000, -179.400000, 0.000000, 0.013945,0.002450,0.005670, 0.002797,1000
24.739800, -98.000000, -179.400000, 0.000000, 0.021533,0.002508,0.014334, 0.002864,1000
25.739800, -98.000000, -179.400000, 0.000000, 0.034827,0.002469,0.029514, 0.002819,1000
26.739800, -98.000000, -179.400000, 0.000000, 0.057825,0.002461,0.055776, 0.002810,1000
27.739800, -98.000000, -179.400000, 0.000000, 0.094397,0.002540,0.097537, 0.002901,1000
28.739800, -98.000000, -179.400000, 0.000000, 0.142494,0.002586,0.152459, 0.002953,1000
29.739800, -98.000000, -179.400000, 0.000000, 0.190136,0.002519,0.206860, 0.002876,1000
30.739800, -98.000000, -179.400000, 0.000000, 0.227093,0.002656,0.249061, 0.003033,1000
31.739800, -98.000000, -179.400000, 0.000000, 0.251307,0.002581,0.276711, 0.002947,1000
32.739800, -98.000000, -179.400000, 0.000000, 0.264301,0.002649,0.291549, 0.003025,1000
33.739800, -98.000000, -179.400000, 0.000000, 0.266402,0.002674,0.293948, 0.003053,1000
34.739800, -98.000000, -179.400000, 0.000000, 0.255966,0.002628,0.282031, 0.003001,1000
35.739800, -98.000000, -179.400000, 0.000000, 0.233630,0.002620,0.256526, 0.002992,1000
36.739800, -98.000000, -179.400000, 0.000000, 0.194748,0.002570,0.212127, 0.002935,1000
37.739800, -98.000000, -179.400000, 0.000000, 0.144992,0.002657,0.155311, 0.003034,1000
38.739800, -98.000000, -179.400000, 0.000000, 0.097157,0.002510,0.100688, 0.002866,1000
39.739800, -98.000000, -179.400000, 0.000000, 0.061927,0.002496,0.060459, 0.002851,1000
40.739800, -98.000000, -179.400000, 0.000000, 0.039510,0.002417,0.034862, 0.002760,1000
41.739800, -98.000000, -179.400000, 0.000000, 0.025923,0.002477,0.019347, 0.002828,1000
42.739800, -98.000000, -179.400000, 0.000000, 0.017534,0.002534,0.009768, 0.002893,1000
43.739800, -98.000000, -179.400000, 0.000000, 0.012648,0.002547,0.004189, 0.002908,1000
44.739800, -98.000000, -179.400000, 0.000000, 0.009689,0.002396,0.000810, 0.002736,1000
45.739800, -98.000000, -179.400000, 0.000000, 0.008004,0.002288,-0.001114, 0.002612,1000
46.739800, -98.000000, -179.400000, 0.000000, 0.006987,0.002267,-0.002276, 0.002588,1000
47.739800, -98.000000, -179.400000, 0.000000, 0.006513,0.002197,-0.002817, 0.002509,1000
48.739800, -98.000000, -179.400000, 0.000000, 0.006280,0.002220,-0.003083, 0.002536,1000
49.260200, -98.000000, -179.400000, 0.000000, 0.006178,0.002215,-0.003200, 0.002529,1000
