33.500000, -82.239800, -179.400000, 0.000000, 0.006459,0.002206,-0.002878, 0.002519,1000
33.500000, -83.239800, -179.400000, 0.000000, 0.006885,0.002230,-0.002392, 0.002546,1000
33.500000, -84.239800, -179.400000, 0.000000, 0.007448,0.002300,-0.001750, 0.002626,1000
33.500000, -85.239800, -179.400000, 0.000000, 0.008627,0.002244,-0.000403, 0.002562,1000
33.500000, -86.239800, -179.400000, 0.000000, 0.010475,0.002511,0.001708, 0.002867,1000
33.500000, -87.239800, -179.400000, 0.000000, 0.013725,0.002433,0.005418, 0.002778,1000
33.500000, -88.239800, -179.400000, 0.000000, 0.018644,0.002389,0.011035, 0.002728,1000
33.500000, -89.239800, -179.400000, 0.000000, 0.026988,0.002522,0.020563, 0.002880,1000
33.500000, -90.239800, -179.400000, 0.000000, 0.040013,0.002479,0.035437, 0.002831,1000
33.500000, -91.239800, -179.400000, 0.000000, 0.061570,0.002495,0.060052, 0.002849,1000
33.500000, -92.239800, -179.400000, 0.000000, 0.095836,0.002531,0.099180, 0.002890,1000
33.500000, -93.239800, -179.400000, 0.000000, 0.143520,0.002630,0.153630, 0.003003,1000
33.500000, -94.239800, -179.400000, 0.000000, 0.193458,0.002622,0.210653, 0.002994,1000
33.500000, -95.239800, -179.400000, 0.000000, 0.232220,0.002586,0.254916, 0.002953,1000
33.500000, -96.239800, -179.400000, 0.000000, 0.255848,0.002653,0.281896, 0.003030,1000
33.500000, -97.239800, -179.400000, 0.000000, 0.266155,0.002757,0.293665, 0.003148,1000
33.500000, -98.239800, -179.400000, 0.000000, 0.265729,0.002694,0.293180, 0.003077,1000
33.500000, -99.239800, -179.400000, 0.000000, 0.254748,0.002626,0.280641, 0.002998,1000
33.500000, -100.239800, -179.400000, 0.000000, 0.232680,0.002607,0.255441, 0.002977,1000
33.500000, -101.239800, -179.400000, 0.000000, 0.196396,0.002576,0.214009, 0.002942,1000
33.500000, -102.239800, -179.400000, 0.000000, 0.147943,0.002444,0.158681, 0.002791,1000
33.500000, -103.239800, -179.400000, 0.000000, 0.096157,0.002514,0.099547, 0.002870,1000
33.500000, -104.239800, -179.400000, 0.000000, 0.057027,0.002546,0.054864, 0.002907,1000
33.500000, -105.239800, -179.400000, 0.000000, 0.033353,0.002511,0.027831, 0.002867,1000
33.500000, -106.239800, -179.400000, 0.000000, 0.019659,0.002476,0.012194, 0.002828,1000
33.500000, -107.239800, -179.400000, 0.000000, 0.012311,0.002527,0.003804, 0.002886,1000
33.500000, -108.239800, -179.400000, 0.000000, 0.007986,0.002276,-0.001134, 0.002599,1000
33.500000, -109.239800, -179.400000, 0.000000, 0.005620,0.002210,-0.003837, 0.002523,1000
33.500000, -110.239800, -179.400000, 0.000000, 0.004679,0.002312,-0.004912, 0.002640,1000
33.500000, -111.239800, -179.400000, 0.000000, 0.004174,0.002356,-0.005488, 0.002691,1000
33.500000, -112.239800, -179.400000, 0.000000, 0.003973,0.002410,-0.005717, 0.002752,1000
33.500000, -113.239800, -179.400000, 0.000000, 0.004074,0.002362,-0.005602, 0.002698,1000
33.500000, -113.760200, -179.400000, 0.000000, 0.004147,0.002355,-0.005518, 0.002689,1000
