33.500000, -82.239800, -179.400000, 0.000000, 0.006537,0.002148,-0.002789, 0.002453,1000
33.500000, -83.239800, -179.400000, 0.000000, 0.007030,0.002338,-0.002227, 0.002670,1000
33.500000, -84.239800, -179.400000, 0.000000, 0.007562,0.002235,-0.001619, 0.002552,1000
33.500000, -85.239800, -179.400000, 0.000000, 0.008606,0.002361,-0.000427, 0.002697,1000
33.500000, -86.239800, -179.400000, 0.000000, 0.010250,0.002443,0.001450, 0.002790,1000
33.500000, -87.239800, -179.400000, 0.000000, 0.013179,0.002541,0.004796, 0.002901,1000
33.500000, -88.239800, -179.400000, 0.000000, 0.018040,0.002469,0.010346, 0.002819,1000
33.500000, -89.239800, -179.400000, 0.000000, 0.026093,0.002477,0.019541, 0.002828,1000
33.500000, -90.239800, -179.400000, 0.000000, 0.039115,0.002441,0.034411, 0.002787,1000
33.500000, -91.239800, -179.400000, 0.000000, 0.060853,0.002570,0.059233, 0.002934,1000
33.500000, -92.239800, -179.400000, 0.000000, 0.095092,0.002401,0.098331, 0.002742,1000
33.500000, -93.239800, -179.400000, 0.000000, 0.142657,0.002601,0.152645, 0.002970,1000
33.500000, -94.239800, -179.400000, 0.000000, 0.193493,0.002624,0.210694, 0.002996,1000
33.500000, -95.239800, -179.400000, 0.000000, 0.232573,0.002576,0.255318, 0.002941,1000
33.500000, -96.239800, -179.400000, 0.000000, 0.256860,0.002603,0.283052, 0.002972,1000
33.500000, -97.239800, -179.400000, 0.000000, 0.267459,0.002607,0.295155, 0.002977,1000
33.500000, -98.239800, -179.400000, 0.000000, 0.267029,0.002717,0.294663, 0.003102,1000
33.500000, -99.239800, -179.400000, 0.000000, 0.257087,0.002603,0.283311, 0.002973,1000
33.500000, -100.239800, -179.400000, 0.000000, 0.234916,0.002720,0.257995, 0.003106,1000
33.500000, -101.239800, -179.400000, 0.000000, 0.199104,0.002636,0.217101, 0.003010,1000
33.500000, -102.239800, -179.400000, 0.000000, 0.150175,0.002495,0.161229, 0.002849,1000
33.500000, -103.239800, -179.400000, 0.000000, 0.099374,0.002545,0.103221, 0.002906,1000
33.500000, -104.239800, -179.400000, 0.000000, 0.061511,0.002428,0.059985, 0.002772,1000
33.500000, -105.239800, -179.400000, 0.000000, 0.035884,0.002532,0.030721, 0.002891,1000
33.500000, -106.239800, -179.400000, 0.000000, 0.021599,0.002574,0.014410, 0.002939,1000
33.500000, -107.239800, -179.400000, 0.000000, 0.013509,0.002527,0.005172, 0.002886,1000
33.500000, -108.239800, -179.400000, 0.000000, 0.008969,0.002344,-0.000013, 0.002677,1000
33.500000, -109.239800, -179.400000, 0.000000, 0.006711,0.002099,-0.002590, 0.002397,1000
33.500000, -110.239800, -179.400000, 0.000000, 0.005324,0.002271,-0.004174, 0.002593,1000
33.500000, -111.239800, -179.400000, 0.000000, 0.004765,0.002331,-0.004813, 0.002662,1000
33.500000, -112.239800, -179.400000, 0.000000, 0.004462,0.002267,-0.005159, 0.002589,1000
33.500000, -113.239800, -179.400000, 0.000000, 0.004680,0.002299,-0.004910, 0.002625,1000
33.500000, -113.760200, -179.400000, 0.000000, 0.004844,0.002228,-0.004722, 0.002544,1000
