17.739800, -98.000000, -179.400000, 0.000000, 0.005271,0.002147,-0.004235, 0.002451,1000
18.739800, -98.000000, -179.400000, 0.000000, 0.005496,0.002228,-0.003978, 0.002544,1000
19.739800, -98.000000, -179.400000, 0.000000, 0.005749,0.002176,-0.003690, 0.002485,1000
20.739800, -98.000000, -179.400000, 0.000000, 0.006469,0.002187,-0.002867, 0.002497,1000
21.739800, -98.000000, -179.400000, 0.000000, 0.007747,0.002294,-0.001408, 0.002619,1000
22.739800, -98.000000, -179.400000, 0.000000, 0.010128,0.002353,0.001311, 0.002687,1000
23.739800, -98.000000, -179.400000, 0.000000, 0.014637,0.002379,0.006459, 0.002717,1000
24.739800, -98.000000, -179.400000, 0.000000, 0.022427,0.002468,0.015355, 0.002818,1000
25.739800, -98.000000, -179.400000, 0.000000, 0.035828,0.002524,0.030657, 0.002882,1000
26.739800, -98.000000, -179.400000, 0.000000, 0.059470,0.002565,0.057654, 0.002929,1000
27.739800, -98.000000, -179.400000, 0.000000, 0.097181,0.002483,0.100716, 0.002836,1000
28.739800, -98.000000, -179.400000, 0.000000, 0.145765,0.002638,0.156194, 0.003013,1000
29.739800, -98.000000, -179.400000, 0.000000, 0.194407,0.002584,0.211737, 0.002951,1000
30.739800, -98.000000, -179.400000, 0.000000, 0.230364,0.002538,0.252796, 0.002898,1000
31.739800, -98.000000, -179.400000, 0.000000, 0.253605,0.002715,0.279335, 0.003100,1000
32.739800, -98.000000, -179.400000, 0.000000, 0.265504,0.002683,0.292922, 0.003064,1000
33.739800, -98.000000, -179.400000, 0.000000, 0.267240,0.002676,0.294905, 0.003056,1000
34.739800, -98.000000, -179.400000, 0.000000, 0.256026,0.002781,0.282100, 0.003176,1000
35.739800, -98.000000, -179.400000, 0.000000, 0.231915,0.002480,0.254568, 0.002832,1000
36.739800, -98.000000, -179.400000, 0.000000, 0.193410,0.002546,0.210599, 0.002907,1000
37.739800, -98.000000, -179.400000, 0.000000, 0.142680,0.002521,0.152671, 0.002879,1000
38.739800, -98.000000, -179.400000, 0.000000, 0.095543,0.002485,0.098846, 0.002837,1000
39.739800, -98.000000, -179.400000, 0.000000, 0.060697,0.002525,0.059056, 0.002883,1000
40.739800, -98.000000, -179.400000, 0.000000, 0.038903,0.002467,0.034168, 0.002817,1000
41.739800, -98.000000, -179.400000, 0.000000, 0.025411,0.002458,0.018763, 0.002807,1000
42.739800, -98.000000, -179.400000, 0.000000, 0.017439,0.002400,0.009659, 0.002740,1000
43.739800, -98.000000, -179.400000, 0.000000, 0.012288,0.002641,0.003777, 0.003016,1000
44.739800, -98.000000, -179.400000, 0.000000, 0.009511,0.002350,0.000607, 0.002683,1000
45.739800, -98.000000, -179.400000, 0.000000, 0.007891,0.002268,-0.001243, 0.002590,1000
46.739800, -98.000000, -179.400000, 0.000000, 0.007013,0.002156,-0.002246, 0.002461,1000
47.739800, -98.000000, -179.400000, 0.000000, 0.006421,0.002290,-0.002922, 0.002615,1000
48.739800, -98.000000, -179.400000, 0.000000, 0.006252,0.002144,-0.003115, 0.002449,1000
49.260200, -98.000000, -179.400000, 0.000000, 0.006177,0.002203,-0.003201, 0.002515,1000
