19.500000,-25.500000,-157.500000,-0.008780,0.000671,1000.000000
20.000000,-25.500000,-157.500000,-0.007786,0.000666,1000.000000
20.500000,-25.500000,-157.500000,-0.006612,0.000671,1000.000000
21.000000,-25.500000,-157.500000,-0.005421,0.000686,1000.000000
21.500000,-25.500000,-157.500000,-0.003743,0.000664,1000.000000
22.000000,-25.500000,-157.500000,-0.002082,0.000699,1000.000000
22.500000,-25.500000,-157.500000,-0.000282,0.000711,1000.000000
23.000000,-25.500000,-157.500000,0.001741,0.000697,1000.000000
23.500000,-25.500000,-157.500000,0.003878,0.000697,1000.000000
24.000000,-25.500000,-157.500000,0.006054,0.000698,1000.000000
24.500000,-25.500000,-157.500000,0.008521,0.000697,1000.000000
25.000000,-25.500000,-157.500000,0.010704,0.000676,1000.000000
25.500000,-25.500000,-157.500000,0.012601,0.000749,1000.000000
26.000000,-25.500000,-157.500000,0.014124,0.000698,1000.000000
26.500000,-25.500000,-157.500000,0.015103,0.000698,1000.000000
27.000000,-25.500000,-157.500000,0.015679,0.000714,1000.000000
27.500000,-25.500000,-157.500000,0.015462,0.000718,1000.000000
28.000000,-25.500000,-157.500000,0.014561,0.000719,1000.000000
28.500000,-25.500000,-157.500000,0.013186,0.000723,1000.000000
29.000000,-25.500000,-157.500000,0.011207,0.000712,1000.000000
29.500000,-25.500000,-157.500000,0.009080,0.000709,1000.000000
30.000000,-25.500000,-157.500000,0.006629,0.000708,1000.000000
30.500000,-25.500000,-157.500000,0.004059,0.000709,1000.000000
31.000000,-25.500000,-157.500000,0.001516,0.000707,1000.000000
31.500000,-25.500000,-157.500000,-0.000905,0.000695,1000.000000
32.000000,-25.500000,-157.500000,-0.003097,0.000721,1000.000000
32.500000,-25.500000,-157.500000,-0.005018,0.000694,1000.000000
33.000000,-25.500000,-157.500000,-0.006761,0.000685,1000.000000
33.500000,-25.500000,-157.500000,-0.008182,0.000685,1000.000000
34.000000,-25.500000,-157.500000,-0.009345,0.000686,1000.000000
34.500000,-25.500000,-157.500000,-0.010271,0.000678,1000.000000
19.500000,-26.000000,-157.500000,-0.007660,0.000665,1000.000000
20.000000,-26.000000,-157.500000,-0.006389,0.000640,1000.000000
20.500000,-26.000000,-157.500000,-0.004918,0.000635,1000.000000
21.000000,-26.000000,-157.500000,-0.003113,0.000708,1000.000000
21.500000,-26.000000,-157.500000,-0.000982,0.000671,1000.000000
22.000000,-26.000000,-157.500000,0.001278,0.000675,1000.000000
22.500000,-26.000000,-157.500000,0.003783,0.000696,1000.000000
23.000000,-26.000000,-157.500000,0.006555,0.000710,1000.000000
23.500000,-26.000000,-157.500000,0.009655,0.000694,1000.000000
24.000000,-26.000000,-157.500000,0.012987,0.000704,1000.000000
24.500000,-26.000000,-157.500000,0.016155,0.000696,1000.000000
25.000000,-26.000000,-157.500000,0.019217,0.000703,1000.000000
25.500000,-26.000000,-157.500000,0.021906,0.000724,1000.000000
26.000000,-26.000000,-157.500000,0.024159,0.000721,1000.000000
26.500000,-26.000000,-157.500000,0.025672,0.000737,1000.000000
27.000000,-26.000000,-157.500000,0.026502,0.000728,1000.000000
27.500000,-26.000000,-157.500000,0.026032,0.000732,1000.000000
28.000000,-26.000000,-157.500000,0.024637,0.000726,1000.000000
28.500000,-26.000000,-157.500000,0.022505,0.000736,1000.000000
29.000000,-26.000000,-157.500000,0.019687,0.000714,1000.000000
29.500000,-26.000000,-157.500000,0.016622,0.000731,1000.000000
30.000000,-26.000000,-157.500000,0.013301,0.000709,1000.000000
30.500000,-26.000000,-157.500000,0.009718,0.000707,1000.000000
31.000000,-26.000000,-157.500000,0.006224,0.000727,1000.000000
31.500000,-26.000000,-157.500000,0.003078,0.000694,1000.000000
32.000000,-26.000000,-157.500000,0.000059,0.000722,1000.000000
32.500000,-26.000000,-157.500000,-0.002507,0.000679,1000.000000
33.000000,-26.000000,-157.500000,-0.004740,0.000686,1000.000000
33.500000,-26.000000,-157.500000,-0.006533,0.000702,1000.000000
34.000000,-26.000000,-157.500000,-0.008054,0.000683,1000.000000
34.500000,-26.000000,-157.500000,-0.009274,0.000703,1000.000000
19.500000,-26.500000,-157.500000,-0.006386,0.000656,1000.000000
20.000000,-26.500000,-157.500000,-0.004772,0.000648,1000.000000
20.500000,-26.500000,-157.500000,-0.002782,0.000678,1000.000000
21.000000,-26.500000,-157.500000,-0.000474,0.000687,1000.000000
21.500000,-26.500000,-157.500000,0.002441,0.000669,1000.000000
22.000000,-26.500000,-157.500000,0.005497,0.000700,1000.000000
22.500000,-26.500000,-157.500000,0.008910,0.000710,1000.000000
23.000000,-26.500000,-157.500000,0.012808,0.000735,1000.000000
23.500000,-26.500000,-157.500000,0.017012,0.000707,1000.000000
24.000000,-26.500000,-157.500000,0.021512,0.000730,1000.000000
24.500000,-26.500000,-157.500000,0.026120,0.000724,1000.000000
25.000000,-26.500000,-157.500000,0.030561,0.000735,1000.000000
25.500000,-26.500000,-157.500000,0.034644,0.000744,1000.000000
26.000000,-26.500000,-157.500000,0.037679,0.000745,1000.000000
26.500000,-26.500000,-157.500000,0.039864,0.000787,1000.000000
27.000000,-26.500000,-157.500000,0.040797,0.000761,1000.000000
27.500000,-26.500000,-157.500000,0.040162,0.000769,1000.000000
28.000000,-26.500000,-157.500000,0.038128,0.000769,1000.000000
28.500000,-26.500000,-157.500000,0.035077,0.000741,1000.000000
29.000000,-26.500000,-157.500000,0.031006,0.000753,1000.000000
29.500000,-26.500000,-157.500000,0.026569,0.000729,1000.000000
30.000000,-26.500000,-157.500000,0.021741,0.000728,1000.000000
30.500000,-26.500000,-157.500000,0.016907,0.000730,1000.000000
31.000000,-26.500000,-157.500000,0.012224,0.000721,1000.000000
31.500000,-26.500000,-157.500000,0.008013,0.000737,1000.000000
32.000000,-26.500000,-157.500000,0.004073,0.000702,1000.000000
32.500000,-26.500000,-157.500000,0.000713,0.000724,1000.000000
33.000000,-26.500000,-157.500000,-0.002230,0.000699,1000.000000
33.500000,-26.500000,-157.500000,-0.004607,0.000692,1000.000000
34.000000,-26.500000,-157.500000,-0.006626,0.000672,1000.000000
34.500000,-26.500000,-157.500000,-0.008133,0.000702,1000.000000
19.500000,-27.000000,-157.500000,-0.004845,0.000653,1000.000000
20.000000,-27.000000,-157.500000,-0.002794,0.000679,1000.000000
20.500000,-27.000000,-157.500000,-0.000301,0.000672,1000.000000
21.000000,-27.000000,-157.500000,0.002785,0.000680,1000.000000
21.500000,-27.000000,-157.500000,0.006426,0.000689,1000.000000
22.000000,-27.000000,-157.500000,0.010608,0.000683,1000.000000
22.500000,-27.000000,-157.500000,0.015356,0.000685,1000.000000
23.000000,-27.000000,-157.500000,0.020788,0.000730,1000.000000
23.500000,-27.000000,-157.500000,0.026879,0.000739,1000.000000
24.000000,-27.000000,-157.500000,0.033516,0.000723,1000.000000
24.500000,-27.000000,-157.500000,0.040172,0.000773,1000.000000
25.000000,-27.000000,-157.500000,0.046941,0.000769,1000.000000
25.500000,-27.000000,-157.500000,0.052830,0.000765,1000.000000
26.000000,-27.000000,-157.500000,0.057536,0.000749,1000.000000
26.500000,-27.000000,-157.500000,0.060523,0.000771,1000.000000
27.000000,-27.000000,-157.500000,0.061581,0.000790,1000.000000
27.500000,-27.000000,-157.500000,0.060320,0.000824,1000.000000
28.000000,-27.000000,-157.500000,0.057176,0.000797,1000.000000
28.500000,-27.000000,-157.500000,0.052599,0.000798,1000.000000
29.000000,-27.000000,-157.500000,0.046725,0.000735,1000.000000
29.500000,-27.000000,-157.500000,0.040390,0.000772,1000.000000
30.000000,-27.000000,-157.500000,0.033580,0.000772,1000.000000
30.500000,-27.000000,-157.500000,0.026843,0.000782,1000.000000
31.000000,-27.000000,-157.500000,0.020336,0.000719,1000.000000
31.500000,-27.000000,-157.500000,0.014584,0.000708,1000.000000
32.000000,-27.000000,-157.500000,0.009275,0.000720,1000.000000
32.500000,-27.000000,-157.500000,0.004721,0.000696,1000.000000
33.000000,-27.000000,-157.500000,0.000830,0.000716,1000.000000
33.500000,-27.000000,-157.500000,-0.002239,0.000691,1000.000000
34.000000,-27.000000,-157.500000,-0.004783,0.000673,1000.000000
34.500000,-27.000000,-157.500000,-0.006789,0.000672,1000.000000
19.500000,-27.500000,-157.500000,-0.003166,0.000666,1000.000000
20.000000,-27.500000,-157.500000,-0.000553,0.000645,1000.000000
20.500000,-27.500000,-157.500000,0.002703,0.000644,1000.000000
21.000000,-27.500000,-157.500000,0.006607,0.000670,1000.000000
21.500000,-27.500000,-157.500000,0.011378,0.000723,1000.000000
22.000000,-27.500000,-157.500000,0.016945,0.000686,1000.000000
22.500000,-27.500000,-157.500000,0.023388,0.000739,1000.000000
23.000000,-27.500000,-157.500000,0.031105,0.000685,1000.000000
23.500000,-27.500000,-157.500000,0.039637,0.000713,1000.000000
24.000000,-27.500000,-157.500000,0.049117,0.000827,1000.000000
24.500000,-27.500000,-157.500000,0.058807,0.000701,1000.000000
25.000000,-27.500000,-157.500000,0.068669,0.000740,1000.000000
25.500000,-27.500000,-157.500000,0.077075,0.000760,1000.000000
26.000000,-27.500000,-157.500000,0.083839,0.000890,1000.000000
26.500000,-27.500000,-157.500000,0.087841,0.000876,1000.000000
27.000000,-27.500000,-157.500000,0.089304,0.000886,1000.000000
27.500000,-27.500000,-157.500000,0.087476,0.000882,1000.000000
28.000000,-27.500000,-157.500000,0.082876,0.000809,1000.000000
28.500000,-27.500000,-157.500000,0.076053,0.000823,1000.000000
29.000000,-27.500000,-157.500000,0.067675,0.000779,1000.000000
29.500000,-27.500000,-157.500000,0.058417,0.000813,1000.000000
30.000000,-27.500000,-157.500000,0.048756,0.000820,1000.000000
30.500000,-27.500000,-157.500000,0.039433,0.000811,1000.000000
31.000000,-27.500000,-157.500000,0.030565,0.000753,1000.000000
31.500000,-27.500000,-157.500000,0.022627,0.000748,1000.000000
32.000000,-27.500000,-157.500000,0.015480,0.000733,1000.000000
32.500000,-27.500000,-157.500000,0.009555,0.000691,1000.000000
33.000000,-27.500000,-157.500000,0.004422,0.000703,1000.000000
33.500000,-27.500000,-157.500000,0.000493,0.000688,1000.000000
34.000000,-27.500000,-157.500000,-0.002735,0.000675,1000.000000
34.500000,-27.500000,-157.500000,-0.005294,0.000711,1000.000000
19.500000,-28.000000,-157.500000,-0.001144,0.000645,1000.000000
20.000000,-28.000000,-157.500000,0.002088,0.000637,1000.000000
20.500000,-28.000000,-157.500000,0.006127,0.000672,1000.000000
21.000000,-28.000000,-157.500000,0.011211,0.000684,1000.000000
21.500000,-28.000000,-157.500000,0.017551,0.000680,1000.000000
22.000000,-28.000000,-157.500000,0.024995,0.000717,1000.000000
22.500000,-28.000000,-157.500000,0.033874,0.000744,1000.000000
23.000000,-28.000000,-157.500000,0.044400,0.000766,1000.000000
23.500000,-28.000000,-157.500000,0.056595,0.000747,1000.000000
24.000000,-28.000000,-157.500000,0.070160,0.000814,1000.000000
24.500000,-28.000000,-157.500000,0.084178,0.000842,1000.000000
25.000000,-28.000000,-157.500000,0.097886,0.000842,1000.000000
25.500000,-28.000000,-157.500000,0.109960,0.000887,1000.000000
26.000000,-28.000000,-157.500000,0.119150,0.000893,1000.000000
26.500000,-28.000000,-157.500000,0.124870,0.000923,1000.000000
27.000000,-28.000000,-157.500000,0.126040,0.000925,1000.000000
27.500000,-28.000000,-157.500000,0.123080,0.000946,1000.000000
28.000000,-28.000000,-157.500000,0.116560,0.000925,1000.000000
28.500000,-28.000000,-157.500000,0.107080,0.000896,1000.000000
29.000000,-28.000000,-157.500000,0.095517,0.000866,1000.000000
29.500000,-28.000000,-157.500000,0.082623,0.000851,1000.000000
30.000000,-28.000000,-157.500000,0.069137,0.000828,1000.000000
30.500000,-28.000000,-157.500000,0.056067,0.000801,1000.000000
31.000000,-28.000000,-157.500000,0.043708,0.000789,1000.000000
31.500000,-28.000000,-157.500000,0.032980,0.000766,1000.000000
32.000000,-28.000000,-157.500000,0.023475,0.000721,1000.000000
32.500000,-28.000000,-157.500000,0.015491,0.000700,1000.000000
33.000000,-28.000000,-157.500000,0.008927,0.000723,1000.000000
33.500000,-28.000000,-157.500000,0.003880,0.000711,1000.000000
34.000000,-28.000000,-157.500000,-0.000250,0.000695,1000.000000
34.500000,-28.000000,-157.500000,-0.003404,0.000703,1000.000000
19.500000,-28.500000,-157.500000,0.000977,0.000702,1000.000000
20.000000,-28.500000,-157.500000,0.005056,0.000661,1000.000000
20.500000,-28.500000,-157.500000,0.010114,0.000684,1000.000000
21.000000,-28.500000,-157.500000,0.016574,0.000695,1000.000000
21.500000,-28.500000,-157.500000,0.024888,0.000686,1000.000000
22.000000,-28.500000,-157.500000,0.034576,0.000706,1000.000000
22.500000,-28.500000,-157.500000,0.046463,0.000746,1000.000000
23.000000,-28.500000,-157.500000,0.060972,0.000794,1000.000000
23.500000,-28.500000,-157.500000,0.077721,0.000787,1000.000000
24.000000,-28.500000,-157.500000,0.096353,0.000843,1000.000000
24.500000,-28.500000,-157.500000,0.115510,0.000907,1000.000000
25.000000,-28.500000,-157.500000,0.133890,0.000932,1000.000000
25.500000,-28.500000,-157.500000,0.149400,0.000983,1000.000000
26.000000,-28.500000,-157.500000,0.161230,0.000997,1000.000000
26.500000,-28.500000,-157.500000,0.167890,0.001013,1000.000000
27.000000,-28.500000,-157.500000,0.168550,0.001022,1000.000000
27.500000,-28.500000,-157.500000,0.164260,0.001004,1000.000000
28.000000,-28.500000,-157.500000,0.155720,0.000998,1000.000000
28.500000,-28.500000,-157.500000,0.143680,0.000993,1000.000000
29.000000,-28.500000,-157.500000,0.128980,0.000933,1000.000000
29.500000,-28.500000,-157.500000,0.111870,0.000892,1000.000000
30.000000,-28.500000,-157.500000,0.093990,0.000881,1000.000000
30.500000,-28.500000,-157.500000,0.076463,0.000844,1000.000000
31.000000,-28.500000,-157.500000,0.059891,0.000827,1000.000000
31.500000,-28.500000,-157.500000,0.045402,0.000788,1000.000000
32.000000,-28.500000,-157.500000,0.032867,0.000759,1000.000000
32.500000,-28.500000,-157.500000,0.022553,0.000730,1000.000000
33.000000,-28.500000,-157.500000,0.014256,0.000698,1000.000000
33.500000,-28.500000,-157.500000,0.007788,0.000712,1000.000000
34.000000,-28.500000,-157.500000,0.002580,0.000693,1000.000000
34.500000,-28.500000,-157.500000,-0.001352,0.000697,1000.000000
19.500000,-29.000000,-157.500000,0.003453,0.000650,1000.000000
20.000000,-29.000000,-157.500000,0.008383,0.000692,1000.000000
20.500000,-29.000000,-157.500000,0.014647,0.000665,1000.000000
21.000000,-29.000000,-157.500000,0.022755,0.000678,1000.000000
21.500000,-29.000000,-157.500000,0.033133,0.000707,1000.000000
22.000000,-29.000000,-157.500000,0.045942,0.000744,1000.000000
22.500000,-29.000000,-157.500000,0.061788,0.000756,1000.000000
23.000000,-29.000000,-157.500000,0.081337,0.000807,1000.000000
23.500000,-29.000000,-157.500000,0.103620,0.000868,1000.000000
24.000000,-29.000000,-157.500000,0.128230,0.000948,1000.000000
24.500000,-29.000000,-157.500000,0.152730,0.000977,1000.000000
25.000000,-29.000000,-157.500000,0.174920,0.001047,1000.000000
25.500000,-29.000000,-157.500000,0.192670,0.001032,1000.000000
26.000000,-29.000000,-157.500000,0.205420,0.001075,1000.000000
26.500000,-29.000000,-157.500000,0.212260,0.001126,1000.000000
27.000000,-29.000000,-157.500000,0.212910,0.001098,1000.000000
27.500000,-29.000000,-157.500000,0.208360,0.001120,1000.000000
28.000000,-29.000000,-157.500000,0.199010,0.001078,1000.000000
28.500000,-29.000000,-157.500000,0.184850,0.001047,1000.000000
29.000000,-29.000000,-157.500000,0.167030,0.001018,1000.000000
29.500000,-29.000000,-157.500000,0.146050,0.000991,1000.000000
30.000000,-29.000000,-157.500000,0.123690,0.000939,1000.000000
30.500000,-29.000000,-157.500000,0.101150,0.000897,1000.000000
31.000000,-29.000000,-157.500000,0.079740,0.000860,1000.000000
31.500000,-29.000000,-157.500000,0.060628,0.000817,1000.000000
32.000000,-29.000000,-157.500000,0.044173,0.000794,1000.000000
32.500000,-29.000000,-157.500000,0.030843,0.000740,1000.000000
33.000000,-29.000000,-157.500000,0.020154,0.000740,1000.000000
33.500000,-29.000000,-157.500000,0.012045,0.000725,1000.000000
34.000000,-29.000000,-157.500000,0.005612,0.000740,1000.000000
34.500000,-29.000000,-157.500000,0.000825,0.000702,1000.000000
19.500000,-29.500000,-157.500000,0.006130,0.000680,1000.000000
20.000000,-29.500000,-157.500000,0.012018,0.000689,1000.000000
20.500000,-29.500000,-157.500000,0.019650,0.000676,1000.000000
21.000000,-29.500000,-157.500000,0.029801,0.000716,1000.000000
21.500000,-29.500000,-157.500000,0.042872,0.000753,1000.000000
22.000000,-29.500000,-157.500000,0.059431,0.000758,1000.000000
22.500000,-29.500000,-157.500000,0.080190,0.000816,1000.000000
23.000000,-29.500000,-157.500000,0.105590,0.000868,1000.000000
23.500000,-29.500000,-157.500000,0.134250,0.000916,1000.000000
24.000000,-29.500000,-157.500000,0.164570,0.001007,1000.000000
24.500000,-29.500000,-157.500000,0.193170,0.001043,1000.000000
25.000000,-29.500000,-157.500000,0.217520,0.001109,1000.000000
25.500000,-29.500000,-157.500000,0.236030,0.001163,1000.000000
26.000000,-29.500000,-157.500000,0.248480,0.001215,1000.000000
26.500000,-29.500000,-157.500000,0.254730,0.001225,1000.000000
27.000000,-29.500000,-157.500000,0.254730,0.001194,1000.000000
27.500000,-29.500000,-157.500000,0.249960,0.001217,1000.000000
28.000000,-29.500000,-157.500000,0.240430,0.001178,1000.000000
28.500000,-29.500000,-157.500000,0.225800,0.001142,1000.000000
29.000000,-29.500000,-157.500000,0.206780,0.001121,1000.000000
29.500000,-29.500000,-157.500000,0.183370,0.001030,1000.000000
30.000000,-29.500000,-157.500000,0.157400,0.001009,1000.000000
30.500000,-29.500000,-157.500000,0.130080,0.000948,1000.000000
31.000000,-29.500000,-157.500000,0.103180,0.000895,1000.000000
31.500000,-29.500000,-157.500000,0.078694,0.000863,1000.000000
32.000000,-29.500000,-157.500000,0.057512,0.000816,1000.000000
32.500000,-29.500000,-157.500000,0.040392,0.000772,1000.000000
33.000000,-29.500000,-157.500000,0.026983,0.000744,1000.000000
33.500000,-29.500000,-157.500000,0.016830,0.000714,1000.000000
34.000000,-29.500000,-157.500000,0.009085,0.000697,1000.000000
34.500000,-29.500000,-157.500000,0.003231,0.000703,1000.000000
19.500000,-30.000000,-157.500000,0.008804,0.000684,1000.000000
20.000000,-30.000000,-157.500000,0.015711,0.000673,1000.000000
20.500000,-30.000000,-157.500000,0.025017,0.000676,1000.000000
21.000000,-30.000000,-157.500000,0.037244,0.000681,1000.000000
21.500000,-30.000000,-157.500000,0.053477,0.000746,1000.000000
22.000000,-30.000000,-157.500000,0.074200,0.000762,1000.000000
22.500000,-30.000000,-157.500000,0.100250,0.000834,1000.000000
23.000000,-30.000000,-157.500000,0.131970,0.000904,1000.000000
23.500000,-30.000000,-157.500000,0.166370,0.001009,1000.000000
24.000000,-30.000000,-157.500000,0.200710,0.001044,1000.000000
24.500000,-30.000000,-157.500000,0.231540,0.001134,1000.000000
25.000000,-30.000000,-157.500000,0.255500,0.001162,1000.000000
25.500000,-30.000000,-157.500000,0.272630,0.001212,1000.000000
26.000000,-30.000000,-157.500000,0.283810,0.001274,1000.000000
26.500000,-30.000000,-157.500000,0.289420,0.001321,1000.000000
27.000000,-30.000000,-157.500000,0.288380,0.001316,1000.000000
27.500000,-30.000000,-157.500000,0.283420,0.001302,1000.000000
28.000000,-30.000000,-157.500000,0.274220,0.001264,1000.000000
28.500000,-30.000000,-157.500000,0.260440,0.001216,1000.000000
29.000000,-30.000000,-157.500000,0.242040,0.001167,1000.000000
29.500000,-30.000000,-157.500000,0.218450,0.001131,1000.000000
30.000000,-30.000000,-157.500000,0.190520,0.001117,1000.000000
30.500000,-30.000000,-157.500000,0.159580,0.001024,1000.000000
31.000000,-30.000000,-157.500000,0.127780,0.000954,1000.000000
31.500000,-30.000000,-157.500000,0.098128,0.000897,1000.000000
32.000000,-30.000000,-157.500000,0.072154,0.000833,1000.000000
32.500000,-30.000000,-157.500000,0.050900,0.000768,1000.000000
33.000000,-30.000000,-157.500000,0.034295,0.000777,1000.000000
33.500000,-30.000000,-157.500000,0.021795,0.000765,1000.000000
34.000000,-30.000000,-157.500000,0.012484,0.000717,1000.000000
34.500000,-30.000000,-157.500000,0.005591,0.000689,1000.000000
19.500000,-30.500000,-157.500000,0.011297,0.000662,1000.000000
20.000000,-30.500000,-157.500000,0.019473,0.000677,1000.000000
20.500000,-30.500000,-157.500000,0.030374,0.000672,1000.000000
21.000000,-30.500000,-157.500000,0.044952,0.000711,1000.000000
21.500000,-30.500000,-157.500000,0.064465,0.000758,1000.000000
22.000000,-30.500000,-157.500000,0.089670,0.000828,1000.000000
22.500000,-30.500000,-157.500000,0.121160,0.000874,1000.000000
23.000000,-30.500000,-157.500000,0.158320,0.000963,1000.000000
23.500000,-30.500000,-157.500000,0.196710,0.001085,1000.000000
24.000000,-30.500000,-157.500000,0.232890,0.001150,1000.000000
24.500000,-30.500000,-157.500000,0.263220,0.001184,1000.000000
25.000000,-30.500000,-157.500000,0.285200,0.001299,1000.000000
25.500000,-30.500000,-157.500000,0.300440,0.001276,1000.000000
26.000000,-30.500000,-157.500000,0.310100,0.001283,1000.000000
26.500000,-30.500000,-157.500000,0.314460,0.001352,1000.000000
27.000000,-30.500000,-157.500000,0.313170,0.001378,1000.000000
27.500000,-30.500000,-157.500000,0.308460,0.001365,1000.000000
28.000000,-30.500000,-157.500000,0.300320,0.001316,1000.000000
28.500000,-30.500000,-157.500000,0.287450,0.001289,1000.000000
29.000000,-30.500000,-157.500000,0.270430,0.001239,1000.000000
29.500000,-30.500000,-157.500000,0.248030,0.001176,1000.000000
30.000000,-30.500000,-157.500000,0.220240,0.001124,1000.000000
30.500000,-30.500000,-157.500000,0.187740,0.001080,1000.000000
31.000000,-30.500000,-157.500000,0.152420,0.001051,1000.000000
31.500000,-30.500000,-157.500000,0.118120,0.000933,1000.000000
32.000000,-30.500000,-157.500000,0.087201,0.000846,1000.000000
32.500000,-30.500000,-157.500000,0.061666,0.000777,1000.000000
33.000000,-30.500000,-157.500000,0.041660,0.000773,1000.000000
33.500000,-30.500000,-157.500000,0.026926,0.000712,1000.000000
34.000000,-30.500000,-157.500000,0.015914,0.000704,1000.000000
34.500000,-30.500000,-157.500000,0.007995,0.000731,1000.000000
19.500000,-31.000000,-157.500000,0.013697,0.000656,1000.000000
20.000000,-31.000000,-157.500000,0.022825,0.000683,1000.000000
20.500000,-31.000000,-157.500000,0.035234,0.000678,1000.000000
21.000000,-31.000000,-157.500000,0.052161,0.000736,1000.000000
21.500000,-31.000000,-157.500000,0.074872,0.000749,1000.000000
22.000000,-31.000000,-157.500000,0.104330,0.000848,1000.000000
22.500000,-31.000000,-157.500000,0.140490,0.000904,1000.000000
23.000000,-31.000000,-157.500000,0.181720,0.000997,1000.000000
23.500000,-31.000000,-157.500000,0.222260,0.001104,1000.000000
24.000000,-31.000000,-157.500000,0.258600,0.001162,1000.000000
24.500000,-31.000000,-157.500000,0.287290,0.001255,1000.000000
25.000000,-31.000000,-157.500000,0.307450,0.001306,1000.000000
25.500000,-31.000000,-157.500000,0.320940,0.001377,1000.000000
26.000000,-31.000000,-157.500000,0.329510,0.001369,1000.000000
26.500000,-31.000000,-157.500000,0.332570,0.001376,1000.000000
27.000000,-31.000000,-157.500000,0.330790,0.001387,1000.000000
27.500000,-31.000000,-157.500000,0.326080,0.001364,1000.000000
28.000000,-31.000000,-157.500000,0.318290,0.001376,1000.000000
28.500000,-31.000000,-157.500000,0.307470,0.001332,1000.000000
29.000000,-31.000000,-157.500000,0.292410,0.001288,1000.000000
29.500000,-31.000000,-157.500000,0.271780,0.001249,1000.000000
30.000000,-31.000000,-157.500000,0.245650,0.001202,1000.000000
30.500000,-31.000000,-157.500000,0.213630,0.001136,1000.000000
31.000000,-31.000000,-157.500000,0.176280,0.001043,1000.000000
31.500000,-31.000000,-157.500000,0.137350,0.000981,1000.000000
32.000000,-31.000000,-157.500000,0.101540,0.000905,1000.000000
32.500000,-31.000000,-157.500000,0.071960,0.000842,1000.000000
33.000000,-31.000000,-157.500000,0.048752,0.000796,1000.000000
33.500000,-31.000000,-157.500000,0.031737,0.000729,1000.000000
34.000000,-31.000000,-157.500000,0.019141,0.000736,1000.000000
34.500000,-31.000000,-157.500000,0.010218,0.000712,1000.000000
19.500000,-31.500000,-157.500000,0.015574,0.000643,1000.000000
20.000000,-31.500000,-157.500000,0.025667,0.000672,1000.000000
20.500000,-31.500000,-157.500000,0.039345,0.000730,1000.000000
21.000000,-31.500000,-157.500000,0.058426,0.000715,1000.000000
21.500000,-31.500000,-157.500000,0.083825,0.000798,1000.000000
22.000000,-31.500000,-157.500000,0.116820,0.000853,1000.000000
22.500000,-31.500000,-157.500000,0.156740,0.000936,1000.000000
23.000000,-31.500000,-157.500000,0.200700,0.001016,1000.000000
23.500000,-31.500000,-157.500000,0.241700,0.001144,1000.000000
24.000000,-31.500000,-157.500000,0.276610,0.001235,1000.000000
24.500000,-31.500000,-157.500000,0.303350,0.001278,1000.000000
25.000000,-31.500000,-157.500000,0.321720,0.001364,1000.000000
25.500000,-31.500000,-157.500000,0.333990,0.001370,1000.000000
26.000000,-31.500000,-157.500000,0.340990,0.001398,1000.000000
26.500000,-31.500000,-157.500000,0.343820,0.001394,1000.000000
27.000000,-31.500000,-157.500000,0.342500,0.001383,1000.000000
27.500000,-31.500000,-157.500000,0.338610,0.001362,1000.000000
28.000000,-31.500000,-157.500000,0.332260,0.001376,1000.000000
28.500000,-31.500000,-157.500000,0.321740,0.001372,1000.000000
29.000000,-31.500000,-157.500000,0.307640,0.001330,1000.000000
29.500000,-31.500000,-157.500000,0.288350,0.001338,1000.000000
30.000000,-31.500000,-157.500000,0.263520,0.001221,1000.000000
30.500000,-31.500000,-157.500000,0.231890,0.001168,1000.000000
31.000000,-31.500000,-157.500000,0.194240,0.001090,1000.000000
31.500000,-31.500000,-157.500000,0.153550,0.001016,1000.000000
32.000000,-31.500000,-157.500000,0.114380,0.000894,1000.000000
32.500000,-31.500000,-157.500000,0.081117,0.000843,1000.000000
33.000000,-31.500000,-157.500000,0.054905,0.000795,1000.000000
33.500000,-31.500000,-157.500000,0.035892,0.000707,1000.000000
34.000000,-31.500000,-157.500000,0.021959,0.000729,1000.000000
34.500000,-31.500000,-157.500000,0.012100,0.000716,1000.000000
19.500000,-32.000000,-157.500000,0.017088,0.000663,1000.000000
20.000000,-32.000000,-157.500000,0.027923,0.000679,1000.000000
20.500000,-32.000000,-157.500000,0.042658,0.000701,1000.000000
21.000000,-32.000000,-157.500000,0.063436,0.000747,1000.000000
21.500000,-32.000000,-157.500000,0.091082,0.000798,1000.000000
22.000000,-32.000000,-157.500000,0.126790,0.000862,1000.000000
22.500000,-32.000000,-157.500000,0.169320,0.000960,1000.000000
23.000000,-32.000000,-157.500000,0.214750,0.001065,1000.000000
23.500000,-32.000000,-157.500000,0.256080,0.001158,1000.000000
24.000000,-32.000000,-157.500000,0.289900,0.001277,1000.000000
24.500000,-32.000000,-157.500000,0.314860,0.001333,1000.000000
25.000000,-32.000000,-157.500000,0.331950,0.001333,1000.000000
25.500000,-32.000000,-157.500000,0.343080,0.001375,1000.000000
26.000000,-32.000000,-157.500000,0.349320,0.001413,1000.000000
26.500000,-32.000000,-157.500000,0.351550,0.001410,1000.000000
27.000000,-32.000000,-157.500000,0.349430,0.001398,1000.000000
27.500000,-32.000000,-157.500000,0.345340,0.001408,1000.000000
28.000000,-32.000000,-157.500000,0.339180,0.001393,1000.000000
28.500000,-32.000000,-157.500000,0.329830,0.001376,1000.000000
29.000000,-32.000000,-157.500000,0.317620,0.001358,1000.000000
29.500000,-32.000000,-157.500000,0.299730,0.001307,1000.000000
30.000000,-32.000000,-157.500000,0.276430,0.001264,1000.000000
30.500000,-32.000000,-157.500000,0.246520,0.001205,1000.000000
31.000000,-32.000000,-157.500000,0.209290,0.001105,1000.000000
31.500000,-32.000000,-157.500000,0.166600,0.001006,1000.000000
32.000000,-32.000000,-157.500000,0.124460,0.000926,1000.000000
32.500000,-32.000000,-157.500000,0.088292,0.000855,1000.000000
33.000000,-32.000000,-157.500000,0.059826,0.000782,1000.000000
33.500000,-32.000000,-157.500000,0.039114,0.000757,1000.000000
34.000000,-32.000000,-157.500000,0.024155,0.000742,1000.000000
34.500000,-32.000000,-157.500000,0.013530,0.000684,1000.000000
19.500000,-32.500000,-157.500000,0.017865,0.000659,1000.000000
20.000000,-32.500000,-157.500000,0.029219,0.000667,1000.000000
20.500000,-32.500000,-157.500000,0.044604,0.000704,1000.000000
21.000000,-32.500000,-157.500000,0.066335,0.000764,1000.000000
21.500000,-32.500000,-157.500000,0.095333,0.000803,1000.000000
22.000000,-32.500000,-157.500000,0.132880,0.000869,1000.000000
22.500000,-32.500000,-157.500000,0.177080,0.000995,1000.000000
23.000000,-32.500000,-157.500000,0.223210,0.001074,1000.000000
23.500000,-32.500000,-157.500000,0.263900,0.001176,1000.000000
24.000000,-32.500000,-157.500000,0.296520,0.001266,1000.000000
24.500000,-32.500000,-157.500000,0.320730,0.001346,1000.000000
25.000000,-32.500000,-157.500000,0.336960,0.001368,1000.000000
25.500000,-32.500000,-157.500000,0.347800,0.001389,1000.000000
26.000000,-32.500000,-157.500000,0.354050,0.001433,1000.000000
26.500000,-32.500000,-157.500000,0.356520,0.001424,1000.000000
27.000000,-32.500000,-157.500000,0.354910,0.001394,1000.000000
27.500000,-32.500000,-157.500000,0.351410,0.001414,1000.000000
28.000000,-32.500000,-157.500000,0.345880,0.001399,1000.000000
28.500000,-32.500000,-157.500000,0.336240,0.001372,1000.000000
29.000000,-32.500000,-157.500000,0.323510,0.001327,1000.000000
29.500000,-32.500000,-157.500000,0.305730,0.001323,1000.000000
30.000000,-32.500000,-157.500000,0.283010,0.001270,1000.000000
30.500000,-32.500000,-157.500000,0.253440,0.001217,1000.000000
31.000000,-32.500000,-157.500000,0.216270,0.001105,1000.000000
31.500000,-32.500000,-157.500000,0.173820,0.001028,1000.000000
32.000000,-32.500000,-157.500000,0.131060,0.000955,1000.000000
32.500000,-32.500000,-157.500000,0.093377,0.000848,1000.000000
33.000000,-32.500000,-157.500000,0.063272,0.000814,1000.000000
33.500000,-32.500000,-157.500000,0.041373,0.000765,1000.000000
34.000000,-32.500000,-157.500000,0.025545,0.000730,1000.000000
34.500000,-32.500000,-157.500000,0.014398,0.000702,1000.000000
19.500000,-33.000000,-157.500000,0.018342,0.000634,1000.000000
20.000000,-33.000000,-157.500000,0.029921,0.000664,1000.000000
20.500000,-33.000000,-157.500000,0.045729,0.000722,1000.000000
21.000000,-33.000000,-157.500000,0.068014,0.000766,1000.000000
21.500000,-33.000000,-157.500000,0.097811,0.000824,1000.000000
22.000000,-33.000000,-157.500000,0.136140,0.000886,1000.000000
22.500000,-33.000000,-157.500000,0.181050,0.000997,1000.000000
23.000000,-33.000000,-157.500000,0.227260,0.001078,1000.000000
23.500000,-33.000000,-157.500000,0.267870,0.001180,1000.000000
24.000000,-33.000000,-157.500000,0.299860,0.001271,1000.000000
24.500000,-33.000000,-157.500000,0.323890,0.001319,1000.000000
25.000000,-33.000000,-157.500000,0.339450,0.001330,1000.000000
25.500000,-33.000000,-157.500000,0.350300,0.001376,1000.000000
26.000000,-33.000000,-157.500000,0.356010,0.001417,1000.000000
26.500000,-33.000000,-157.500000,0.358200,0.001412,1000.000000
27.000000,-33.000000,-157.500000,0.356590,0.001375,1000.000000
27.500000,-33.000000,-157.500000,0.353200,0.001404,1000.000000
28.000000,-33.000000,-157.500000,0.347490,0.001379,1000.000000
28.500000,-33.000000,-157.500000,0.338020,0.001301,1000.000000
29.000000,-33.000000,-157.500000,0.325590,0.001283,1000.000000
29.500000,-33.000000,-157.500000,0.308580,0.001279,1000.000000
30.000000,-33.000000,-157.500000,0.286060,0.001337,1000.000000
30.500000,-33.000000,-157.500000,0.256610,0.001155,1000.000000
31.000000,-33.000000,-157.500000,0.220090,0.001155,1000.000000
31.500000,-33.000000,-157.500000,0.177130,0.001001,1000.000000
32.000000,-33.000000,-157.500000,0.134120,0.000995,1000.000000
32.500000,-33.000000,-157.500000,0.095534,0.000855,1000.000000
33.000000,-33.000000,-157.500000,0.064723,0.000807,1000.000000
33.500000,-33.000000,-157.500000,0.042232,0.000736,1000.000000
34.000000,-33.000000,-157.500000,0.026121,0.000714,1000.000000
34.500000,-33.000000,-157.500000,0.014793,0.000708,1000.000000
19.500000,-33.500000,-157.500000,0.018123,0.000650,1000.000000
20.000000,-33.500000,-157.500000,0.029579,0.000652,1000.000000
20.500000,-33.500000,-157.500000,0.045325,0.000698,1000.000000
21.000000,-33.500000,-157.500000,0.067485,0.000759,1000.000000
21.500000,-33.500000,-157.500000,0.097126,0.000801,1000.000000
22.000000,-33.500000,-157.500000,0.135380,0.000893,1000.000000
22.500000,-33.500000,-157.500000,0.179840,0.000974,1000.000000
23.000000,-33.500000,-157.500000,0.226110,0.001105,1000.000000
23.500000,-33.500000,-157.500000,0.266820,0.001140,1000.000000
24.000000,-33.500000,-157.500000,0.298850,0.001229,1000.000000
24.500000,-33.500000,-157.500000,0.323220,0.001319,1000.000000
25.000000,-33.500000,-157.500000,0.339140,0.001376,1000.000000
25.500000,-33.500000,-157.500000,0.349810,0.001370,1000.000000
26.000000,-33.500000,-157.500000,0.355680,0.001405,1000.000000
26.500000,-33.500000,-157.500000,0.357730,0.001396,1000.000000
27.000000,-33.500000,-157.500000,0.355960,0.001433,1000.000000
27.500000,-33.500000,-157.500000,0.352730,0.001388,1000.000000
28.000000,-33.500000,-157.500000,0.346570,0.001395,1000.000000
28.500000,-33.500000,-157.500000,0.337000,0.001354,1000.000000
29.000000,-33.500000,-157.500000,0.324350,0.001344,1000.000000
29.500000,-33.500000,-157.500000,0.307830,0.001315,1000.000000
30.000000,-33.500000,-157.500000,0.284900,0.001277,1000.000000
30.500000,-33.500000,-157.500000,0.255580,0.001198,1000.000000
31.000000,-33.500000,-157.500000,0.218950,0.001100,1000.000000
31.500000,-33.500000,-157.500000,0.176420,0.000985,1000.000000
32.000000,-33.500000,-157.500000,0.133230,0.000941,1000.000000
32.500000,-33.500000,-157.500000,0.094749,0.000801,1000.000000
33.000000,-33.500000,-157.500000,0.064104,0.000772,1000.000000
33.500000,-33.500000,-157.500000,0.041701,0.000726,1000.000000
34.000000,-33.500000,-157.500000,0.025598,0.000678,1000.000000
34.500000,-33.500000,-157.500000,0.014459,0.000698,1000.000000
19.500000,-34.000000,-157.500000,0.017015,0.000745,1000.000000
20.000000,-34.000000,-157.500000,0.028120,0.000572,1000.000000
20.500000,-34.000000,-157.500000,0.043142,0.000677,1000.000000
21.000000,-34.000000,-157.500000,0.064508,0.000730,1000.000000
21.500000,-34.000000,-157.500000,0.093054,0.000763,1000.000000
22.000000,-34.000000,-157.500000,0.130100,0.000872,1000.000000
22.500000,-34.000000,-157.500000,0.173530,0.000937,1000.000000
23.000000,-34.000000,-157.500000,0.219350,0.001066,1000.000000
23.500000,-34.000000,-157.500000,0.260580,0.001198,1000.000000
24.000000,-34.000000,-157.500000,0.293380,0.001277,1000.000000
24.500000,-34.000000,-157.500000,0.318790,0.001243,1000.000000
25.000000,-34.000000,-157.500000,0.335040,0.001343,1000.000000
25.500000,-34.000000,-157.500000,0.346260,0.001361,1000.000000
26.000000,-34.000000,-157.500000,0.352410,0.001412,1000.000000
26.500000,-34.000000,-157.500000,0.354610,0.001413,1000.000000
27.000000,-34.000000,-157.500000,0.352880,0.001412,1000.000000
27.500000,-34.000000,-157.500000,0.349470,0.001479,1000.000000
28.000000,-34.000000,-157.500000,0.343510,0.001379,1000.000000
28.500000,-34.000000,-157.500000,0.333510,0.001301,1000.000000
29.000000,-34.000000,-157.500000,0.320380,0.001328,1000.000000
29.500000,-34.000000,-157.500000,0.303520,0.001250,1000.000000
30.000000,-34.000000,-157.500000,0.279930,0.001258,1000.000000
30.500000,-34.000000,-157.500000,0.250420,0.001177,1000.000000
31.000000,-34.000000,-157.500000,0.213350,0.001095,1000.000000
31.500000,-34.000000,-157.500000,0.170800,0.001070,1000.000000
32.000000,-34.000000,-157.500000,0.128320,0.000936,1000.000000
32.500000,-34.000000,-157.500000,0.090926,0.000854,1000.000000
33.000000,-34.000000,-157.500000,0.061249,0.000822,1000.000000
33.500000,-34.000000,-157.500000,0.039820,0.000768,1000.000000
34.000000,-34.000000,-157.500000,0.024221,0.000640,1000.000000
34.500000,-34.000000,-157.500000,0.013481,0.000638,1000.000000
19.500000,-34.500000,-157.500000,0.015475,0.000625,1000.000000
20.000000,-34.500000,-157.500000,0.025888,0.000611,1000.000000
20.500000,-34.500000,-157.500000,0.040000,0.000737,1000.000000
21.000000,-34.500000,-157.500000,0.059753,0.000797,1000.000000
21.500000,-34.500000,-157.500000,0.086388,0.000684,1000.000000
22.000000,-34.500000,-157.500000,0.121120,0.000905,1000.000000
22.500000,-34.500000,-157.500000,0.162370,0.000927,1000.000000
23.000000,-34.500000,-157.500000,0.207230,0.000994,1000.000000
23.500000,-34.500000,-157.500000,0.248700,0.001116,1000.000000
24.000000,-34.500000,-157.500000,0.282610,0.001128,1000.000000
24.500000,-34.500000,-157.500000,0.309210,0.001220,1000.000000
25.000000,-34.500000,-157.500000,0.326690,0.001259,1000.000000
25.500000,-34.500000,-157.500000,0.338700,0.001396,1000.000000
26.000000,-34.500000,-157.500000,0.345250,0.001326,1000.000000
26.500000,-34.500000,-157.500000,0.347660,0.001382,1000.000000
27.000000,-34.500000,-157.500000,0.346090,0.001328,1000.000000
27.500000,-34.500000,-157.500000,0.342740,0.001285,1000.000000
28.000000,-34.500000,-157.500000,0.336310,0.001325,1000.000000
28.500000,-34.500000,-157.500000,0.326390,0.001293,1000.000000
29.000000,-34.500000,-157.500000,0.312570,0.001411,1000.000000
29.500000,-34.500000,-157.500000,0.294700,0.001392,1000.000000
30.000000,-34.500000,-157.500000,0.270150,0.001280,1000.000000
30.500000,-34.500000,-157.500000,0.239270,0.001081,1000.000000
31.000000,-34.500000,-157.500000,0.201910,0.001106,1000.000000
31.500000,-34.500000,-157.500000,0.160050,0.000920,1000.000000
32.000000,-34.500000,-157.500000,0.119290,0.000887,1000.000000
32.500000,-34.500000,-157.500000,0.084263,0.000866,1000.000000
33.000000,-34.500000,-157.500000,0.056623,0.000728,1000.000000
33.500000,-34.500000,-157.500000,0.036598,0.000701,1000.000000
34.000000,-34.500000,-157.500000,0.022086,0.000713,1000.000000
34.500000,-34.500000,-157.500000,0.011943,0.000671,1000.000000
19.500000,-35.000000,-157.500000,0.013573,0.000559,1000.000000
20.000000,-35.000000,-157.500000,0.023127,0.000621,1000.000000
20.500000,-35.000000,-157.500000,0.035952,0.000660,1000.000000
21.000000,-35.000000,-157.500000,0.053830,0.000692,1000.000000
21.500000,-35.000000,-157.500000,0.078002,0.000746,1000.000000
22.000000,-35.000000,-157.500000,0.109290,0.000801,1000.000000
22.500000,-35.000000,-157.500000,0.147310,0.000857,1000.000000
23.000000,-35.000000,-157.500000,0.189900,0.000973,1000.000000
23.500000,-35.000000,-157.500000,0.230870,0.001136,1000.000000
24.000000,-35.000000,-157.500000,0.266180,0.001097,1000.000000
24.500000,-35.000000,-157.500000,0.294630,0.001243,1000.000000
25.000000,-35.000000,-157.500000,0.313390,0.001307,1000.000000
25.500000,-35.000000,-157.500000,0.326210,0.001318,1000.000000
26.000000,-35.000000,-157.500000,0.333650,0.001264,1000.000000
26.500000,-35.000000,-157.500000,0.336460,0.001251,1000.000000
27.000000,-35.000000,-157.500000,0.335290,0.001327,1000.000000
27.500000,-35.000000,-157.500000,0.331810,0.001298,1000.000000
28.000000,-35.000000,-157.500000,0.325270,0.001366,1000.000000
28.500000,-35.000000,-157.500000,0.314510,0.001320,1000.000000
29.000000,-35.000000,-157.500000,0.299550,0.001243,1000.000000
29.500000,-35.000000,-157.500000,0.280350,0.001254,1000.000000
30.000000,-35.000000,-157.500000,0.254520,0.001164,1000.000000
30.500000,-35.000000,-157.500000,0.222870,0.001106,1000.000000
31.000000,-35.000000,-157.500000,0.185290,0.001013,1000.000000
31.500000,-35.000000,-157.500000,0.145220,0.000907,1000.000000
32.000000,-35.000000,-157.500000,0.107380,0.000811,1000.000000
32.500000,-35.000000,-157.500000,0.075431,0.000804,1000.000000
33.000000,-35.000000,-157.500000,0.050565,0.000731,1000.000000
33.500000,-35.000000,-157.500000,0.032533,0.000712,1000.000000
34.000000,-35.000000,-157.500000,0.019303,0.000694,1000.000000
34.500000,-35.000000,-157.500000,0.010078,0.000668,1000.000000
19.500000,-35.500000,-157.500000,0.011304,0.000671,1000.000000
20.000000,-35.500000,-157.500000,0.019800,0.000643,1000.000000
20.500000,-35.500000,-157.500000,0.031289,0.000687,1000.000000
21.000000,-35.500000,-157.500000,0.046944,0.000661,1000.000000
21.500000,-35.500000,-157.500000,0.068006,0.000713,1000.000000
22.000000,-35.500000,-157.500000,0.095340,0.000820,1000.000000
22.500000,-35.500000,-157.500000,0.129050,0.000858,1000.000000
23.000000,-35.500000,-157.500000,0.168080,0.000970,1000.000000
23.500000,-35.500000,-157.500000,0.207500,0.000986,1000.000000
24.000000,-35.500000,-157.500000,0.243400,0.001101,1000.000000
24.500000,-35.500000,-157.500000,0.273150,0.001206,1000.000000
25.000000,-35.500000,-157.500000,0.294070,0.001221,1000.000000
25.500000,-35.500000,-157.500000,0.308450,0.001216,1000.000000
26.000000,-35.500000,-157.500000,0.317010,0.001322,1000.000000
26.500000,-35.500000,-157.500000,0.320640,0.001277,1000.000000
27.000000,-35.500000,-157.500000,0.319540,0.001313,1000.000000
27.500000,-35.500000,-157.500000,0.315990,0.001236,1000.000000
28.000000,-35.500000,-157.500000,0.308630,0.001278,1000.000000
28.500000,-35.500000,-157.500000,0.297390,0.001269,1000.000000
29.000000,-35.500000,-157.500000,0.281020,0.001215,1000.000000
29.500000,-35.500000,-157.500000,0.260460,0.001158,1000.000000
30.000000,-35.500000,-157.500000,0.233180,0.001157,1000.000000
30.500000,-35.500000,-157.500000,0.200720,0.001019,1000.000000
31.000000,-35.500000,-157.500000,0.164140,0.001002,1000.000000
31.500000,-35.500000,-157.500000,0.127030,0.000898,1000.000000
32.000000,-35.500000,-157.500000,0.093190,0.000800,1000.000000
32.500000,-35.500000,-157.500000,0.065148,0.000786,1000.000000
33.000000,-35.500000,-157.500000,0.043471,0.000743,1000.000000
33.500000,-35.500000,-157.500000,0.027716,0.000683,1000.000000
34.000000,-35.500000,-157.500000,0.016008,0.000702,1000.000000
34.500000,-35.500000,-157.500000,0.007794,0.000692,1000.000000
19.500000,-36.000000,-157.500000,0.008836,0.000627,1000.000000
20.000000,-36.000000,-157.500000,0.016222,0.000631,1000.000000
20.500000,-36.000000,-157.500000,0.026131,0.000637,1000.000000
21.000000,-36.000000,-157.500000,0.039395,0.000705,1000.000000
21.500000,-36.000000,-157.500000,0.057303,0.000718,1000.000000
22.000000,-36.000000,-157.500000,0.080330,0.000714,1000.000000
22.500000,-36.000000,-157.500000,0.108770,0.000821,1000.000000
23.000000,-36.000000,-157.500000,0.142650,0.000856,1000.000000
23.500000,-36.000000,-157.500000,0.178620,0.000953,1000.000000
24.000000,-36.000000,-157.500000,0.213420,0.001054,1000.000000
24.500000,-36.000000,-157.500000,0.243940,0.001097,1000.000000
25.000000,-36.000000,-157.500000,0.266650,0.001151,1000.000000
25.500000,-36.000000,-157.500000,0.282870,0.001253,1000.000000
26.000000,-36.000000,-157.500000,0.293090,0.001214,1000.000000
26.500000,-36.000000,-157.500000,0.297460,0.001238,1000.000000
27.000000,-36.000000,-157.500000,0.297000,0.001238,1000.000000
27.500000,-36.000000,-157.500000,0.293200,0.001220,1000.000000
28.000000,-36.000000,-157.500000,0.285350,0.001206,1000.000000
28.500000,-36.000000,-157.500000,0.272590,0.001218,1000.000000
29.000000,-36.000000,-157.500000,0.255190,0.001127,1000.000000
29.500000,-36.000000,-157.500000,0.233010,0.001078,1000.000000
30.000000,-36.000000,-157.500000,0.205170,0.001039,1000.000000
30.500000,-36.000000,-157.500000,0.173390,0.000969,1000.000000
31.000000,-36.000000,-157.500000,0.139230,0.000885,1000.000000
31.500000,-36.000000,-157.500000,0.106540,0.000860,1000.000000
32.000000,-36.000000,-157.500000,0.077689,0.000829,1000.000000
32.500000,-36.000000,-157.500000,0.054014,0.000773,1000.000000
33.000000,-36.000000,-157.500000,0.035847,0.000685,1000.000000
33.500000,-36.000000,-157.500000,0.022436,0.000709,1000.000000
34.000000,-36.000000,-157.500000,0.012489,0.000711,1000.000000
34.500000,-36.000000,-157.500000,0.005321,0.000646,1000.000000
19.500000,-36.500000,-157.500000,0.006230,0.000583,1000.000000
20.000000,-36.500000,-157.500000,0.012676,0.000687,1000.000000
20.500000,-36.500000,-157.500000,0.021064,0.000634,1000.000000
21.000000,-36.500000,-157.500000,0.032146,0.000686,1000.000000
21.500000,-36.500000,-157.500000,0.046670,0.000678,1000.000000
22.000000,-36.500000,-157.500000,0.065335,0.000709,1000.000000
22.500000,-36.500000,-157.500000,0.088538,0.000758,1000.000000
23.000000,-36.500000,-157.500000,0.116460,0.000814,1000.000000
23.500000,-36.500000,-157.500000,0.147620,0.000947,1000.000000
24.000000,-36.500000,-157.500000,0.179550,0.001002,1000.000000
24.500000,-36.500000,-157.500000,0.209080,0.001012,1000.000000
25.000000,-36.500000,-157.500000,0.232540,0.001071,1000.000000
25.500000,-36.500000,-157.500000,0.250420,0.001106,1000.000000
26.000000,-36.500000,-157.500000,0.262220,0.001144,1000.000000
26.500000,-36.500000,-157.500000,0.267780,0.001141,1000.000000
27.000000,-36.500000,-157.500000,0.268050,0.001171,1000.000000
27.500000,-36.500000,-157.500000,0.263970,0.001160,1000.000000
28.000000,-36.500000,-157.500000,0.255710,0.001138,1000.000000
28.500000,-36.500000,-157.500000,0.242680,0.001144,1000.000000
29.000000,-36.500000,-157.500000,0.224210,0.001088,1000.000000
29.500000,-36.500000,-157.500000,0.201600,0.001047,1000.000000
30.000000,-36.500000,-157.500000,0.173960,0.000970,1000.000000
30.500000,-36.500000,-157.500000,0.144020,0.000895,1000.000000
31.000000,-36.500000,-157.500000,0.113900,0.000871,1000.000000
31.500000,-36.500000,-157.500000,0.086119,0.000803,1000.000000
32.000000,-36.500000,-157.500000,0.062364,0.000765,1000.000000
32.500000,-36.500000,-157.500000,0.043169,0.000713,1000.000000
33.000000,-36.500000,-157.500000,0.028439,0.000691,1000.000000
33.500000,-36.500000,-157.500000,0.017378,0.000667,1000.000000
34.000000,-36.500000,-157.500000,0.009018,0.000679,1000.000000
34.500000,-36.500000,-157.500000,0.002876,0.000653,1000.000000
19.500000,-37.000000,-157.500000,0.003569,0.000607,1000.000000
20.000000,-37.000000,-157.500000,0.008988,0.000649,1000.000000
20.500000,-37.000000,-157.500000,0.015815,0.000648,1000.000000
21.000000,-37.000000,-157.500000,0.024935,0.000636,1000.000000
21.500000,-37.000000,-157.500000,0.036638,0.000618,1000.000000
22.000000,-37.000000,-157.500000,0.051297,0.000674,1000.000000
22.500000,-37.000000,-157.500000,0.069380,0.000737,1000.000000
23.000000,-37.000000,-157.500000,0.091410,0.000780,1000.000000
23.500000,-37.000000,-157.500000,0.116360,0.000823,1000.000000
24.000000,-37.000000,-157.500000,0.143410,0.000875,1000.000000
24.500000,-37.000000,-157.500000,0.169610,0.000931,1000.000000
25.000000,-37.000000,-157.500000,0.192300,0.000959,1000.000000
25.500000,-37.000000,-157.500000,0.210310,0.001015,1000.000000
26.000000,-37.000000,-157.500000,0.222790,0.001079,1000.000000
26.500000,-37.000000,-157.500000,0.229020,0.001095,1000.000000
27.000000,-37.000000,-157.500000,0.229830,0.001046,1000.000000
27.500000,-37.000000,-157.500000,0.226300,0.001073,1000.000000
28.000000,-37.000000,-157.500000,0.218030,0.001065,1000.000000
28.500000,-37.000000,-157.500000,0.205210,0.001003,1000.000000
29.000000,-37.000000,-157.500000,0.187480,0.000980,1000.000000
29.500000,-37.000000,-157.500000,0.165840,0.000975,1000.000000
30.000000,-37.000000,-157.500000,0.140760,0.000927,1000.000000
30.500000,-37.000000,-157.500000,0.114980,0.000841,1000.000000
31.000000,-37.000000,-157.500000,0.089831,0.000783,1000.000000
31.500000,-37.000000,-157.500000,0.067484,0.000750,1000.000000
32.000000,-37.000000,-157.500000,0.048556,0.000746,1000.000000
32.500000,-37.000000,-157.500000,0.033277,0.000670,1000.000000
33.000000,-37.000000,-157.500000,0.021397,0.000656,1000.000000
33.500000,-37.000000,-157.500000,0.012420,0.000722,1000.000000
34.000000,-37.000000,-157.500000,0.005563,0.000688,1000.000000
34.500000,-37.000000,-157.500000,0.000420,0.000640,1000.000000
19.500000,-37.500000,-157.500000,0.001026,0.000622,1000.000000
20.000000,-37.500000,-157.500000,0.005451,0.000616,1000.000000
20.500000,-37.500000,-157.500000,0.011048,0.000622,1000.000000
21.000000,-37.500000,-157.500000,0.018250,0.000629,1000.000000
21.500000,-37.500000,-157.500000,0.027517,0.000635,1000.000000
22.000000,-37.500000,-157.500000,0.038675,0.000669,1000.000000
22.500000,-37.500000,-157.500000,0.052425,0.000717,1000.000000
23.000000,-37.500000,-157.500000,0.069018,0.000725,1000.000000
23.500000,-37.500000,-157.500000,0.088132,0.000737,1000.000000
24.000000,-37.500000,-157.500000,0.109040,0.000814,1000.000000
24.500000,-37.500000,-157.500000,0.130390,0.000840,1000.000000
25.000000,-37.500000,-157.500000,0.149690,0.000902,1000.000000
25.500000,-37.500000,-157.500000,0.166130,0.000954,1000.000000
26.000000,-37.500000,-157.500000,0.178140,0.000936,1000.000000
26.500000,-37.500000,-157.500000,0.184570,0.000927,1000.000000
27.000000,-37.500000,-157.500000,0.186170,0.000965,1000.000000
27.500000,-37.500000,-157.500000,0.182950,0.000929,1000.000000
28.000000,-37.500000,-157.500000,0.175460,0.000954,1000.000000
28.500000,-37.500000,-157.500000,0.163530,0.000984,1000.000000
29.000000,-37.500000,-157.500000,0.147550,0.000902,1000.000000
29.500000,-37.500000,-157.500000,0.129040,0.000871,1000.000000
30.000000,-37.500000,-157.500000,0.108160,0.000827,1000.000000
30.500000,-37.500000,-157.500000,0.087624,0.000782,1000.000000
31.000000,-37.500000,-157.500000,0.068063,0.000793,1000.000000
31.500000,-37.500000,-157.500000,0.050955,0.000695,1000.000000
32.000000,-37.500000,-157.500000,0.036268,0.000697,1000.000000
32.500000,-37.500000,-157.500000,0.024347,0.000694,1000.000000
33.000000,-37.500000,-157.500000,0.015022,0.000636,1000.000000
33.500000,-37.500000,-157.500000,0.007862,0.000658,1000.000000
34.000000,-37.500000,-157.500000,0.002274,0.000654,1000.000000
34.500000,-37.500000,-157.500000,-0.001995,0.000651,1000.000000
19.500000,-38.000000,-157.500000,-0.001247,0.000600,1000.000000
20.000000,-38.000000,-157.500000,0.002270,0.000607,1000.000000
20.500000,-38.000000,-157.500000,0.006752,0.000615,1000.000000
21.000000,-38.000000,-157.500000,0.012484,0.000665,1000.000000
21.500000,-38.000000,-157.500000,0.019595,0.000631,1000.000000
22.000000,-38.000000,-157.500000,0.028169,0.000635,1000.000000
22.500000,-38.000000,-157.500000,0.038194,0.000664,1000.000000
23.000000,-38.000000,-157.500000,0.050177,0.000685,1000.000000
23.500000,-38.000000,-157.500000,0.063904,0.000732,1000.000000
24.000000,-38.000000,-157.500000,0.079175,0.000789,1000.000000
24.500000,-38.000000,-157.500000,0.094932,0.000802,1000.000000
25.000000,-38.000000,-157.500000,0.109840,0.000803,1000.000000
25.500000,-38.000000,-157.500000,0.122950,0.000826,1000.000000
26.000000,-38.000000,-157.500000,0.132990,0.000878,1000.000000
26.500000,-38.000000,-157.500000,0.138940,0.000866,1000.000000
27.000000,-38.000000,-157.500000,0.140870,0.000860,1000.000000
27.500000,-38.000000,-157.500000,0.138630,0.000876,1000.000000
28.000000,-38.000000,-157.500000,0.132360,0.000909,1000.000000
28.500000,-38.000000,-157.500000,0.122760,0.000864,1000.000000
29.000000,-38.000000,-157.500000,0.109990,0.000792,1000.000000
29.500000,-38.000000,-157.500000,0.095282,0.000786,1000.000000
30.000000,-38.000000,-157.500000,0.079442,0.000765,1000.000000
30.500000,-38.000000,-157.500000,0.064043,0.000762,1000.000000
31.000000,-38.000000,-157.500000,0.049283,0.000709,1000.000000
31.500000,-38.000000,-157.500000,0.036530,0.000708,1000.000000
32.000000,-38.000000,-157.500000,0.025602,0.000679,1000.000000
32.500000,-38.000000,-157.500000,0.016570,0.000681,1000.000000
33.000000,-38.000000,-157.500000,0.009469,0.000646,1000.000000
33.500000,-38.000000,-157.500000,0.003766,0.000652,1000.000000
34.000000,-38.000000,-157.500000,-0.000666,0.000631,1000.000000
34.500000,-38.000000,-157.500000,-0.004087,0.000636,1000.000000
19.500000,-38.500000,-157.500000,-0.003428,0.000617,1000.000000
20.000000,-38.500000,-157.500000,-0.000509,0.000614,1000.000000
20.500000,-38.500000,-157.500000,0.002964,0.000637,1000.000000
21.000000,-38.500000,-157.500000,0.007406,0.000645,1000.000000
21.500000,-38.500000,-157.500000,0.012987,0.000658,1000.000000
22.000000,-38.500000,-157.500000,0.019277,0.000641,1000.000000
22.500000,-38.500000,-157.500000,0.026719,0.000678,1000.000000
23.000000,-38.500000,-157.500000,0.035419,0.000662,1000.000000
23.500000,-38.500000,-157.500000,0.045142,0.000679,1000.000000
24.000000,-38.500000,-157.500000,0.056064,0.000698,1000.000000
24.500000,-38.500000,-157.500000,0.067043,0.000743,1000.000000
25.000000,-38.500000,-157.500000,0.077688,0.000737,1000.000000
25.500000,-38.500000,-157.500000,0.087260,0.000767,1000.000000
26.000000,-38.500000,-157.500000,0.094916,0.000813,1000.000000
26.500000,-38.500000,-157.500000,0.099706,0.000777,1000.000000
27.000000,-38.500000,-157.500000,0.101400,0.000773,1000.000000
27.500000,-38.500000,-157.500000,0.099949,0.000786,1000.000000
28.000000,-38.500000,-157.500000,0.095471,0.000769,1000.000000
28.500000,-38.500000,-157.500000,0.088333,0.000764,1000.000000
29.000000,-38.500000,-157.500000,0.079158,0.000778,1000.000000
29.500000,-38.500000,-157.500000,0.068372,0.000735,1000.000000
30.000000,-38.500000,-157.500000,0.056824,0.000707,1000.000000
30.500000,-38.500000,-157.500000,0.045593,0.000702,1000.000000
31.000000,-38.500000,-157.500000,0.034883,0.000680,1000.000000
31.500000,-38.500000,-157.500000,0.025507,0.000665,1000.000000
32.000000,-38.500000,-157.500000,0.017203,0.000651,1000.000000
32.500000,-38.500000,-157.500000,0.010266,0.000661,1000.000000
33.000000,-38.500000,-157.500000,0.004667,0.000644,1000.000000
33.500000,-38.500000,-157.500000,0.000309,0.000640,1000.000000
34.000000,-38.500000,-157.500000,-0.003257,0.000624,1000.000000
34.500000,-38.500000,-157.500000,-0.006008,0.000639,1000.000000
19.500000,-39.000000,-157.500000,-0.005350,0.000603,1000.000000
20.000000,-39.000000,-157.500000,-0.003095,0.000635,1000.000000
20.500000,-39.000000,-157.500000,-0.000364,0.000637,1000.000000
21.000000,-39.000000,-157.500000,0.003066,0.000599,1000.000000
21.500000,-39.000000,-157.500000,0.007130,0.000633,1000.000000
22.000000,-39.000000,-157.500000,0.011808,0.000635,1000.000000
22.500000,-39.000000,-157.500000,0.017117,0.000636,1000.000000
23.000000,-39.000000,-157.500000,0.023140,0.000652,1000.000000
23.500000,-39.000000,-157.500000,0.029988,0.000664,1000.000000
24.000000,-39.000000,-157.500000,0.037298,0.000654,1000.000000
24.500000,-39.000000,-157.500000,0.044803,0.000685,1000.000000
25.000000,-39.000000,-157.500000,0.051923,0.000718,1000.000000
25.500000,-39.000000,-157.500000,0.058485,0.000719,1000.000000
26.000000,-39.000000,-157.500000,0.063919,0.000728,1000.000000
26.500000,-39.000000,-157.500000,0.067396,0.000715,1000.000000
27.000000,-39.000000,-157.500000,0.068843,0.000714,1000.000000
27.500000,-39.000000,-157.500000,0.067952,0.000711,1000.000000
28.000000,-39.000000,-157.500000,0.064993,0.000730,1000.000000
28.500000,-39.000000,-157.500000,0.060317,0.000736,1000.000000
29.000000,-39.000000,-157.500000,0.054019,0.000717,1000.000000
29.500000,-39.000000,-157.500000,0.046348,0.000685,1000.000000
30.000000,-39.000000,-157.500000,0.038299,0.000695,1000.000000
30.500000,-39.000000,-157.500000,0.030417,0.000651,1000.000000
31.000000,-39.000000,-157.500000,0.022658,0.000674,1000.000000
31.500000,-39.000000,-157.500000,0.015937,0.000663,1000.000000
32.000000,-39.000000,-157.500000,0.009919,0.000632,1000.000000
32.500000,-39.000000,-157.500000,0.004683,0.000650,1000.000000
33.000000,-39.000000,-157.500000,0.000496,0.000623,1000.000000
33.500000,-39.000000,-157.500000,-0.002848,0.000644,1000.000000
34.000000,-39.000000,-157.500000,-0.005561,0.000639,1000.000000
34.500000,-39.000000,-157.500000,-0.007688,0.000601,1000.000000
19.500000,-39.500000,-157.500000,-0.006942,0.000589,1000.000000
20.000000,-39.500000,-157.500000,-0.005191,0.000621,1000.000000
20.500000,-39.500000,-157.500000,-0.003168,0.000607,1000.000000
21.000000,-39.500000,-157.500000,-0.000511,0.000609,1000.000000
21.500000,-39.500000,-157.500000,0.002561,0.000597,1000.000000
22.000000,-39.500000,-157.500000,0.005966,0.000635,1000.000000
22.500000,-39.500000,-157.500000,0.009752,0.000626,1000.000000
23.000000,-39.500000,-157.500000,0.014001,0.000631,1000.000000
23.500000,-39.500000,-157.500000,0.018701,0.000633,1000.000000
24.000000,-39.500000,-157.500000,0.023760,0.000656,1000.000000
24.500000,-39.500000,-157.500000,0.028778,0.000688,1000.000000
25.000000,-39.500000,-157.500000,0.033582,0.000673,1000.000000
25.500000,-39.500000,-157.500000,0.037910,0.000663,1000.000000
26.000000,-39.500000,-157.500000,0.041593,0.000684,1000.000000
26.500000,-39.500000,-157.500000,0.044032,0.000722,1000.000000
27.000000,-39.500000,-157.500000,0.045207,0.000695,1000.000000
27.500000,-39.500000,-157.500000,0.044746,0.000669,1000.000000
28.000000,-39.500000,-157.500000,0.042832,0.000671,1000.000000
28.500000,-39.500000,-157.500000,0.039820,0.000688,1000.000000
29.000000,-39.500000,-157.500000,0.035726,0.000663,1000.000000
29.500000,-39.500000,-157.500000,0.030386,0.000665,1000.000000
30.000000,-39.500000,-157.500000,0.024809,0.000661,1000.000000
30.500000,-39.500000,-157.500000,0.019177,0.000672,1000.000000
31.000000,-39.500000,-157.500000,0.013614,0.000640,1000.000000
31.500000,-39.500000,-157.500000,0.008749,0.000652,1000.000000
32.000000,-39.500000,-157.500000,0.004188,0.000640,1000.000000
32.500000,-39.500000,-157.500000,0.000283,0.000634,1000.000000
33.000000,-39.500000,-157.500000,-0.002841,0.000629,1000.000000
33.500000,-39.500000,-157.500000,-0.005409,0.000635,1000.000000
34.000000,-39.500000,-157.500000,-0.007461,0.000609,1000.000000
34.500000,-39.500000,-157.500000,-0.009148,0.000635,1000.000000
19.500000,-40.000000,-157.500000,-0.008331,0.000593,1000.000000
20.000000,-40.000000,-157.500000,-0.006969,0.000616,1000.000000
20.500000,-40.000000,-157.500000,-0.005410,0.000619,1000.000000
21.000000,-40.000000,-157.500000,-0.003435,0.000631,1000.000000
21.500000,-40.000000,-157.500000,-0.001120,0.000601,1000.000000
22.000000,-40.000000,-157.500000,0.001335,0.000613,1000.000000
22.500000,-40.000000,-157.500000,0.004008,0.000597,1000.000000
23.000000,-40.000000,-157.500000,0.007059,0.000612,1000.000000
23.500000,-40.000000,-157.500000,0.010348,0.000618,1000.000000
24.000000,-40.000000,-157.500000,0.013819,0.000638,1000.000000
24.500000,-40.000000,-157.500000,0.017196,0.000639,1000.000000
25.000000,-40.000000,-157.500000,0.020424,0.000648,1000.000000
25.500000,-40.000000,-157.500000,0.023347,0.000641,1000.000000
26.000000,-40.000000,-157.500000,0.025878,0.000637,1000.000000
26.500000,-40.000000,-157.500000,0.027620,0.000684,1000.000000
27.000000,-40.000000,-157.500000,0.028557,0.000675,1000.000000
27.500000,-40.000000,-157.500000,0.028346,0.000663,1000.000000
28.000000,-40.000000,-157.500000,0.027220,0.000672,1000.000000
28.500000,-40.000000,-157.500000,0.025253,0.000662,1000.000000
29.000000,-40.000000,-157.500000,0.022439,0.000653,1000.000000
29.500000,-40.000000,-157.500000,0.018709,0.000652,1000.000000
30.000000,-40.000000,-157.500000,0.014834,0.000648,1000.000000
30.500000,-40.000000,-157.500000,0.010799,0.000632,1000.000000
31.000000,-40.000000,-157.500000,0.006759,0.000656,1000.000000
31.500000,-40.000000,-157.500000,0.003140,0.000662,1000.000000
32.000000,-40.000000,-157.500000,-0.000224,0.000622,1000.000000
32.500000,-40.000000,-157.500000,-0.003173,0.000658,1000.000000
33.000000,-40.000000,-157.500000,-0.005531,0.000634,1000.000000
33.500000,-40.000000,-157.500000,-0.007459,0.000615,1000.000000
34.000000,-40.000000,-157.500000,-0.009080,0.000638,1000.000000
34.500000,-40.000000,-157.500000,-0.010345,0.000628,1000.000000
19.500000,-40.500000,-157.500000,-0.009517,0.000593,1000.000000
20.000000,-40.500000,-157.500000,-0.008534,0.000597,1000.000000
20.500000,-40.500000,-157.500000,-0.007369,0.000589,1000.000000
21.000000,-40.500000,-157.500000,-0.005932,0.000617,1000.000000
21.500000,-40.500000,-157.500000,-0.004133,0.000585,1000.000000
22.000000,-40.500000,-157.500000,-0.002383,0.000618,1000.000000
22.500000,-40.500000,-157.500000,-0.000554,0.000596,1000.000000
23.000000,-40.500000,-157.500000,0.001490,0.000623,1000.000000
23.500000,-40.500000,-157.500000,0.003697,0.000588,1000.000000
24.000000,-40.500000,-157.500000,0.005912,0.000630,1000.000000
24.500000,-40.500000,-157.500000,0.008136,0.000679,1000.000000
25.000000,-40.500000,-157.500000,0.010391,0.000626,1000.000000
25.500000,-40.500000,-157.500000,0.012361,0.000662,1000.000000
26.000000,-40.500000,-157.500000,0.014074,0.000643,1000.000000
26.500000,-40.500000,-157.500000,0.015300,0.000631,1000.000000
27.000000,-40.500000,-157.500000,0.016162,0.000643,1000.000000
27.500000,-40.500000,-157.500000,0.016190,0.000624,1000.000000
28.000000,-40.500000,-157.500000,0.015476,0.000634,1000.000000
28.500000,-40.500000,-157.500000,0.014055,0.000633,1000.000000
29.000000,-40.500000,-157.500000,0.011930,0.000644,1000.000000
29.500000,-40.500000,-157.500000,0.009363,0.000614,1000.000000
30.000000,-40.500000,-157.500000,0.006713,0.000646,1000.000000
30.500000,-40.500000,-157.500000,0.003894,0.000623,1000.000000
31.000000,-40.500000,-157.500000,0.001077,0.000630,1000.000000
31.500000,-40.500000,-157.500000,-0.001474,0.000621,1000.000000
32.000000,-40.500000,-157.500000,-0.003889,0.000627,1000.000000
32.500000,-40.500000,-157.500000,-0.006047,0.000617,1000.000000
33.000000,-40.500000,-157.500000,-0.007750,0.000610,1000.000000
33.500000,-40.500000,-157.500000,-0.009140,0.000627,1000.000000
34.000000,-40.500000,-157.500000,-0.010361,0.000619,1000.000000
34.500000,-40.500000,-157.500000,-0.011394,0.000642,1000.000000
