34.200000,-93.450000,-177.000000,0.247222,0.002619,1000.000000,942.000000
34.200000,-93.450000,-177.000000,0.247289,0.002595,1000.000000,942.000000
34.200000,-93.450000,-177.000000,0.247352,0.002609,1000.000000,942.000000
34.200000,-93.450000,-177.000000,0.247334,0.002664,1000.000000,942.000000
34.200000,-93.450000,-177.000000,0.247375,0.002648,1000.000000,942.000000
34.200000,-93.450000,-177.000000,0.247396,0.002631,1000.000000,942.000000
34.200000,-93.450000,-177.000000,0.247419,0.002621,1000.000000,942.000000
34.200000,-93.450000,-177.000000,0.247384,0.002654,1000.000000,942.000000
34.200000,-93.450000,-177.000000,0.247393,0.002644,1000.000000,942.000000
34.200000,-93.450000,-177.000000,0.247449,0.002661,1000.000000,942.000000
