17.739800, -98.000000, -179.400000, 0.000000, 0.005477,0.002226,-0.004000, 0.002542,1000
18.739800, -98.000000, -179.400000, 0.000000, 0.005668,0.002197,-0.003781, 0.002509,1000
19.739800, -98.000000, -179.400000, 0.000000, 0.006057,0.002279,-0.003338, 0.002603,1000
20.739800, -98.000000, -179.400000, 0.000000, 0.006941,0.002193,-0.002328, 0.002505,1000
21.739800, -98.000000, -179.400000, 0.000000, 0.008551,0.002284,-0.000490, 0.002608,1000
22.739800, -98.000000, -179.400000, 0.000000, 0.011345,0.002467,0.002701, 0.002817,1000
23.739800, -98.000000, -179.400000, 0.000000, 0.016128,0.002417,0.008163, 0.002759,1000
24.739800, -98.000000, -179.400000, 0.000000, 0.024390,0.002460,0.017596, 0.002809,1000
25.739800, -98.000000, -179.400000, 0.000000, 0.038453,0.002402,0.033655, 0.002743,1000
26.739800, -98.000000, -179.400000, 0.000000, 0.062644,0.002562,0.061278, 0.002926,1000
27.739800, -98.000000, -179.400000, 0.000000, 0.100209,0.002435,0.104173, 0.002780,1000
28.739800, -98.000000, -179.400000, 0.000000, 0.148967,0.002388,0.159850, 0.002727,1000
29.739800, -98.000000, -179.400000, 0.000000, 0.196097,0.002584,0.213667, 0.002950,1000
30.739800, -98.000000, -179.400000, 0.000000, 0.232093,0.002494,0.254770, 0.002848,1000
31.739800, -98.000000, -179.400000, 0.000000, 0.254596,0.002620,0.280466, 0.002992,1000
32.739800, -98.000000, -179.400000, 0.000000, 0.266030,0.002652,0.293523, 0.003029,1000
33.739800, -98.000000, -179.400000, 0.000000, 0.265962,0.002598,0.293446, 0.002966,1000
34.739800, -98.000000, -179.400000, 0.000000, 0.253196,0.002718,0.278868, 0.003104,1000
35.739800, -98.000000, -179.400000, 0.000000, 0.228345,0.002635,0.250491, 0.003009,1000
36.739800, -98.000000, -179.400000, 0.000000, 0.188119,0.002456,0.204558, 0.002805,1000
37.739800, -98.000000, -179.400000, 0.000000, 0.137751,0.002637,0.147042, 0.003012,1000
38.739800, -98.000000, -179.400000, 0.000000, 0.091100,0.002510,0.093772, 0.002866,1000
39.739800, -98.000000, -179.400000, 0.000000, 0.057242,0.002499,0.055110, 0.002853,1000
40.739800, -98.000000, -179.400000, 0.000000, 0.035977,0.002445,0.030828, 0.002792,1000
41.739800, -98.000000, -179.400000, 0.000000, 0.023154,0.002512,0.016185, 0.002868,1000
42.739800, -98.000000, -179.400000, 0.000000, 0.015524,0.002423,0.007473, 0.002767,1000
43.739800, -98.000000, -179.400000, 0.000000, 0.011007,0.002512,0.002314, 0.002868,1000
44.739800, -98.000000, -179.400000, 0.000000, 0.008385,0.002274,-0.000679, 0.002597,1000
45.739800, -98.000000, -179.400000, 0.000000, 0.006953,0.002242,-0.002314, 0.002560,1000
46.739800, -98.000000, -179.400000, 0.000000, 0.006226,0.002181,-0.003144, 0.002490,1000
47.739800, -98.000000, -179.400000, 0.000000, 0.005844,0.002214,-0.003581, 0.002528,1000
48.739800, -98.000000, -179.400000, 0.000000, 0.005777,0.002219,-0.003658, 0.002534,1000
49.260200, -98.000000, -179.400000, 0.000000, 0.005727,0.002216,-0.003715, 0.002531,1000
