33.500000, -82.239800, -179.400000, 0.000000, 0.006487,0.002216,-0.002846, 0.002531,1000
33.500000, -83.239800, -179.400000, 0.000000, 0.006782,0.002211,-0.002510, 0.002525,1000
33.500000, -84.239800, -179.400000, 0.000000, 0.007474,0.002288,-0.001719, 0.002613,1000
33.500000, -85.239800, -179.400000, 0.000000, 0.008642,0.002295,-0.000385, 0.002621,1000
33.500000, -86.239800, -179.400000, 0.000000, 0.010418,0.002409,0.001642, 0.002750,1000
33.500000, -87.239800, -179.400000, 0.000000, 0.013499,0.002483,0.005161, 0.002835,1000
33.500000, -88.239800, -179.400000, 0.000000, 0.018395,0.002516,0.010752, 0.002873,1000
33.500000, -89.239800, -179.400000, 0.000000, 0.026453,0.002453,0.019953, 0.002801,1000
33.500000, -90.239800, -179.400000, 0.000000, 0.039096,0.002435,0.034390, 0.002781,1000
33.500000, -91.239800, -179.400000, 0.000000, 0.060342,0.002523,0.058650, 0.002881,1000
33.500000, -92.239800, -179.400000, 0.000000, 0.094067,0.002565,0.097160, 0.002929,1000
33.500000, -93.239800, -179.400000, 0.000000, 0.141842,0.002554,0.151714, 0.002917,1000
33.500000, -94.239800, -179.400000, 0.000000, 0.193781,0.002674,0.211023, 0.003054,1000
33.500000, -95.239800, -179.400000, 0.000000, 0.232582,0.002616,0.255329, 0.002987,1000
33.500000, -96.239800, -179.400000, 0.000000, 0.256318,0.002710,0.282433, 0.003094,1000
33.500000, -97.239800, -179.400000, 0.000000, 0.266951,0.002637,0.294574, 0.003011,1000
33.500000, -98.239800, -179.400000, 0.000000, 0.266515,0.002682,0.294077, 0.003062,1000
33.500000, -99.239800, -179.400000, 0.000000, 0.255896,0.002652,0.281951, 0.003029,1000
33.500000, -100.239800, -179.400000, 0.000000, 0.233973,0.002589,0.256917, 0.002956,1000
33.500000, -101.239800, -179.400000, 0.000000, 0.197705,0.002566,0.215504, 0.002930,1000
33.500000, -102.239800, -179.400000, 0.000000, 0.148890,0.002556,0.159762, 0.002919,1000
33.500000, -103.239800, -179.400000, 0.000000, 0.096944,0.002545,0.100446, 0.002906,1000
33.500000, -104.239800, -179.400000, 0.000000, 0.057975,0.002544,0.055948, 0.002905,1000
33.500000, -105.239800, -179.400000, 0.000000, 0.033968,0.002431,0.028534, 0.002776,1000
33.500000, -106.239800, -179.400000, 0.000000, 0.019844,0.002603,0.012405, 0.002973,1000
33.500000, -107.239800, -179.400000, 0.000000, 0.011916,0.002521,0.003353, 0.002879,1000
33.500000, -108.239800, -179.400000, 0.000000, 0.007587,0.002251,-0.001591, 0.002571,1000
33.500000, -109.239800, -179.400000, 0.000000, 0.005477,0.002268,-0.004000, 0.002589,1000
33.500000, -110.239800, -179.400000, 0.000000, 0.004421,0.002310,-0.005205, 0.002637,1000
33.500000, -111.239800, -179.400000, 0.000000, 0.003900,0.002304,-0.005800, 0.002631,1000
33.500000, -112.239800, -179.400000, 0.000000, 0.003776,0.002335,-0.005943, 0.002667,1000
33.500000, -113.239800, -179.400000, 0.000000, 0.003807,0.002326,-0.005906, 0.002656,1000
33.500000, -113.760200, -179.400000, 0.000000, 0.003968,0.002369,-0.005723, 0.002705,1000
