17.739800, -98.000000, -179.400000, 0.000000, 0.005842,0.002213,-0.003584, 0.002527,1000
18.739800, -98.000000, -179.400000, 0.000000, 0.005912,0.002283,-0.003504, 0.002607,1000
19.739800, -98.000000, -179.400000, 0.000000, 0.006210,0.002232,-0.003163, 0.002549,1000
20.739800, -98.000000, -179.400000, 0.000000, 0.006973,0.002253,-0.002292, 0.002573,1000
21.739800, -98.000000, -179.400000, 0.000000, 0.008372,0.002343,-0.000694, 0.002675,1000
22.739800, -98.000000, -179.400000, 0.000000, 0.010805,0.002540,0.002084, 0.002901,1000
23.739800, -98.000000, -179.400000, 0.000000, 0.015319,0.002361,0.007239, 0.002696,1000
24.739800, -98.000000, -179.400000, 0.000000, 0.022903,0.002525,0.015899, 0.002884,1000
25.739800, -98.000000, -179.400000, 0.000000, 0.036058,0.002477,0.030921, 0.002829,1000
26.739800, -98.000000, -179.400000, 0.000000, 0.058851,0.002573,0.056947, 0.002938,1000
27.739800, -98.000000, -179.400000, 0.000000, 0.094930,0.002516,0.098146, 0.002872,1000
28.739800, -98.000000, -179.400000, 0.000000, 0.142543,0.002543,0.152514, 0.002903,1000
29.739800, -98.000000, -179.400000, 0.000000, 0.190058,0.002541,0.206771, 0.002901,1000
30.739800, -98.000000, -179.400000, 0.000000, 0.227541,0.002618,0.249573, 0.002990,1000
31.739800, -98.000000, -179.400000, 0.000000, 0.252206,0.002610,0.277738, 0.002980,1000
32.739800, -98.000000, -179.400000, 0.000000, 0.265555,0.002667,0.292980, 0.003045,1000
33.739800, -98.000000, -179.400000, 0.000000, 0.267785,0.002659,0.295527, 0.003036,1000
34.739800, -98.000000, -179.400000, 0.000000, 0.257730,0.002707,0.284046, 0.003092,1000
35.739800, -98.000000, -179.400000, 0.000000, 0.234723,0.002612,0.257774, 0.002982,1000
36.739800, -98.000000, -179.400000, 0.000000, 0.195896,0.002583,0.213437, 0.002950,1000
37.739800, -98.000000, -179.400000, 0.000000, 0.145518,0.002537,0.155912, 0.002897,1000
38.739800, -98.000000, -179.400000, 0.000000, 0.097134,0.002528,0.100662, 0.002886,1000
39.739800, -98.000000, -179.400000, 0.000000, 0.061643,0.002531,0.060135, 0.002890,1000
40.739800, -98.000000, -179.400000, 0.000000, 0.039122,0.002533,0.034419, 0.002893,1000
41.739800, -98.000000, -179.400000, 0.000000, 0.025486,0.002459,0.018849, 0.002808,1000
42.739800, -98.000000, -179.400000, 0.000000, 0.017357,0.002462,0.009566, 0.002811,1000
43.739800, -98.000000, -179.400000, 0.000000, 0.012546,0.002605,0.004073, 0.002974,1000
44.739800, -98.000000, -179.400000, 0.000000, 0.009590,0.002409,0.000697, 0.002751,1000
45.739800, -98.000000, -179.400000, 0.000000, 0.008034,0.002289,-0.001081, 0.002613,1000
46.739800, -98.000000, -179.400000, 0.000000, 0.007155,0.002251,-0.002084, 0.002570,1000
47.739800, -98.000000, -179.400000, 0.000000, 0.006672,0.002244,-0.002635, 0.002562,1000
48.739800, -98.000000, -179.400000, 0.000000, 0.006491,0.002318,-0.002842, 0.002647,1000
49.260200, -98.000000, -179.400000, 0.000000, 0.006510,0.002265,-0.002820, 0.002587,1000
