20.000000, -86.000000, -177.500000, 0.009665, 0.002509, 1000
20.500000, -86.000000, -177.500000, 0.011110, 0.002558, 1000
21.000000, -86.000000, -177.500000, 0.012406, 0.002482, 1000
21.500000, -86.000000, -177.500000, 0.014336, 0.002506, 1000
22.000000, -86.000000, -177.500000, 0.016091, 0.002467, 1000
22.500000, -86.000000, -177.500000, 0.018295, 0.002424, 1000
23.000000, -86.000000, -177.500000, 0.020318, 0.002495, 1000
23.500000, -86.000000, -177.500000, 0.022661, 0.002514, 1000
24.000000, -86.000000, -177.500000, 0.025271, 0.002458, 1000
24.500000, -86.000000, -177.500000, 0.028161, 0.002473, 1000
25.000000, -86.000000, -177.500000, 0.030841, 0.002590, 1000
25.500000, -86.000000, -177.500000, 0.033990, 0.002522, 1000
26.000000, -86.000000, -177.500000, 0.037029, 0.002485, 1000
26.500000, -86.000000, -177.500000, 0.040009, 0.002431, 1000
27.000000, -86.000000, -177.500000, 0.043014, 0.002540, 1000
27.500000, -86.000000, -177.500000, 0.045806, 0.002601, 1000
28.000000, -86.000000, -177.500000, 0.048849, 0.002435, 1000
28.500000, -86.000000, -177.500000, 0.051431, 0.002543, 1000
29.000000, -86.000000, -177.500000, 0.053928, 0.002594, 1000
29.500000, -86.000000, -177.500000, 0.056102, 0.002482, 1000
30.000000, -86.000000, -177.500000, 0.058235, 0.002511, 1000
30.500000, -86.000000, -177.500000, 0.059777, 0.002477, 1000
31.000000, -86.000000, -177.500000, 0.061220, 0.002527, 1000
31.500000, -86.000000, -177.500000, 0.062330, 0.002602, 1000
32.000000, -86.000000, -177.500000, 0.062906, 0.002473, 1000
32.500000, -86.000000, -177.500000, 0.063298, 0.002586, 1000
33.000000, -86.000000, -177.500000, 0.063212, 0.002495, 1000
33.500000, -86.000000, -177.500000, 0.062769, 0.002517, 1000
34.000000, -86.000000, -177.500000, 0.061936, 0.002552, 1000
34.500000, -86.000000, -177.500000, 0.060697, 0.002496, 1000
35.000000, -86.000000, -177.500000, 0.059169, 0.002478, 1000
35.500000, -86.000000, -177.500000, 0.057213, 0.002524, 1000
36.000000, -86.000000, -177.500000, 0.054759, 0.002522, 1000
36.500000, -86.000000, -177.500000, 0.052421, 0.002512, 1000
37.000000, -86.000000, -177.500000, 0.049861, 0.002607, 1000
20.000000, -86.500000, -177.500000, 0.010650, 0.002549, 1000
20.500000, -86.500000, -177.500000, 0.012641, 0.002531, 1000
21.000000, -86.500000, -177.500000, 0.014084, 0.002492, 1000
21.500000, -86.500000, -177.500000, 0.015777, 0.002428, 1000
22.000000, -86.500000, -177.500000, 0.017946, 0.002452, 1000
22.500000, -86.500000, -177.500000, 0.020226, 0.002345, 1000
23.000000, -86.500000, -177.500000, 0.022550, 0.002495, 1000
23.500000, -86.500000, -177.500000, 0.026114, 0.002454, 1000
24.000000, -86.500000, -177.500000, 0.028852, 0.002473, 1000
24.500000, -86.500000, -177.500000, 0.031468, 0.002495, 1000
25.000000, -86.500000, -177.500000, 0.035033, 0.002401, 1000
25.500000, -86.500000, -177.500000, 0.038333, 0.002478, 1000
26.000000, -86.500000, -177.500000, 0.041535, 0.002469, 1000
26.500000, -86.500000, -177.500000, 0.044994, 0.002365, 1000
27.000000, -86.500000, -177.500000, 0.048543, 0.002557, 1000
27.500000, -86.500000, -177.500000, 0.052005, 0.002601, 1000
28.000000, -86.500000, -177.500000, 0.054747, 0.002663, 1000
28.500000, -86.500000, -177.500000, 0.057765, 0.002535, 1000
29.000000, -86.500000, -177.500000, 0.060792, 0.002571, 1000
29.500000, -86.500000, -177.500000, 0.063185, 0.002584, 1000
30.000000, -86.500000, -177.500000, 0.065510, 0.002482, 1000
30.500000, -86.500000, -177.500000, 0.067555, 0.002423, 1000
31.000000, -86.500000, -177.500000, 0.068935, 0.002542, 1000
31.500000, -86.500000, -177.500000, 0.070248, 0.002484, 1000
32.000000, -86.500000, -177.500000, 0.070873, 0.002502, 1000
32.500000, -86.500000, -177.500000, 0.071189, 0.002475, 1000
33.000000, -86.500000, -177.500000, 0.071086, 0.002521, 1000
33.500000, -86.500000, -177.500000, 0.070485, 0.002477, 1000
34.000000, -86.500000, -177.500000, 0.069466, 0.002455, 1000
34.500000, -86.500000, -177.500000, 0.068595, 0.002517, 1000
35.000000, -86.500000, -177.500000, 0.066187, 0.002402, 1000
35.500000, -86.500000, -177.500000, 0.063937, 0.002571, 1000
36.000000, -86.500000, -177.500000, 0.061532, 0.002605, 1000
36.500000, -86.500000, -177.500000, 0.058582, 0.002516, 1000
37.000000, -86.500000, -177.500000, 0.055806, 0.002517, 1000
20.000000, -87.000000, -177.500000, 0.011983, 0.002401, 1000
20.500000, -87.000000, -177.500000, 0.013527, 0.002402, 1000
21.000000, -87.000000, -177.500000, 0.015600, 0.002396, 1000
21.500000, -87.000000, -177.500000, 0.017477, 0.002523, 1000
22.000000, -87.000000, -177.500000, 0.020432, 0.002529, 1000
22.500000, -87.000000, -177.500000, 0.022620, 0.002457, 1000
23.000000, -87.000000, -177.500000, 0.025226, 0.002513, 1000
23.500000, -87.000000, -177.500000, 0.028508, 0.002376, 1000
24.000000, -87.000000, -177.500000, 0.032036, 0.002569, 1000
24.500000, -87.000000, -177.500000, 0.035390, 0.002394, 1000
25.000000, -87.000000, -177.500000, 0.039189, 0.002590, 1000
25.500000, -87.000000, -177.500000, 0.043324, 0.002521, 1000
26.000000, -87.000000, -177.500000, 0.047304, 0.002437, 1000
26.500000, -87.000000, -177.500000, 0.050964, 0.002613, 1000
27.000000, -87.000000, -177.500000, 0.054600, 0.002480, 1000
27.500000, -87.000000, -177.500000, 0.058212, 0.002597, 1000
28.000000, -87.000000, -177.500000, 0.061736, 0.002519, 1000
28.500000, -87.000000, -177.500000, 0.064987, 0.002357, 1000
29.000000, -87.000000, -177.500000, 0.068215, 0.002518, 1000
29.500000, -87.000000, -177.500000, 0.071337, 0.002542, 1000
30.000000, -87.000000, -177.500000, 0.074256, 0.002651, 1000
30.500000, -87.000000, -177.500000, 0.075868, 0.002538, 1000
31.000000, -87.000000, -177.500000, 0.077639, 0.002437, 1000
31.500000, -87.000000, -177.500000, 0.078884, 0.002482, 1000
32.000000, -87.000000, -177.500000, 0.079612, 0.002487, 1000
32.500000, -87.000000, -177.500000, 0.080271, 0.002454, 1000
33.000000, -87.000000, -177.500000, 0.080019, 0.002380, 1000
33.500000, -87.000000, -177.500000, 0.079072, 0.002470, 1000
34.000000, -87.000000, -177.500000, 0.077830, 0.002452, 1000
34.500000, -87.000000, -177.500000, 0.076485, 0.002485, 1000
35.000000, -87.000000, -177.500000, 0.074771, 0.002472, 1000
35.500000, -87.000000, -177.500000, 0.071943, 0.002454, 1000
36.000000, -87.000000, -177.500000, 0.069020, 0.002392, 1000
36.500000, -87.000000, -177.500000, 0.065938, 0.002499, 1000
37.000000, -87.000000, -177.500000, 0.062589, 0.002439, 1000
20.000000, -87.500000, -177.500000, 0.013043, 0.002515, 1000
20.500000, -87.500000, -177.500000, 0.015019, 0.002435, 1000
21.000000, -87.500000, -177.500000, 0.016997, 0.002500, 1000
21.500000, -87.500000, -177.500000, 0.020058, 0.002324, 1000
22.000000, -87.500000, -177.500000, 0.022162, 0.002450, 1000
22.500000, -87.500000, -177.500000, 0.025207, 0.002429, 1000
23.000000, -87.500000, -177.500000, 0.028487, 0.002459, 1000
23.500000, -87.500000, -177.500000, 0.031540, 0.002715, 1000
24.000000, -87.500000, -177.500000, 0.035708, 0.002524, 1000
24.500000, -87.500000, -177.500000, 0.039578, 0.002493, 1000
25.000000, -87.500000, -177.500000, 0.043736, 0.002496, 1000
25.500000, -87.500000, -177.500000, 0.047954, 0.002394, 1000
26.000000, -87.500000, -177.500000, 0.052100, 0.002492, 1000
26.500000, -87.500000, -177.500000, 0.056562, 0.002498, 1000
27.000000, -87.500000, -177.500000, 0.061308, 0.002442, 1000
27.500000, -87.500000, -177.500000, 0.065129, 0.002480, 1000
28.000000, -87.500000, -177.500000, 0.069243, 0.002493, 1000
28.500000, -87.500000, -177.500000, 0.072519, 0.002642, 1000
29.000000, -87.500000, -177.500000, 0.076077, 0.002363, 1000
29.500000, -87.500000, -177.500000, 0.078955, 0.002498, 1000
30.000000, -87.500000, -177.500000, 0.082584, 0.002513, 1000
30.500000, -87.500000, -177.500000, 0.084781, 0.002590, 1000
31.000000, -87.500000, -177.500000, 0.086461, 0.002417, 1000
31.500000, -87.500000, -177.500000, 0.087424, 0.002553, 1000
32.000000, -87.500000, -177.500000, 0.088501, 0.002638, 1000
32.500000, -87.500000, -177.500000, 0.088971, 0.002368, 1000
33.000000, -87.500000, -177.500000, 0.088878, 0.002590, 1000
33.500000, -87.500000, -177.500000, 0.088484, 0.002508, 1000
34.000000, -87.500000, -177.500000, 0.087191, 0.002586, 1000
34.500000, -87.500000, -177.500000, 0.085393, 0.002606, 1000
35.000000, -87.500000, -177.500000, 0.082872, 0.002537, 1000
35.500000, -87.500000, -177.500000, 0.080351, 0.002395, 1000
36.000000, -87.500000, -177.500000, 0.076566, 0.002614, 1000
36.500000, -87.500000, -177.500000, 0.073393, 0.002577, 1000
37.000000, -87.500000, -177.500000, 0.069247, 0.002469, 1000
20.000000, -88.000000, -177.500000, 0.014383, 0.002533, 1000
20.500000, -88.000000, -177.500000, 0.016510, 0.002573, 1000
21.000000, -88.000000, -177.500000, 0.019040, 0.002540, 1000
21.500000, -88.000000, -177.500000, 0.021865, 0.002625, 1000
22.000000, -88.000000, -177.500000, 0.024744, 0.002368, 1000
22.500000, -88.000000, -177.500000, 0.028082, 0.002407, 1000
23.000000, -88.000000, -177.500000, 0.031291, 0.002527, 1000
23.500000, -88.000000, -177.500000, 0.035592, 0.002606, 1000
24.000000, -88.000000, -177.500000, 0.039450, 0.002474, 1000
24.500000, -88.000000, -177.500000, 0.044084, 0.002535, 1000
25.000000, -88.000000, -177.500000, 0.048806, 0.002355, 1000
25.500000, -88.000000, -177.500000, 0.053626, 0.002538, 1000
26.000000, -88.000000, -177.500000, 0.058541, 0.002478, 1000
26.500000, -88.000000, -177.500000, 0.063487, 0.002530, 1000
27.000000, -88.000000, -177.500000, 0.068158, 0.002493, 1000
27.500000, -88.000000, -177.500000, 0.072786, 0.002573, 1000
28.000000, -88.000000, -177.500000, 0.077270, 0.002515, 1000
28.500000, -88.000000, -177.500000, 0.080947, 0.002505, 1000
29.000000, -88.000000, -177.500000, 0.084737, 0.002467, 1000
29.500000, -88.000000, -177.500000, 0.087882, 0.002411, 1000
30.000000, -88.000000, -177.500000, 0.091061, 0.002562, 1000
30.500000, -88.000000, -177.500000, 0.093929, 0.002486, 1000
31.000000, -88.000000, -177.500000, 0.095611, 0.002455, 1000
31.500000, -88.000000, -177.500000, 0.097285, 0.002331, 1000
32.000000, -88.000000, -177.500000, 0.098306, 0.002297, 1000
32.500000, -88.000000, -177.500000, 0.098642, 0.002609, 1000
33.000000, -88.000000, -177.500000, 0.098229, 0.002533, 1000
33.500000, -88.000000, -177.500000, 0.097832, 0.002503, 1000
34.000000, -88.000000, -177.500000, 0.096112, 0.002560, 1000
34.500000, -88.000000, -177.500000, 0.094474, 0.002578, 1000
35.000000, -88.000000, -177.500000, 0.092137, 0.002542, 1000
35.500000, -88.000000, -177.500000, 0.088814, 0.002369, 1000
36.000000, -88.000000, -177.500000, 0.085291, 0.002439, 1000
36.500000, -88.000000, -177.500000, 0.081149, 0.002589, 1000
37.000000, -88.000000, -177.500000, 0.076983, 0.002542, 1000
20.000000, -88.500000, -177.500000, 0.015786, 0.002430, 1000
20.500000, -88.500000, -177.500000, 0.017937, 0.002581, 1000
21.000000, -88.500000, -177.500000, 0.020709, 0.002556, 1000
21.500000, -88.500000, -177.500000, 0.023992, 0.002338, 1000
22.000000, -88.500000, -177.500000, 0.026872, 0.002487, 1000
22.500000, -88.500000, -177.500000, 0.030605, 0.002408, 1000
23.000000, -88.500000, -177.500000, 0.034880, 0.002412, 1000
23.500000, -88.500000, -177.500000, 0.038836, 0.002429, 1000
24.000000, -88.500000, -177.500000, 0.043698, 0.002446, 1000
24.500000, -88.500000, -177.500000, 0.048480, 0.002526, 1000
25.000000, -88.500000, -177.500000, 0.053523, 0.002571, 1000
25.500000, -88.500000, -177.500000, 0.058987, 0.002478, 1000
26.000000, -88.500000, -177.500000, 0.063949, 0.002548, 1000
26.500000, -88.500000, -177.500000, 0.069141, 0.002456, 1000
27.000000, -88.500000, -177.500000, 0.074789, 0.002504, 1000
27.500000, -88.500000, -177.500000, 0.079243, 0.002456, 1000
28.000000, -88.500000, -177.500000, 0.084379, 0.002608, 1000
28.500000, -88.500000, -177.500000, 0.088599, 0.002509, 1000
29.000000, -88.500000, -177.500000, 0.092378, 0.002658, 1000
29.500000, -88.500000, -177.500000, 0.096228, 0.002473, 1000
30.000000, -88.500000, -177.500000, 0.099205, 0.002567, 1000
30.500000, -88.500000, -177.500000, 0.102117, 0.002480, 1000
31.000000, -88.500000, -177.500000, 0.104203, 0.002495, 1000
31.500000, -88.500000, -177.500000, 0.105634, 0.002582, 1000
32.000000, -88.500000, -177.500000, 0.106900, 0.002540, 1000
32.500000, -88.500000, -177.500000, 0.107142, 0.002410, 1000
33.000000, -88.500000, -177.500000, 0.106668, 0.002410, 1000
33.500000, -88.500000, -177.500000, 0.106321, 0.002512, 1000
34.000000, -88.500000, -177.500000, 0.104975, 0.002564, 1000
34.500000, -88.500000, -177.500000, 0.102654, 0.002669, 1000
35.000000, -88.500000, -177.500000, 0.100452, 0.002619, 1000
35.500000, -88.500000, -177.500000, 0.096570, 0.002442, 1000
36.000000, -88.500000, -177.500000, 0.092738, 0.002597, 1000
36.500000, -88.500000, -177.500000, 0.088717, 0.002435, 1000
37.000000, -88.500000, -177.500000, 0.084151, 0.002458, 1000
20.000000, -89.000000, -177.500000, 0.016698, 0.002394, 1000
20.500000, -89.000000, -177.500000, 0.019523, 0.002468, 1000
21.000000, -89.000000, -177.500000, 0.022606, 0.002538, 1000
21.500000, -89.000000, -177.500000, 0.025961, 0.002511, 1000
22.000000, -89.000000, -177.500000, 0.029607, 0.002362, 1000
22.500000, -89.000000, -177.500000, 0.033362, 0.002509, 1000
23.000000, -89.000000, -177.500000, 0.037487, 0.002443, 1000
23.500000, -89.000000, -177.500000, 0.042668, 0.002489, 1000
24.000000, -89.000000, -177.500000, 0.047928, 0.002553, 1000
24.500000, -89.000000, -177.500000, 0.053363, 0.002443, 1000
25.000000, -89.000000, -177.500000, 0.058801, 0.002381, 1000
25.500000, -89.000000, -177.500000, 0.064674, 0.002582, 1000
26.000000, -89.000000, -177.500000, 0.070392, 0.002580, 1000
26.500000, -89.000000, -177.500000, 0.076036, 0.002444, 1000
27.000000, -89.000000, -177.500000, 0.081652, 0.002595, 1000
27.500000, -89.000000, -177.500000, 0.087134, 0.002382, 1000
28.000000, -89.000000, -177.500000, 0.091673, 0.002600, 1000
28.500000, -89.000000, -177.500000, 0.096256, 0.002678, 1000
29.000000, -89.000000, -177.500000, 0.100402, 0.002572, 1000
29.500000, -89.000000, -177.500000, 0.104876, 0.002494, 1000
30.000000, -89.000000, -177.500000, 0.108184, 0.002564, 1000
30.500000, -89.000000, -177.500000, 0.111294, 0.002466, 1000
31.000000, -89.000000, -177.500000, 0.113103, 0.002523, 1000
31.500000, -89.000000, -177.500000, 0.114757, 0.002523, 1000
32.000000, -89.000000, -177.500000, 0.116236, 0.002479, 1000
32.500000, -89.000000, -177.500000, 0.116803, 0.002613, 1000
33.000000, -89.000000, -177.500000, 0.116292, 0.002552, 1000
33.500000, -89.000000, -177.500000, 0.115338, 0.002565, 1000
34.000000, -89.000000, -177.500000, 0.113913, 0.002671, 1000
34.500000, -89.000000, -177.500000, 0.112007, 0.002565, 1000
35.000000, -89.000000, -177.500000, 0.109094, 0.002465, 1000
35.500000, -89.000000, -177.500000, 0.105274, 0.002547, 1000
36.000000, -89.000000, -177.500000, 0.101256, 0.002483, 1000
36.500000, -89.000000, -177.500000, 0.095814, 0.002538, 1000
37.000000, -89.000000, -177.500000, 0.091443, 0.002519, 1000
20.000000, -89.500000, -177.500000, 0.018873, 0.002477, 1000
20.500000, -89.500000, -177.500000, 0.021422, 0.002499, 1000
21.000000, -89.500000, -177.500000, 0.024708, 0.002272, 1000
21.500000, -89.500000, -177.500000, 0.028059, 0.002547, 1000
22.000000, -89.500000, -177.500000, 0.032140, 0.002638, 1000
22.500000, -89.500000, -177.500000, 0.036595, 0.002440, 1000
23.000000, -89.500000, -177.500000, 0.041212, 0.002396, 1000
23.500000, -89.500000, -177.500000, 0.046762, 0.002484, 1000
24.000000, -89.500000, -177.500000, 0.052375, 0.002647, 1000
24.500000, -89.500000, -177.500000, 0.057995, 0.002591, 1000
25.000000, -89.500000, -177.500000, 0.064232, 0.002546, 1000
25.500000, -89.500000, -177.500000, 0.070473, 0.002451, 1000
26.000000, -89.500000, -177.500000, 0.076815, 0.002379, 1000
26.500000, -89.500000, -177.500000, 0.082725, 0.002657, 1000
27.000000, -89.500000, -177.500000, 0.088898, 0.002497, 1000
27.500000, -89.500000, -177.500000, 0.094053, 0.002558, 1000
28.000000, -89.500000, -177.500000, 0.099636, 0.002426, 1000
28.500000, -89.500000, -177.500000, 0.104089, 0.002486, 1000
29.000000, -89.500000, -177.500000, 0.108977, 0.002596, 1000
29.500000, -89.500000, -177.500000, 0.112689, 0.002589, 1000
30.000000, -89.500000, -177.500000, 0.116258, 0.002463, 1000
30.500000, -89.500000, -177.500000, 0.119471, 0.002487, 1000
31.000000, -89.500000, -177.500000, 0.121609, 0.002639, 1000
31.500000, -89.500000, -177.500000, 0.123597, 0.002466, 1000
32.000000, -89.500000, -177.500000, 0.124775, 0.002654, 1000
32.500000, -89.500000, -177.500000, 0.124662, 0.002535, 1000
33.000000, -89.500000, -177.500000, 0.125094, 0.002554, 1000
33.500000, -89.500000, -177.500000, 0.124314, 0.002692, 1000
34.000000, -89.500000, -177.500000, 0.122542, 0.002531, 1000
34.500000, -89.500000, -177.500000, 0.119906, 0.002517, 1000
35.000000, -89.500000, -177.500000, 0.117422, 0.002525, 1000
35.500000, -89.500000, -177.500000, 0.113475, 0.002581, 1000
36.000000, -89.500000, -177.500000, 0.108540, 0.002512, 1000
36.500000, -89.500000, -177.500000, 0.104369, 0.002576, 1000
37.000000, -89.500000, -177.500000, 0.099073, 0.002402, 1000
20.000000, -90.000000, -177.500000, 0.019504, 0.002574, 1000
20.500000, -90.000000, -177.500000, 0.022920, 0.002454, 1000
21.000000, -90.000000, -177.500000, 0.026393, 0.002455, 1000
21.500000, -90.000000, -177.500000, 0.030363, 0.002437, 1000
22.000000, -90.000000, -177.500000, 0.034929, 0.002422, 1000
22.500000, -90.000000, -177.500000, 0.039453, 0.002571, 1000
23.000000, -90.000000, -177.500000, 0.044657, 0.002489, 1000
23.500000, -90.000000, -177.500000, 0.050487, 0.002392, 1000
24.000000, -90.000000, -177.500000, 0.056159, 0.002307, 1000
24.500000, -90.000000, -177.500000, 0.063132, 0.002526, 1000
25.000000, -90.000000, -177.500000, 0.069746, 0.002386, 1000
25.500000, -90.000000, -177.500000, 0.076270, 0.002482, 1000
26.000000, -90.000000, -177.500000, 0.082985, 0.002528, 1000
26.500000, -90.000000, -177.500000, 0.089518, 0.002465, 1000
27.000000, -90.000000, -177.500000, 0.095315, 0.002451, 1000
27.500000, -90.000000, -177.500000, 0.101169, 0.002616, 1000
28.000000, -90.000000, -177.500000, 0.107191, 0.002475, 1000
28.500000, -90.000000, -177.500000, 0.112108, 0.002421, 1000
29.000000, -90.000000, -177.500000, 0.116523, 0.002638, 1000
29.500000, -90.000000, -177.500000, 0.120813, 0.002580, 1000
30.000000, -90.000000, -177.500000, 0.124642, 0.002566, 1000
30.500000, -90.000000, -177.500000, 0.127742, 0.002537, 1000
31.000000, -90.000000, -177.500000, 0.129968, 0.002454, 1000
31.500000, -90.000000, -177.500000, 0.132207, 0.002482, 1000
32.000000, -90.000000, -177.500000, 0.133433, 0.002474, 1000
32.500000, -90.000000, -177.500000, 0.133568, 0.002617, 1000
33.000000, -90.000000, -177.500000, 0.133164, 0.002482, 1000
33.500000, -90.000000, -177.500000, 0.132497, 0.002526, 1000
34.000000, -90.000000, -177.500000, 0.130894, 0.002472, 1000
34.500000, -90.000000, -177.500000, 0.128824, 0.002451, 1000
35.000000, -90.000000, -177.500000, 0.125276, 0.002684, 1000
35.500000, -90.000000, -177.500000, 0.121382, 0.002598, 1000
36.000000, -90.000000, -177.500000, 0.117023, 0.002403, 1000
36.500000, -90.000000, -177.500000, 0.111609, 0.002528, 1000
37.000000, -90.000000, -177.500000, 0.106465, 0.002538, 1000
20.000000, -90.500000, -177.500000, 0.020440, 0.002458, 1000
20.500000, -90.500000, -177.500000, 0.024439, 0.002428, 1000
21.000000, -90.500000, -177.500000, 0.028403, 0.002364, 1000
21.500000, -90.500000, -177.500000, 0.032647, 0.002571, 1000
22.000000, -90.500000, -177.500000, 0.037835, 0.002477, 1000
22.500000, -90.500000, -177.500000, 0.042749, 0.002405, 1000
23.000000, -90.500000, -177.500000, 0.048444, 0.002545, 1000
23.500000, -90.500000, -177.500000, 0.054026, 0.002477, 1000
24.000000, -90.500000, -177.500000, 0.060724, 0.002522, 1000
24.500000, -90.500000, -177.500000, 0.067455, 0.002360, 1000
25.000000, -90.500000, -177.500000, 0.074846, 0.002357, 1000
25.500000, -90.500000, -177.500000, 0.081751, 0.002563, 1000
26.000000, -90.500000, -177.500000, 0.088874, 0.002459, 1000
26.500000, -90.500000, -177.500000, 0.095530, 0.002523, 1000
27.000000, -90.500000, -177.500000, 0.102726, 0.002512, 1000
27.500000, -90.500000, -177.500000, 0.108561, 0.002506, 1000
28.000000, -90.500000, -177.500000, 0.114235, 0.002584, 1000
28.500000, -90.500000, -177.500000, 0.119366, 0.002526, 1000
29.000000, -90.500000, -177.500000, 0.124291, 0.002662, 1000
29.500000, -90.500000, -177.500000, 0.128455, 0.002629, 1000
30.000000, -90.500000, -177.500000, 0.132416, 0.002429, 1000
30.500000, -90.500000, -177.500000, 0.135792, 0.002533, 1000
31.000000, -90.500000, -177.500000, 0.137588, 0.002531, 1000
31.500000, -90.500000, -177.500000, 0.140064, 0.002613, 1000
32.000000, -90.500000, -177.500000, 0.141403, 0.002483, 1000
32.500000, -90.500000, -177.500000, 0.141518, 0.002554, 1000
33.000000, -90.500000, -177.500000, 0.141540, 0.002626, 1000
33.500000, -90.500000, -177.500000, 0.140105, 0.002539, 1000
34.000000, -90.500000, -177.500000, 0.138523, 0.002664, 1000
34.500000, -90.500000, -177.500000, 0.136311, 0.002610, 1000
35.000000, -90.500000, -177.500000, 0.133438, 0.002657, 1000
35.500000, -90.500000, -177.500000, 0.129080, 0.002458, 1000
36.000000, -90.500000, -177.500000, 0.123983, 0.002581, 1000
36.500000, -90.500000, -177.500000, 0.119142, 0.002485, 1000
37.000000, -90.500000, -177.500000, 0.113247, 0.002460, 1000
20.000000, -91.000000, -177.500000, 0.022381, 0.002523, 1000
20.500000, -91.000000, -177.500000, 0.025944, 0.002391, 1000
21.000000, -91.000000, -177.500000, 0.030065, 0.002567, 1000
21.500000, -91.000000, -177.500000, 0.035061, 0.002530, 1000
22.000000, -91.000000, -177.500000, 0.040441, 0.002486, 1000
22.500000, -91.000000, -177.500000, 0.045976, 0.002448, 1000
23.000000, -91.000000, -177.500000, 0.052473, 0.002432, 1000
23.500000, -91.000000, -177.500000, 0.058596, 0.002484, 1000
24.000000, -91.000000, -177.500000, 0.065144, 0.002464, 1000
24.500000, -91.000000, -177.500000, 0.072969, 0.002595, 1000
25.000000, -91.000000, -177.500000, 0.080275, 0.002564, 1000
25.500000, -91.000000, -177.500000, 0.087656, 0.002540, 1000
26.000000, -91.000000, -177.500000, 0.095129, 0.002492, 1000
26.500000, -91.000000, -177.500000, 0.102265, 0.002612, 1000
27.000000, -91.000000, -177.500000, 0.109019, 0.002512, 1000
27.500000, -91.000000, -177.500000, 0.115369, 0.002603, 1000
28.000000, -91.000000, -177.500000, 0.121062, 0.002512, 1000
28.500000, -91.000000, -177.500000, 0.126625, 0.002622, 1000
29.000000, -91.000000, -177.500000, 0.131331, 0.002455, 1000
29.500000, -91.000000, -177.500000, 0.135678, 0.002541, 1000
30.000000, -91.000000, -177.500000, 0.139467, 0.002557, 1000
30.500000, -91.000000, -177.500000, 0.143086, 0.002639, 1000
31.000000, -91.000000, -177.500000, 0.145463, 0.002525, 1000
31.500000, -91.000000, -177.500000, 0.147313, 0.002645, 1000
32.000000, -91.000000, -177.500000, 0.148510, 0.002574, 1000
32.500000, -91.000000, -177.500000, 0.149211, 0.002496, 1000
33.000000, -91.000000, -177.500000, 0.148892, 0.002577, 1000
33.500000, -91.000000, -177.500000, 0.147928, 0.002509, 1000
34.000000, -91.000000, -177.500000, 0.145801, 0.002592, 1000
34.500000, -91.000000, -177.500000, 0.143703, 0.002573, 1000
35.000000, -91.000000, -177.500000, 0.140685, 0.002453, 1000
35.500000, -91.000000, -177.500000, 0.136155, 0.002546, 1000
36.000000, -91.000000, -177.500000, 0.131428, 0.002434, 1000
36.500000, -91.000000, -177.500000, 0.126012, 0.002496, 1000
37.000000, -91.000000, -177.500000, 0.120078, 0.002474, 1000
20.000000, -91.500000, -177.500000, 0.024140, 0.002404, 1000
20.500000, -91.500000, -177.500000, 0.027653, 0.002459, 1000
21.000000, -91.500000, -177.500000, 0.031970, 0.002540, 1000
21.500000, -91.500000, -177.500000, 0.037657, 0.002425, 1000
22.000000, -91.500000, -177.500000, 0.042677, 0.002420, 1000
22.500000, -91.500000, -177.500000, 0.048698, 0.002468, 1000
23.000000, -91.500000, -177.500000, 0.055211, 0.002426, 1000
23.500000, -91.500000, -177.500000, 0.062358, 0.002593, 1000
24.000000, -91.500000, -177.500000, 0.069788, 0.002394, 1000
24.500000, -91.500000, -177.500000, 0.077064, 0.002448, 1000
25.000000, -91.500000, -177.500000, 0.085298, 0.002566, 1000
25.500000, -91.500000, -177.500000, 0.093043, 0.002560, 1000
26.000000, -91.500000, -177.500000, 0.100833, 0.002476, 1000
26.500000, -91.500000, -177.500000, 0.108163, 0.002504, 1000
27.000000, -91.500000, -177.500000, 0.114931, 0.002547, 1000
27.500000, -91.500000, -177.500000, 0.121592, 0.002552, 1000
28.000000, -91.500000, -177.500000, 0.127723, 0.002579, 1000
28.500000, -91.500000, -177.500000, 0.132765, 0.002468, 1000
29.000000, -91.500000, -177.500000, 0.137834, 0.002479, 1000
29.500000, -91.500000, -177.500000, 0.142250, 0.002559, 1000
30.000000, -91.500000, -177.500000, 0.146227, 0.002539, 1000
30.500000, -91.500000, -177.500000, 0.149530, 0.002453, 1000
31.000000, -91.500000, -177.500000, 0.152119, 0.002562, 1000
31.500000, -91.500000, -177.500000, 0.153911, 0.002563, 1000
32.000000, -91.500000, -177.500000, 0.154773, 0.002584, 1000
32.500000, -91.500000, -177.500000, 0.155642, 0.002490, 1000
33.000000, -91.500000, -177.500000, 0.155577, 0.002587, 1000
33.500000, -91.500000, -177.500000, 0.154586, 0.002557, 1000
34.000000, -91.500000, -177.500000, 0.152963, 0.002577, 1000
34.500000, -91.500000, -177.500000, 0.150278, 0.002422, 1000
35.000000, -91.500000, -177.500000, 0.147083, 0.002557, 1000
35.500000, -91.500000, -177.500000, 0.143456, 0.002501, 1000
36.000000, -91.500000, -177.500000, 0.137919, 0.002490, 1000
36.500000, -91.500000, -177.500000, 0.132684, 0.002612, 1000
37.000000, -91.500000, -177.500000, 0.126371, 0.002466, 1000
20.000000, -92.000000, -177.500000, 0.025550, 0.002458, 1000
20.500000, -92.000000, -177.500000, 0.029441, 0.002497, 1000
21.000000, -92.000000, -177.500000, 0.034070, 0.002524, 1000
21.500000, -92.000000, -177.500000, 0.039564, 0.002579, 1000
22.000000, -92.000000, -177.500000, 0.045293, 0.002417, 1000
22.500000, -92.000000, -177.500000, 0.051386, 0.002474, 1000
23.000000, -92.000000, -177.500000, 0.058624, 0.002586, 1000
23.500000, -92.000000, -177.500000, 0.066019, 0.002543, 1000
24.000000, -92.000000, -177.500000, 0.073501, 0.002563, 1000
24.500000, -92.000000, -177.500000, 0.081681, 0.002681, 1000
25.000000, -92.000000, -177.500000, 0.090225, 0.002484, 1000
25.500000, -92.000000, -177.500000, 0.098145, 0.002610, 1000
26.000000, -92.000000, -177.500000, 0.106035, 0.002576, 1000
26.500000, -92.000000, -177.500000, 0.113780, 0.002681, 1000
27.000000, -92.000000, -177.500000, 0.120588, 0.002684, 1000
27.500000, -92.000000, -177.500000, 0.127337, 0.002565, 1000
28.000000, -92.000000, -177.500000, 0.133395, 0.002576, 1000
28.500000, -92.000000, -177.500000, 0.138632, 0.002370, 1000
29.000000, -92.000000, -177.500000, 0.143661, 0.002571, 1000
29.500000, -92.000000, -177.500000, 0.147486, 0.002439, 1000
30.000000, -92.000000, -177.500000, 0.152048, 0.002639, 1000
30.500000, -92.000000, -177.500000, 0.155428, 0.002575, 1000
31.000000, -92.000000, -177.500000, 0.157942, 0.002471, 1000
31.500000, -92.000000, -177.500000, 0.159691, 0.002436, 1000
32.000000, -92.000000, -177.500000, 0.160805, 0.002533, 1000
32.500000, -92.000000, -177.500000, 0.161260, 0.002648, 1000
33.000000, -92.000000, -177.500000, 0.161348, 0.002508, 1000
33.500000, -92.000000, -177.500000, 0.160740, 0.002510, 1000
34.000000, -92.000000, -177.500000, 0.158762, 0.002542, 1000
34.500000, -92.000000, -177.500000, 0.156077, 0.002520, 1000
35.000000, -92.000000, -177.500000, 0.152693, 0.002477, 1000
35.500000, -92.000000, -177.500000, 0.148482, 0.002506, 1000
36.000000, -92.000000, -177.500000, 0.143364, 0.002678, 1000
36.500000, -92.000000, -177.500000, 0.138199, 0.002504, 1000
37.000000, -92.000000, -177.500000, 0.131709, 0.002538, 1000
20.000000, -92.500000, -177.500000, 0.026631, 0.002415, 1000
20.500000, -92.500000, -177.500000, 0.030695, 0.002342, 1000
21.000000, -92.500000, -177.500000, 0.035907, 0.002527, 1000
21.500000, -92.500000, -177.500000, 0.041334, 0.002554, 1000
22.000000, -92.500000, -177.500000, 0.047344, 0.002533, 1000
22.500000, -92.500000, -177.500000, 0.054102, 0.002502, 1000
23.000000, -92.500000, -177.500000, 0.061481, 0.002693, 1000
23.500000, -92.500000, -177.500000, 0.069150, 0.002466, 1000
24.000000, -92.500000, -177.500000, 0.077329, 0.002422, 1000
24.500000, -92.500000, -177.500000, 0.085641, 0.002512, 1000
25.000000, -92.500000, -177.500000, 0.094412, 0.002558, 1000
25.500000, -92.500000, -177.500000, 0.102580, 0.002640, 1000
26.000000, -92.500000, -177.500000, 0.110559, 0.002330, 1000
26.500000, -92.500000, -177.500000, 0.118651, 0.002523, 1000
27.000000, -92.500000, -177.500000, 0.126011, 0.002435, 1000
27.500000, -92.500000, -177.500000, 0.132357, 0.002546, 1000
28.000000, -92.500000, -177.500000, 0.138193, 0.002412, 1000
28.500000, -92.500000, -177.500000, 0.143870, 0.002580, 1000
29.000000, -92.500000, -177.500000, 0.148924, 0.002473, 1000
29.500000, -92.500000, -177.500000, 0.153250, 0.002654, 1000
30.000000, -92.500000, -177.500000, 0.156750, 0.002444, 1000
30.500000, -92.500000, -177.500000, 0.160120, 0.002605, 1000
31.000000, -92.500000, -177.500000, 0.162499, 0.002626, 1000
31.500000, -92.500000, -177.500000, 0.164866, 0.002622, 1000
32.000000, -92.500000, -177.500000, 0.165857, 0.002479, 1000
32.500000, -92.500000, -177.500000, 0.166549, 0.002501, 1000
33.000000, -92.500000, -177.500000, 0.166379, 0.002568, 1000
33.500000, -92.500000, -177.500000, 0.165886, 0.002443, 1000
34.000000, -92.500000, -177.500000, 0.163367, 0.002535, 1000
34.500000, -92.500000, -177.500000, 0.161179, 0.002536, 1000
35.000000, -92.500000, -177.500000, 0.158181, 0.002621, 1000
35.500000, -92.500000, -177.500000, 0.153880, 0.002579, 1000
36.000000, -92.500000, -177.500000, 0.148378, 0.002526, 1000
36.500000, -92.500000, -177.500000, 0.143461, 0.002623, 1000
37.000000, -92.500000, -177.500000, 0.137066, 0.002583, 1000
20.000000, -93.000000, -177.500000, 0.028041, 0.002446, 1000
20.500000, -93.000000, -177.500000, 0.032070, 0.002541, 1000
21.000000, -93.000000, -177.500000, 0.037614, 0.002495, 1000
21.500000, -93.000000, -177.500000, 0.043105, 0.002485, 1000
22.000000, -93.000000, -177.500000, 0.049042, 0.002428, 1000
22.500000, -93.000000, -177.500000, 0.056422, 0.002543, 1000
23.000000, -93.000000, -177.500000, 0.064389, 0.002566, 1000
23.500000, -93.000000, -177.500000, 0.072720, 0.002490, 1000
24.000000, -93.000000, -177.500000, 0.080459, 0.002527, 1000
24.500000, -93.000000, -177.500000, 0.088741, 0.002413, 1000
25.000000, -93.000000, -177.500000, 0.097606, 0.002484, 1000
25.500000, -93.000000, -177.500000, 0.106695, 0.002348, 1000
26.000000, -93.000000, -177.500000, 0.114291, 0.002645, 1000
26.500000, -93.000000, -177.500000, 0.122351, 0.002596, 1000
27.000000, -93.000000, -177.500000, 0.130519, 0.002437, 1000
27.500000, -93.000000, -177.500000, 0.136267, 0.002569, 1000
28.000000, -93.000000, -177.500000, 0.142636, 0.002515, 1000
28.500000, -93.000000, -177.500000, 0.148170, 0.002478, 1000
29.000000, -93.000000, -177.500000, 0.152948, 0.002633, 1000
29.500000, -93.000000, -177.500000, 0.157571, 0.002583, 1000
30.000000, -93.000000, -177.500000, 0.161525, 0.002598, 1000
30.500000, -93.000000, -177.500000, 0.164753, 0.002659, 1000
31.000000, -93.000000, -177.500000, 0.167211, 0.002485, 1000
31.500000, -93.000000, -177.500000, 0.168526, 0.002528, 1000
32.000000, -93.000000, -177.500000, 0.170316, 0.002442, 1000
32.500000, -93.000000, -177.500000, 0.170496, 0.002453, 1000
33.000000, -93.000000, -177.500000, 0.170130, 0.002581, 1000
33.500000, -93.000000, -177.500000, 0.169793, 0.002524, 1000
34.000000, -93.000000, -177.500000, 0.167830, 0.002451, 1000
34.500000, -93.000000, -177.500000, 0.165735, 0.002562, 1000
35.000000, -93.000000, -177.500000, 0.162291, 0.002673, 1000
35.500000, -93.000000, -177.500000, 0.157889, 0.002485, 1000
36.000000, -93.000000, -177.500000, 0.153216, 0.002435, 1000
36.500000, -93.000000, -177.500000, 0.147585, 0.002374, 1000
37.000000, -93.000000, -177.500000, 0.141074, 0.002522, 1000
20.000000, -93.500000, -177.500000, 0.028556, 0.002563, 1000
20.500000, -93.500000, -177.500000, 0.033445, 0.002402, 1000
21.000000, -93.500000, -177.500000, 0.038430, 0.002581, 1000
21.500000, -93.500000, -177.500000, 0.044910, 0.002488, 1000
22.000000, -93.500000, -177.500000, 0.051090, 0.002679, 1000
22.500000, -93.500000, -177.500000, 0.058514, 0.002505, 1000
23.000000, -93.500000, -177.500000, 0.066722, 0.002483, 1000
23.500000, -93.500000, -177.500000, 0.074517, 0.002413, 1000
24.000000, -93.500000, -177.500000, 0.083104, 0.002604, 1000
24.500000, -93.500000, -177.500000, 0.091993, 0.002535, 1000
25.000000, -93.500000, -177.500000, 0.101254, 0.002456, 1000
25.500000, -93.500000, -177.500000, 0.110029, 0.002446, 1000
26.000000, -93.500000, -177.500000, 0.118185, 0.002508, 1000
26.500000, -93.500000, -177.500000, 0.126206, 0.002579, 1000
27.000000, -93.500000, -177.500000, 0.133848, 0.002439, 1000
27.500000, -93.500000, -177.500000, 0.139994, 0.002487, 1000
28.000000, -93.500000, -177.500000, 0.146476, 0.002508, 1000
28.500000, -93.500000, -177.500000, 0.151800, 0.002614, 1000
29.000000, -93.500000, -177.500000, 0.156989, 0.002576, 1000
29.500000, -93.500000, -177.500000, 0.160917, 0.002552, 1000
30.000000, -93.500000, -177.500000, 0.164466, 0.002635, 1000
30.500000, -93.500000, -177.500000, 0.168092, 0.002509, 1000
31.000000, -93.500000, -177.500000, 0.170369, 0.002458, 1000
31.500000, -93.500000, -177.500000, 0.172432, 0.002578, 1000
32.000000, -93.500000, -177.500000, 0.173470, 0.002631, 1000
32.500000, -93.500000, -177.500000, 0.173703, 0.002604, 1000
33.000000, -93.500000, -177.500000, 0.174096, 0.002459, 1000
33.500000, -93.500000, -177.500000, 0.172981, 0.002650, 1000
34.000000, -93.500000, -177.500000, 0.171496, 0.002592, 1000
34.500000, -93.500000, -177.500000, 0.168751, 0.002502, 1000
35.000000, -93.500000, -177.500000, 0.166219, 0.002485, 1000
35.500000, -93.500000, -177.500000, 0.161761, 0.002621, 1000
36.000000, -93.500000, -177.500000, 0.156733, 0.002514, 1000
36.500000, -93.500000, -177.500000, 0.151108, 0.002571, 1000
37.000000, -93.500000, -177.500000, 0.145086, 0.002411, 1000
20.000000, -94.000000, -177.500000, 0.029162, 0.002472, 1000
20.500000, -94.000000, -177.500000, 0.034022, 0.002424, 1000
21.000000, -94.000000, -177.500000, 0.040090, 0.002384, 1000
21.500000, -94.000000, -177.500000, 0.046007, 0.002513, 1000
22.000000, -94.000000, -177.500000, 0.052763, 0.002544, 1000
22.500000, -94.000000, -177.500000, 0.060478, 0.002504, 1000
23.000000, -94.000000, -177.500000, 0.068276, 0.002451, 1000
23.500000, -94.000000, -177.500000, 0.076929, 0.002522, 1000
24.000000, -94.000000, -177.500000, 0.085868, 0.002474, 1000
24.500000, -94.000000, -177.500000, 0.094981, 0.002694, 1000
25.000000, -94.000000, -177.500000, 0.103910, 0.002460, 1000
25.500000, -94.000000, -177.500000, 0.112732, 0.002468, 1000
26.000000, -94.000000, -177.500000, 0.121108, 0.002457, 1000
26.500000, -94.000000, -177.500000, 0.129446, 0.002602, 1000
27.000000, -94.000000, -177.500000, 0.136748, 0.002536, 1000
27.500000, -94.000000, -177.500000, 0.143559, 0.002644, 1000
28.000000, -94.000000, -177.500000, 0.149771, 0.002435, 1000
28.500000, -94.000000, -177.500000, 0.155065, 0.002584, 1000
29.000000, -94.000000, -177.500000, 0.159999, 0.002583, 1000
29.500000, -94.000000, -177.500000, 0.164144, 0.002650, 1000
30.000000, -94.000000, -177.500000, 0.167249, 0.002564, 1000
30.500000, -94.000000, -177.500000, 0.170774, 0.002641, 1000
31.000000, -94.000000, -177.500000, 0.173515, 0.002440, 1000
31.500000, -94.000000, -177.500000, 0.175558, 0.002548, 1000
32.000000, -94.000000, -177.500000, 0.176702, 0.002594, 1000
32.500000, -94.000000, -177.500000, 0.177011, 0.002559, 1000
33.000000, -94.000000, -177.500000, 0.176786, 0.002465, 1000
33.500000, -94.000000, -177.500000, 0.175862, 0.002577, 1000
34.000000, -94.000000, -177.500000, 0.174946, 0.002533, 1000
34.500000, -94.000000, -177.500000, 0.171970, 0.002565, 1000
35.000000, -94.000000, -177.500000, 0.169100, 0.002558, 1000
35.500000, -94.000000, -177.500000, 0.164233, 0.002537, 1000
36.000000, -94.000000, -177.500000, 0.159579, 0.002536, 1000
36.500000, -94.000000, -177.500000, 0.153999, 0.002630, 1000
37.000000, -94.000000, -177.500000, 0.147956, 0.002416, 1000
20.000000, -94.500000, -177.500000, 0.029473, 0.002480, 1000
20.500000, -94.500000, -177.500000, 0.035181, 0.002501, 1000
21.000000, -94.500000, -177.500000, 0.040348, 0.002569, 1000
21.500000, -94.500000, -177.500000, 0.047248, 0.002430, 1000
22.000000, -94.500000, -177.500000, 0.054000, 0.002415, 1000
22.500000, -94.500000, -177.500000, 0.062169, 0.002556, 1000
23.000000, -94.500000, -177.500000, 0.070047, 0.002507, 1000
23.500000, -94.500000, -177.500000, 0.078699, 0.002421, 1000
24.000000, -94.500000, -177.500000, 0.087907, 0.002444, 1000
24.500000, -94.500000, -177.500000, 0.096502, 0.002616, 1000
25.000000, -94.500000, -177.500000, 0.106204, 0.002512, 1000
25.500000, -94.500000, -177.500000, 0.114788, 0.002374, 1000
26.000000, -94.500000, -177.500000, 0.124036, 0.002496, 1000
26.500000, -94.500000, -177.500000, 0.131671, 0.002593, 1000
27.000000, -94.500000, -177.500000, 0.139125, 0.002567, 1000
27.500000, -94.500000, -177.500000, 0.145844, 0.002499, 1000
28.000000, -94.500000, -177.500000, 0.151651, 0.002544, 1000
28.500000, -94.500000, -177.500000, 0.156899, 0.002435, 1000
29.000000, -94.500000, -177.500000, 0.162752, 0.002502, 1000
29.500000, -94.500000, -177.500000, 0.166070, 0.002651, 1000
30.000000, -94.500000, -177.500000, 0.169893, 0.002398, 1000
30.500000, -94.500000, -177.500000, 0.173194, 0.002651, 1000
31.000000, -94.500000, -177.500000, 0.175379, 0.002564, 1000
31.500000, -94.500000, -177.500000, 0.177032, 0.002603, 1000
32.000000, -94.500000, -177.500000, 0.178360, 0.002575, 1000
32.500000, -94.500000, -177.500000, 0.179030, 0.002554, 1000
33.000000, -94.500000, -177.500000, 0.179203, 0.002443, 1000
33.500000, -94.500000, -177.500000, 0.178250, 0.002434, 1000
34.000000, -94.500000, -177.500000, 0.176872, 0.002583, 1000
34.500000, -94.500000, -177.500000, 0.174387, 0.002659, 1000
35.000000, -94.500000, -177.500000, 0.171171, 0.002586, 1000
35.500000, -94.500000, -177.500000, 0.166342, 0.002598, 1000
36.000000, -94.500000, -177.500000, 0.162358, 0.002457, 1000
36.500000, -94.500000, -177.500000, 0.156201, 0.002554, 1000
37.000000, -94.500000, -177.500000, 0.149882, 0.002582, 1000
20.000000, -95.000000, -177.500000, 0.030381, 0.002571, 1000
20.500000, -95.000000, -177.500000, 0.035490, 0.002570, 1000
21.000000, -95.000000, -177.500000, 0.041389, 0.002410, 1000
21.500000, -95.000000, -177.500000, 0.047873, 0.002415, 1000
22.000000, -95.000000, -177.500000, 0.054911, 0.002512, 1000
22.500000, -95.000000, -177.500000, 0.062579, 0.002526, 1000
23.000000, -95.000000, -177.500000, 0.071459, 0.002492, 1000
23.500000, -95.000000, -177.500000, 0.080040, 0.002547, 1000
24.000000, -95.000000, -177.500000, 0.089071, 0.002538, 1000
24.500000, -95.000000, -177.500000, 0.098451, 0.002615, 1000
25.000000, -95.000000, -177.500000, 0.107920, 0.002542, 1000
25.500000, -95.000000, -177.500000, 0.116989, 0.002449, 1000
26.000000, -95.000000, -177.500000, 0.125798, 0.002570, 1000
26.500000, -95.000000, -177.500000, 0.133602, 0.002473, 1000
27.000000, -95.000000, -177.500000, 0.140885, 0.002528, 1000
27.500000, -95.000000, -177.500000, 0.147550, 0.002402, 1000
28.000000, -95.000000, -177.500000, 0.153531, 0.002548, 1000
28.500000, -95.000000, -177.500000, 0.159420, 0.002652, 1000
29.000000, -95.000000, -177.500000, 0.163817, 0.002648, 1000
29.500000, -95.000000, -177.500000, 0.167927, 0.002604, 1000
30.000000, -95.000000, -177.500000, 0.171627, 0.002468, 1000
30.500000, -95.000000, -177.500000, 0.174954, 0.002606, 1000
31.000000, -95.000000, -177.500000, 0.177007, 0.002686, 1000
31.500000, -95.000000, -177.500000, 0.179178, 0.002491, 1000
32.000000, -95.000000, -177.500000, 0.180259, 0.002537, 1000
32.500000, -95.000000, -177.500000, 0.180923, 0.002530, 1000
33.000000, -95.000000, -177.500000, 0.180693, 0.002710, 1000
33.500000, -95.000000, -177.500000, 0.179813, 0.002576, 1000
34.000000, -95.000000, -177.500000, 0.178343, 0.002520, 1000
34.500000, -95.000000, -177.500000, 0.175620, 0.002647, 1000
35.000000, -95.000000, -177.500000, 0.172720, 0.002631, 1000
35.500000, -95.000000, -177.500000, 0.168886, 0.002301, 1000
36.000000, -95.000000, -177.500000, 0.163983, 0.002519, 1000
36.500000, -95.000000, -177.500000, 0.157807, 0.002548, 1000
37.000000, -95.000000, -177.500000, 0.151999, 0.002549, 1000
20.000000, -95.500000, -177.500000, 0.029793, 0.002573, 1000
20.500000, -95.500000, -177.500000, 0.035821, 0.002443, 1000
21.000000, -95.500000, -177.500000, 0.041515, 0.002637, 1000
21.500000, -95.500000, -177.500000, 0.048722, 0.002323, 1000
22.000000, -95.500000, -177.500000, 0.055866, 0.002495, 1000
22.500000, -95.500000, -177.500000, 0.063665, 0.002694, 1000
23.000000, -95.500000, -177.500000, 0.072156, 0.002567, 1000
23.500000, -95.500000, -177.500000, 0.081081, 0.002583, 1000
24.000000, -95.500000, -177.500000, 0.090423, 0.002467, 1000
24.500000, -95.500000, -177.500000, 0.099883, 0.002525, 1000
25.000000, -95.500000, -177.500000, 0.108759, 0.002617, 1000
25.500000, -95.500000, -177.500000, 0.117810, 0.002444, 1000
26.000000, -95.500000, -177.500000, 0.126771, 0.002595, 1000
26.500000, -95.500000, -177.500000, 0.134424, 0.002512, 1000
27.000000, -95.500000, -177.500000, 0.142003, 0.002586, 1000
27.500000, -95.500000, -177.500000, 0.148555, 0.002444, 1000
28.000000, -95.500000, -177.500000, 0.154888, 0.002522, 1000
28.500000, -95.500000, -177.500000, 0.160003, 0.002531, 1000
29.000000, -95.500000, -177.500000, 0.165027, 0.002616, 1000
29.500000, -95.500000, -177.500000, 0.168858, 0.002366, 1000
30.000000, -95.500000, -177.500000, 0.172866, 0.002601, 1000
30.500000, -95.500000, -177.500000, 0.175908, 0.002565, 1000
31.000000, -95.500000, -177.500000, 0.178151, 0.002444, 1000
31.500000, -95.500000, -177.500000, 0.180091, 0.002575, 1000
32.000000, -95.500000, -177.500000, 0.181234, 0.002539, 1000
32.500000, -95.500000, -177.500000, 0.181912, 0.002580, 1000
33.000000, -95.500000, -177.500000, 0.181644, 0.002536, 1000
33.500000, -95.500000, -177.500000, 0.180860, 0.002632, 1000
34.000000, -95.500000, -177.500000, 0.179039, 0.002586, 1000
34.500000, -95.500000, -177.500000, 0.177074, 0.002404, 1000
35.000000, -95.500000, -177.500000, 0.173716, 0.002689, 1000
35.500000, -95.500000, -177.500000, 0.169488, 0.002454, 1000
36.000000, -95.500000, -177.500000, 0.164414, 0.002537, 1000
36.500000, -95.500000, -177.500000, 0.158900, 0.002441, 1000
37.000000, -95.500000, -177.500000, 0.152625, 0.002559, 1000
20.000000, -96.000000, -177.500000, 0.030595, 0.002417, 1000
20.500000, -96.000000, -177.500000, 0.036040, 0.002312, 1000
21.000000, -96.000000, -177.500000, 0.041855, 0.002587, 1000
21.500000, -96.000000, -177.500000, 0.048583, 0.002530, 1000
22.000000, -96.000000, -177.500000, 0.055781, 0.002462, 1000
22.500000, -96.000000, -177.500000, 0.063930, 0.002486, 1000
23.000000, -96.000000, -177.500000, 0.072077, 0.002553, 1000
23.500000, -96.000000, -177.500000, 0.081314, 0.002615, 1000
24.000000, -96.000000, -177.500000, 0.090578, 0.002570, 1000
24.500000, -96.000000, -177.500000, 0.099909, 0.002447, 1000
25.000000, -96.000000, -177.500000, 0.109284, 0.002424, 1000
25.500000, -96.000000, -177.500000, 0.118548, 0.002590, 1000
26.000000, -96.000000, -177.500000, 0.126872, 0.002568, 1000
26.500000, -96.000000, -177.500000, 0.134637, 0.002572, 1000
27.000000, -96.000000, -177.500000, 0.142038, 0.002561, 1000
27.500000, -96.000000, -177.500000, 0.148778, 0.002544, 1000
28.000000, -96.000000, -177.500000, 0.154275, 0.002647, 1000
28.500000, -96.000000, -177.500000, 0.159933, 0.002500, 1000
29.000000, -96.000000, -177.500000, 0.165149, 0.002651, 1000
29.500000, -96.000000, -177.500000, 0.169119, 0.002630, 1000
30.000000, -96.000000, -177.500000, 0.172748, 0.002498, 1000
30.500000, -96.000000, -177.500000, 0.175680, 0.002667, 1000
31.000000, -96.000000, -177.500000, 0.178513, 0.002509, 1000
31.500000, -96.000000, -177.500000, 0.180195, 0.002490, 1000
32.000000, -96.000000, -177.500000, 0.181721, 0.002646, 1000
32.500000, -96.000000, -177.500000, 0.181532, 0.002507, 1000
33.000000, -96.000000, -177.500000, 0.182161, 0.002558, 1000
33.500000, -96.000000, -177.500000, 0.181040, 0.002359, 1000
34.000000, -96.000000, -177.500000, 0.179248, 0.002547, 1000
34.500000, -96.000000, -177.500000, 0.176947, 0.002526, 1000
35.000000, -96.000000, -177.500000, 0.174181, 0.002529, 1000
35.500000, -96.000000, -177.500000, 0.169877, 0.002440, 1000
36.000000, -96.000000, -177.500000, 0.165024, 0.002558, 1000
36.500000, -96.000000, -177.500000, 0.159709, 0.002536, 1000
37.000000, -96.000000, -177.500000, 0.153416, 0.002567, 1000
20.000000, -96.500000, -177.500000, 0.030926, 0.002538, 1000
20.500000, -96.500000, -177.500000, 0.035703, 0.002553, 1000
21.000000, -96.500000, -177.500000, 0.041603, 0.002454, 1000
21.500000, -96.500000, -177.500000, 0.047978, 0.002540, 1000
22.000000, -96.500000, -177.500000, 0.055532, 0.002459, 1000
22.500000, -96.500000, -177.500000, 0.063712, 0.002485, 1000
23.000000, -96.500000, -177.500000, 0.071653, 0.002563, 1000
23.500000, -96.500000, -177.500000, 0.081184, 0.002528, 1000
24.000000, -96.500000, -177.500000, 0.090330, 0.002639, 1000
24.500000, -96.500000, -177.500000, 0.099861, 0.002548, 1000
25.000000, -96.500000, -177.500000, 0.108677, 0.002480, 1000
25.500000, -96.500000, -177.500000, 0.117943, 0.002693, 1000
26.000000, -96.500000, -177.500000, 0.126529, 0.002457, 1000
26.500000, -96.500000, -177.500000, 0.134237, 0.002579, 1000
27.000000, -96.500000, -177.500000, 0.141256, 0.002688, 1000
27.500000, -96.500000, -177.500000, 0.148231, 0.002538, 1000
28.000000, -96.500000, -177.500000, 0.154657, 0.002705, 1000
28.500000, -96.500000, -177.500000, 0.159600, 0.002563, 1000
29.000000, -96.500000, -177.500000, 0.164253, 0.002676, 1000
29.500000, -96.500000, -177.500000, 0.169004, 0.002484, 1000
30.000000, -96.500000, -177.500000, 0.172458, 0.002612, 1000
30.500000, -96.500000, -177.500000, 0.175726, 0.002740, 1000
31.000000, -96.500000, -177.500000, 0.178119, 0.002583, 1000
31.500000, -96.500000, -177.500000, 0.179469, 0.002529, 1000
32.000000, -96.500000, -177.500000, 0.180841, 0.002516, 1000
32.500000, -96.500000, -177.500000, 0.181572, 0.002587, 1000
33.000000, -96.500000, -177.500000, 0.181315, 0.002455, 1000
33.500000, -96.500000, -177.500000, 0.180483, 0.002613, 1000
34.000000, -96.500000, -177.500000, 0.178843, 0.002608, 1000
34.500000, -96.500000, -177.500000, 0.176662, 0.002707, 1000
35.000000, -96.500000, -177.500000, 0.173640, 0.002587, 1000
35.500000, -96.500000, -177.500000, 0.169217, 0.002534, 1000
36.000000, -96.500000, -177.500000, 0.164620, 0.002669, 1000
36.500000, -96.500000, -177.500000, 0.158728, 0.002456, 1000
37.000000, -96.500000, -177.500000, 0.152717, 0.002536, 1000
20.000000, -97.000000, -177.500000, 0.030007, 0.002526, 1000
20.500000, -97.000000, -177.500000, 0.035275, 0.002443, 1000
21.000000, -97.000000, -177.500000, 0.041282, 0.002523, 1000
21.500000, -97.000000, -177.500000, 0.048133, 0.002564, 1000
22.000000, -97.000000, -177.500000, 0.055345, 0.002355, 1000
22.500000, -97.000000, -177.500000, 0.063277, 0.002541, 1000
23.000000, -97.000000, -177.500000, 0.071588, 0.002426, 1000
23.500000, -97.000000, -177.500000, 0.079947, 0.002557, 1000
24.000000, -97.000000, -177.500000, 0.089671, 0.002517, 1000
24.500000, -97.000000, -177.500000, 0.098945, 0.002513, 1000
25.000000, -97.000000, -177.500000, 0.108876, 0.002505, 1000
25.500000, -97.000000, -177.500000, 0.116994, 0.002669, 1000
26.000000, -97.000000, -177.500000, 0.125557, 0.002493, 1000
26.500000, -97.000000, -177.500000, 0.133519, 0.002596, 1000
27.000000, -97.000000, -177.500000, 0.140743, 0.002549, 1000
27.500000, -97.000000, -177.500000, 0.147481, 0.002471, 1000
28.000000, -97.000000, -177.500000, 0.153215, 0.002492, 1000
28.500000, -97.000000, -177.500000, 0.159106, 0.002514, 1000
29.000000, -97.000000, -177.500000, 0.164001, 0.002593, 1000
29.500000, -97.000000, -177.500000, 0.167687, 0.002439, 1000
30.000000, -97.000000, -177.500000, 0.171445, 0.002484, 1000
30.500000, -97.000000, -177.500000, 0.174194, 0.002515, 1000
31.000000, -97.000000, -177.500000, 0.176852, 0.002568, 1000
31.500000, -97.000000, -177.500000, 0.179201, 0.002403, 1000
32.000000, -97.000000, -177.500000, 0.180134, 0.002464, 1000
32.500000, -97.000000, -177.500000, 0.180530, 0.002671, 1000
33.000000, -97.000000, -177.500000, 0.180511, 0.002480, 1000
33.500000, -97.000000, -177.500000, 0.179799, 0.002531, 1000
34.000000, -97.000000, -177.500000, 0.177586, 0.002457, 1000
34.500000, -97.000000, -177.500000, 0.175526, 0.002612, 1000
35.000000, -97.000000, -177.500000, 0.172191, 0.002555, 1000
35.500000, -97.000000, -177.500000, 0.168005, 0.002389, 1000
36.000000, -97.000000, -177.500000, 0.163311, 0.002536, 1000
36.500000, -97.000000, -177.500000, 0.157848, 0.002555, 1000
37.000000, -97.000000, -177.500000, 0.151727, 0.002644, 1000
20.000000, -97.500000, -177.500000, 0.029681, 0.002439, 1000
20.500000, -97.500000, -177.500000, 0.035024, 0.002515, 1000
21.000000, -97.500000, -177.500000, 0.041083, 0.002451, 1000
21.500000, -97.500000, -177.500000, 0.046963, 0.002481, 1000
22.000000, -97.500000, -177.500000, 0.054687, 0.002478, 1000
22.500000, -97.500000, -177.500000, 0.062152, 0.002656, 1000
23.000000, -97.500000, -177.500000, 0.070454, 0.002524, 1000
23.500000, -97.500000, -177.500000, 0.079432, 0.002284, 1000
24.000000, -97.500000, -177.500000, 0.088130, 0.002382, 1000
24.500000, -97.500000, -177.500000, 0.097322, 0.002510, 1000
25.000000, -97.500000, -177.500000, 0.106636, 0.002422, 1000
25.500000, -97.500000, -177.500000, 0.114953, 0.002523, 1000
26.000000, -97.500000, -177.500000, 0.124048, 0.002590, 1000
26.500000, -97.500000, -177.500000, 0.131916, 0.002575, 1000
27.000000, -97.500000, -177.500000, 0.139380, 0.002586, 1000
27.500000, -97.500000, -177.500000, 0.146169, 0.002508, 1000
28.000000, -97.500000, -177.500000, 0.151815, 0.002569, 1000
28.500000, -97.500000, -177.500000, 0.157641, 0.002537, 1000
29.000000, -97.500000, -177.500000, 0.161929, 0.002590, 1000
29.500000, -97.500000, -177.500000, 0.166317, 0.002573, 1000
30.000000, -97.500000, -177.500000, 0.170406, 0.002470, 1000
30.500000, -97.500000, -177.500000, 0.173010, 0.002633, 1000
31.000000, -97.500000, -177.500000, 0.175718, 0.002563, 1000
31.500000, -97.500000, -177.500000, 0.176768, 0.002554, 1000
32.000000, -97.500000, -177.500000, 0.178755, 0.002546, 1000
32.500000, -97.500000, -177.500000, 0.179233, 0.002513, 1000
33.000000, -97.500000, -177.500000, 0.178478, 0.002623, 1000
33.500000, -97.500000, -177.500000, 0.177912, 0.002588, 1000
34.000000, -97.500000, -177.500000, 0.175560, 0.002654, 1000
34.500000, -97.500000, -177.500000, 0.173293, 0.002541, 1000
35.000000, -97.500000, -177.500000, 0.170281, 0.002578, 1000
35.500000, -97.500000, -177.500000, 0.166379, 0.002612, 1000
36.000000, -97.500000, -177.500000, 0.161571, 0.002542, 1000
36.500000, -97.500000, -177.500000, 0.156276, 0.002588, 1000
37.000000, -97.500000, -177.500000, 0.149577, 0.002470, 1000
20.000000, -98.000000, -177.500000, 0.029356, 0.002454, 1000
20.500000, -98.000000, -177.500000, 0.033971, 0.002416, 1000
21.000000, -98.000000, -177.500000, 0.039193, 0.002484, 1000
21.500000, -98.000000, -177.500000, 0.045707, 0.002440, 1000
22.000000, -98.000000, -177.500000, 0.052786, 0.002601, 1000
22.500000, -98.000000, -177.500000, 0.060616, 0.002514, 1000
23.000000, -98.000000, -177.500000, 0.068988, 0.002528, 1000
23.500000, -98.000000, -177.500000, 0.077363, 0.002443, 1000
24.000000, -98.000000, -177.500000, 0.086632, 0.002441, 1000
24.500000, -98.000000, -177.500000, 0.095287, 0.002649, 1000
25.000000, -98.000000, -177.500000, 0.104589, 0.002589, 1000
25.500000, -98.000000, -177.500000, 0.113301, 0.002460, 1000
26.000000, -98.000000, -177.500000, 0.121681, 0.002640, 1000
26.500000, -98.000000, -177.500000, 0.129714, 0.002548, 1000
27.000000, -98.000000, -177.500000, 0.136771, 0.002592, 1000
27.500000, -98.000000, -177.500000, 0.143518, 0.002511, 1000
28.000000, -98.000000, -177.500000, 0.149788, 0.002379, 1000
28.500000, -98.000000, -177.500000, 0.155457, 0.002624, 1000
29.000000, -98.000000, -177.500000, 0.159862, 0.002544, 1000
29.500000, -98.000000, -177.500000, 0.163884, 0.002662, 1000
30.000000, -98.000000, -177.500000, 0.168006, 0.002565, 1000
30.500000, -98.000000, -177.500000, 0.170884, 0.002454, 1000
31.000000, -98.000000, -177.500000, 0.173305, 0.002553, 1000
31.500000, -98.000000, -177.500000, 0.174899, 0.002642, 1000
32.000000, -98.000000, -177.500000, 0.175911, 0.002609, 1000
32.500000, -98.000000, -177.500000, 0.176419, 0.002572, 1000
33.000000, -98.000000, -177.500000, 0.176469, 0.002570, 1000
33.500000, -98.000000, -177.500000, 0.175781, 0.002549, 1000
34.000000, -98.000000, -177.500000, 0.173386, 0.002534, 1000
34.500000, -98.000000, -177.500000, 0.171222, 0.002539, 1000
35.000000, -98.000000, -177.500000, 0.168212, 0.002432, 1000
35.500000, -98.000000, -177.500000, 0.163450, 0.002516, 1000
36.000000, -98.000000, -177.500000, 0.158491, 0.002485, 1000
36.500000, -98.000000, -177.500000, 0.153735, 0.002422, 1000
37.000000, -98.000000, -177.500000, 0.147339, 0.002438, 1000
20.000000, -98.500000, -177.500000, 0.028143, 0.002610, 1000
20.500000, -98.500000, -177.500000, 0.032991, 0.002487, 1000
21.000000, -98.500000, -177.500000, 0.038422, 0.002451, 1000
21.500000, -98.500000, -177.500000, 0.044894, 0.002549, 1000
22.000000, -98.500000, -177.500000, 0.051602, 0.002516, 1000
22.500000, -98.500000, -177.500000, 0.058826, 0.002442, 1000
23.000000, -98.500000, -177.500000, 0.066892, 0.002512, 1000
23.500000, -98.500000, -177.500000, 0.075469, 0.002535, 1000
24.000000, -98.500000, -177.500000, 0.084214, 0.002437, 1000
24.500000, -98.500000, -177.500000, 0.092607, 0.002639, 1000
25.000000, -98.500000, -177.500000, 0.101584, 0.002456, 1000
25.500000, -98.500000, -177.500000, 0.110773, 0.002516, 1000
26.000000, -98.500000, -177.500000, 0.118868, 0.002540, 1000
26.500000, -98.500000, -177.500000, 0.126415, 0.002595, 1000
27.000000, -98.500000, -177.500000, 0.134159, 0.002594, 1000
27.500000, -98.500000, -177.500000, 0.140510, 0.002484, 1000
28.000000, -98.500000, -177.500000, 0.146208, 0.002518, 1000
28.500000, -98.500000, -177.500000, 0.152387, 0.002627, 1000
29.000000, -98.500000, -177.500000, 0.157040, 0.002509, 1000
29.500000, -98.500000, -177.500000, 0.161081, 0.002489, 1000
30.000000, -98.500000, -177.500000, 0.164527, 0.002669, 1000
30.500000, -98.500000, -177.500000, 0.167794, 0.002536, 1000
31.000000, -98.500000, -177.500000, 0.169835, 0.002460, 1000
31.500000, -98.500000, -177.500000, 0.171856, 0.002539, 1000
32.000000, -98.500000, -177.500000, 0.173296, 0.002512, 1000
32.500000, -98.500000, -177.500000, 0.173671, 0.002586, 1000
33.000000, -98.500000, -177.500000, 0.173321, 0.002562, 1000
33.500000, -98.500000, -177.500000, 0.172246, 0.002608, 1000
34.000000, -98.500000, -177.500000, 0.170693, 0.002499, 1000
34.500000, -98.500000, -177.500000, 0.168203, 0.002459, 1000
35.000000, -98.500000, -177.500000, 0.165177, 0.002542, 1000
35.500000, -98.500000, -177.500000, 0.160732, 0.002571, 1000
36.000000, -98.500000, -177.500000, 0.155993, 0.002595, 1000
36.500000, -98.500000, -177.500000, 0.150697, 0.002523, 1000
37.000000, -98.500000, -177.500000, 0.144321, 0.002605, 1000
20.000000, -99.000000, -177.500000, 0.027201, 0.002530, 1000
20.500000, -99.000000, -177.500000, 0.032023, 0.002430, 1000
21.000000, -99.000000, -177.500000, 0.036532, 0.002423, 1000
21.500000, -99.000000, -177.500000, 0.043185, 0.002524, 1000
22.000000, -99.000000, -177.500000, 0.049664, 0.002482, 1000
22.500000, -99.000000, -177.500000, 0.056739, 0.002500, 1000
23.000000, -99.000000, -177.500000, 0.064529, 0.002463, 1000
23.500000, -99.000000, -177.500000, 0.072715, 0.002618, 1000
24.000000, -99.000000, -177.500000, 0.081159, 0.002388, 1000
24.500000, -99.000000, -177.500000, 0.089661, 0.002496, 1000
25.000000, -99.000000, -177.500000, 0.098750, 0.002569, 1000
25.500000, -99.000000, -177.500000, 0.107296, 0.002480, 1000
26.000000, -99.000000, -177.500000, 0.115153, 0.002586, 1000
26.500000, -99.000000, -177.500000, 0.122928, 0.002607, 1000
27.000000, -99.000000, -177.500000, 0.130373, 0.002537, 1000
27.500000, -99.000000, -177.500000, 0.136697, 0.002573, 1000
28.000000, -99.000000, -177.500000, 0.143011, 0.002508, 1000
28.500000, -99.000000, -177.500000, 0.148234, 0.002489, 1000
29.000000, -99.000000, -177.500000, 0.153141, 0.002617, 1000
29.500000, -99.000000, -177.500000, 0.157360, 0.002553, 1000
30.000000, -99.000000, -177.500000, 0.160858, 0.002544, 1000
30.500000, -99.000000, -177.500000, 0.163893, 0.002589, 1000
31.000000, -99.000000, -177.500000, 0.166164, 0.002654, 1000
31.500000, -99.000000, -177.500000, 0.168366, 0.002553, 1000
32.000000, -99.000000, -177.500000, 0.169299, 0.002627, 1000
32.500000, -99.000000, -177.500000, 0.169743, 0.002547, 1000
33.000000, -99.000000, -177.500000, 0.169632, 0.002568, 1000
33.500000, -99.000000, -177.500000, 0.168729, 0.002437, 1000
34.000000, -99.000000, -177.500000, 0.166644, 0.002538, 1000
34.500000, -99.000000, -177.500000, 0.164141, 0.002683, 1000
35.000000, -99.000000, -177.500000, 0.161255, 0.002570, 1000
35.500000, -99.000000, -177.500000, 0.156571, 0.002561, 1000
36.000000, -99.000000, -177.500000, 0.151720, 0.002612, 1000
36.500000, -99.000000, -177.500000, 0.146309, 0.002598, 1000
37.000000, -99.000000, -177.500000, 0.140283, 0.002564, 1000
20.000000, -99.500000, -177.500000, 0.026414, 0.002434, 1000
20.500000, -99.500000, -177.500000, 0.030477, 0.002599, 1000
21.000000, -99.500000, -177.500000, 0.035768, 0.002550, 1000
21.500000, -99.500000, -177.500000, 0.041304, 0.002520, 1000
22.000000, -99.500000, -177.500000, 0.047490, 0.002495, 1000
22.500000, -99.500000, -177.500000, 0.054598, 0.002514, 1000
23.000000, -99.500000, -177.500000, 0.062074, 0.002457, 1000
23.500000, -99.500000, -177.500000, 0.070084, 0.002399, 1000
24.000000, -99.500000, -177.500000, 0.078392, 0.002475, 1000
24.500000, -99.500000, -177.500000, 0.086566, 0.002446, 1000
25.000000, -99.500000, -177.500000, 0.094913, 0.002477, 1000
25.500000, -99.500000, -177.500000, 0.102924, 0.002633, 1000
26.000000, -99.500000, -177.500000, 0.111132, 0.002510, 1000
26.500000, -99.500000, -177.500000, 0.119066, 0.002464, 1000
27.000000, -99.500000, -177.500000, 0.125965, 0.002582, 1000
27.500000, -99.500000, -177.500000, 0.132364, 0.002552, 1000
28.000000, -99.500000, -177.500000, 0.138662, 0.002467, 1000
28.500000, -99.500000, -177.500000, 0.143744, 0.002566, 1000
29.000000, -99.500000, -177.500000, 0.148450, 0.002377, 1000
29.500000, -99.500000, -177.500000, 0.152994, 0.002560, 1000
30.000000, -99.500000, -177.500000, 0.155975, 0.002578, 1000
30.500000, -99.500000, -177.500000, 0.159836, 0.002474, 1000
31.000000, -99.500000, -177.500000, 0.162348, 0.002600, 1000
31.500000, -99.500000, -177.500000, 0.163711, 0.002646, 1000
32.000000, -99.500000, -177.500000, 0.165556, 0.002631, 1000
32.500000, -99.500000, -177.500000, 0.165609, 0.002567, 1000
33.000000, -99.500000, -177.500000, 0.164872, 0.002604, 1000
33.500000, -99.500000, -177.500000, 0.163845, 0.002711, 1000
34.000000, -99.500000, -177.500000, 0.162859, 0.002576, 1000
34.500000, -99.500000, -177.500000, 0.159623, 0.002480, 1000
35.000000, -99.500000, -177.500000, 0.156763, 0.002561, 1000
35.500000, -99.500000, -177.500000, 0.152180, 0.002566, 1000
36.000000, -99.500000, -177.500000, 0.147518, 0.002511, 1000
36.500000, -99.500000, -177.500000, 0.141313, 0.002539, 1000
37.000000, -99.500000, -177.500000, 0.135858, 0.002640, 1000
20.000000, -100.000000, -177.500000, 0.024811, 0.002367, 1000
20.500000, -100.000000, -177.500000, 0.028892, 0.002415, 1000
21.000000, -100.000000, -177.500000, 0.033906, 0.002473, 1000
21.500000, -100.000000, -177.500000, 0.038984, 0.002538, 1000
22.000000, -100.000000, -177.500000, 0.045023, 0.002443, 1000
22.500000, -100.000000, -177.500000, 0.052027, 0.002572, 1000
23.000000, -100.000000, -177.500000, 0.058969, 0.002550, 1000
23.500000, -100.000000, -177.500000, 0.066310, 0.002411, 1000
24.000000, -100.000000, -177.500000, 0.074221, 0.002507, 1000
24.500000, -100.000000, -177.500000, 0.082787, 0.002520, 1000
25.000000, -100.000000, -177.500000, 0.090775, 0.002529, 1000
25.500000, -100.000000, -177.500000, 0.098436, 0.002544, 1000
26.000000, -100.000000, -177.500000, 0.106664, 0.002428, 1000
26.500000, -100.000000, -177.500000, 0.114230, 0.002685, 1000
27.000000, -100.000000, -177.500000, 0.121046, 0.002520, 1000
27.500000, -100.000000, -177.500000, 0.127448, 0.002461, 1000
28.000000, -100.000000, -177.500000, 0.133745, 0.002531, 1000
28.500000, -100.000000, -177.500000, 0.139188, 0.002437, 1000
29.000000, -100.000000, -177.500000, 0.143723, 0.002536, 1000
29.500000, -100.000000, -177.500000, 0.148306, 0.002578, 1000
30.000000, -100.000000, -177.500000, 0.151548, 0.002558, 1000
30.500000, -100.000000, -177.500000, 0.154320, 0.002564, 1000
31.000000, -100.000000, -177.500000, 0.157352, 0.002467, 1000
31.500000, -100.000000, -177.500000, 0.159189, 0.002572, 1000
32.000000, -100.000000, -177.500000, 0.159930, 0.002478, 1000
32.500000, -100.000000, -177.500000, 0.160530, 0.002599, 1000
33.000000, -100.000000, -177.500000, 0.159786, 0.002532, 1000
33.500000, -100.000000, -177.500000, 0.159021, 0.002665, 1000
34.000000, -100.000000, -177.500000, 0.156898, 0.002616, 1000
34.500000, -100.000000, -177.500000, 0.154300, 0.002650, 1000
35.000000, -100.000000, -177.500000, 0.151261, 0.002502, 1000
35.500000, -100.000000, -177.500000, 0.147011, 0.002469, 1000
36.000000, -100.000000, -177.500000, 0.142197, 0.002427, 1000
36.500000, -100.000000, -177.500000, 0.136306, 0.002541, 1000
37.000000, -100.000000, -177.500000, 0.130042, 0.002618, 1000
20.000000, -100.500000, -177.500000, 0.023601, 0.002417, 1000
20.500000, -100.500000, -177.500000, 0.027412, 0.002460, 1000
21.000000, -100.500000, -177.500000, 0.031900, 0.002592, 1000
21.500000, -100.500000, -177.500000, 0.036857, 0.002536, 1000
22.000000, -100.500000, -177.500000, 0.042545, 0.002638, 1000
22.500000, -100.500000, -177.500000, 0.048877, 0.002548, 1000
23.000000, -100.500000, -177.500000, 0.055597, 0.002565, 1000
23.500000, -100.500000, -177.500000, 0.063032, 0.002512, 1000
24.000000, -100.500000, -177.500000, 0.070421, 0.002513, 1000
24.500000, -100.500000, -177.500000, 0.077983, 0.002601, 1000
25.000000, -100.500000, -177.500000, 0.085945, 0.002421, 1000
25.500000, -100.500000, -177.500000, 0.093546, 0.002529, 1000
26.000000, -100.500000, -177.500000, 0.101067, 0.002478, 1000
26.500000, -100.500000, -177.500000, 0.108785, 0.002562, 1000
27.000000, -100.500000, -177.500000, 0.115574, 0.002425, 1000
27.500000, -100.500000, -177.500000, 0.122345, 0.002549, 1000
28.000000, -100.500000, -177.500000, 0.127901, 0.002558, 1000
28.500000, -100.500000, -177.500000, 0.133276, 0.002670, 1000
29.000000, -100.500000, -177.500000, 0.138070, 0.002527, 1000
29.500000, -100.500000, -177.500000, 0.142271, 0.002584, 1000
30.000000, -100.500000, -177.500000, 0.145789, 0.002589, 1000
30.500000, -100.500000, -177.500000, 0.148832, 0.002396, 1000
31.000000, -100.500000, -177.500000, 0.151371, 0.002527, 1000
31.500000, -100.500000, -177.500000, 0.152921, 0.002482, 1000
32.000000, -100.500000, -177.500000, 0.154123, 0.002569, 1000
32.500000, -100.500000, -177.500000, 0.154716, 0.002526, 1000
33.000000, -100.500000, -177.500000, 0.154328, 0.002561, 1000
33.500000, -100.500000, -177.500000, 0.153061, 0.002516, 1000
34.000000, -100.500000, -177.500000, 0.150894, 0.002547, 1000
34.500000, -100.500000, -177.500000, 0.148550, 0.002432, 1000
35.000000, -100.500000, -177.500000, 0.145165, 0.002503, 1000
35.500000, -100.500000, -177.500000, 0.140894, 0.002571, 1000
36.000000, -100.500000, -177.500000, 0.135951, 0.002627, 1000
36.500000, -100.500000, -177.500000, 0.130540, 0.002479, 1000
37.000000, -100.500000, -177.500000, 0.124472, 0.002504, 1000
20.000000, -101.000000, -177.500000, 0.022200, 0.002494, 1000
20.500000, -101.000000, -177.500000, 0.025218, 0.002467, 1000
21.000000, -101.000000, -177.500000, 0.030153, 0.002603, 1000
21.500000, -101.000000, -177.500000, 0.034712, 0.002525, 1000
22.000000, -101.000000, -177.500000, 0.039924, 0.002500, 1000
22.500000, -101.000000, -177.500000, 0.045936, 0.002498, 1000
23.000000, -101.000000, -177.500000, 0.052189, 0.002540, 1000
23.500000, -101.000000, -177.500000, 0.058826, 0.002493, 1000
24.000000, -101.000000, -177.500000, 0.066124, 0.002430, 1000
24.500000, -101.000000, -177.500000, 0.073189, 0.002546, 1000
25.000000, -101.000000, -177.500000, 0.081149, 0.002517, 1000
25.500000, -101.000000, -177.500000, 0.088306, 0.002510, 1000
26.000000, -101.000000, -177.500000, 0.095831, 0.002486, 1000
26.500000, -101.000000, -177.500000, 0.102964, 0.002571, 1000
27.000000, -101.000000, -177.500000, 0.109546, 0.002554, 1000
27.500000, -101.000000, -177.500000, 0.115747, 0.002524, 1000
28.000000, -101.000000, -177.500000, 0.121848, 0.002595, 1000
28.500000, -101.000000, -177.500000, 0.127096, 0.002585, 1000
29.000000, -101.000000, -177.500000, 0.131583, 0.002540, 1000
29.500000, -101.000000, -177.500000, 0.135810, 0.002454, 1000
30.000000, -101.000000, -177.500000, 0.139291, 0.002421, 1000
30.500000, -101.000000, -177.500000, 0.142359, 0.002592, 1000
31.000000, -101.000000, -177.500000, 0.144611, 0.002627, 1000
31.500000, -101.000000, -177.500000, 0.146328, 0.002567, 1000
32.000000, -101.000000, -177.500000, 0.147574, 0.002578, 1000
32.500000, -101.000000, -177.500000, 0.148046, 0.002468, 1000
33.000000, -101.000000, -177.500000, 0.147448, 0.002495, 1000
33.500000, -101.000000, -177.500000, 0.146464, 0.002540, 1000
34.000000, -101.000000, -177.500000, 0.144313, 0.002574, 1000
34.500000, -101.000000, -177.500000, 0.141636, 0.002617, 1000
35.000000, -101.000000, -177.500000, 0.138432, 0.002380, 1000
35.500000, -101.000000, -177.500000, 0.134058, 0.002557, 1000
36.000000, -101.000000, -177.500000, 0.129114, 0.002411, 1000
36.500000, -101.000000, -177.500000, 0.123900, 0.002503, 1000
37.000000, -101.000000, -177.500000, 0.118171, 0.002607, 1000
20.000000, -101.500000, -177.500000, 0.020716, 0.002478, 1000
20.500000, -101.500000, -177.500000, 0.023596, 0.002518, 1000
21.000000, -101.500000, -177.500000, 0.027900, 0.002450, 1000
21.500000, -101.500000, -177.500000, 0.032335, 0.002535, 1000
22.000000, -101.500000, -177.500000, 0.037131, 0.002435, 1000
22.500000, -101.500000, -177.500000, 0.042495, 0.002523, 1000
23.000000, -101.500000, -177.500000, 0.048219, 0.002551, 1000
23.500000, -101.500000, -177.500000, 0.054747, 0.002574, 1000
24.000000, -101.500000, -177.500000, 0.061290, 0.002393, 1000
24.500000, -101.500000, -177.500000, 0.068328, 0.002428, 1000
25.000000, -101.500000, -177.500000, 0.075651, 0.002533, 1000
25.500000, -101.500000, -177.500000, 0.082677, 0.002551, 1000
26.000000, -101.500000, -177.500000, 0.089628, 0.002447, 1000
26.500000, -101.500000, -177.500000, 0.096405, 0.002493, 1000
27.000000, -101.500000, -177.500000, 0.102452, 0.002604, 1000
27.500000, -101.500000, -177.500000, 0.108697, 0.002510, 1000
28.000000, -101.500000, -177.500000, 0.114361, 0.002510, 1000
28.500000, -101.500000, -177.500000, 0.120318, 0.002419, 1000
29.000000, -101.500000, -177.500000, 0.124252, 0.002599, 1000
29.500000, -101.500000, -177.500000, 0.128301, 0.002531, 1000
30.000000, -101.500000, -177.500000, 0.132355, 0.002487, 1000
30.500000, -101.500000, -177.500000, 0.135031, 0.002572, 1000
31.000000, -101.500000, -177.500000, 0.137607, 0.002443, 1000
31.500000, -101.500000, -177.500000, 0.139153, 0.002555, 1000
32.000000, -101.500000, -177.500000, 0.140058, 0.002461, 1000
32.500000, -101.500000, -177.500000, 0.140580, 0.002436, 1000
33.000000, -101.500000, -177.500000, 0.139979, 0.002577, 1000
33.500000, -101.500000, -177.500000, 0.138832, 0.002485, 1000
34.000000, -101.500000, -177.500000, 0.136896, 0.002425, 1000
34.500000, -101.500000, -177.500000, 0.134224, 0.002552, 1000
35.000000, -101.500000, -177.500000, 0.130730, 0.002427, 1000
35.500000, -101.500000, -177.500000, 0.126622, 0.002490, 1000
36.000000, -101.500000, -177.500000, 0.121237, 0.002596, 1000
36.500000, -101.500000, -177.500000, 0.116485, 0.002584, 1000
37.000000, -101.500000, -177.500000, 0.110956, 0.002655, 1000
20.000000, -102.000000, -177.500000, 0.018674, 0.002538, 1000
20.500000, -102.000000, -177.500000, 0.021833, 0.002507, 1000
21.000000, -102.000000, -177.500000, 0.025668, 0.002653, 1000
21.500000, -102.000000, -177.500000, 0.029543, 0.002525, 1000
22.000000, -102.000000, -177.500000, 0.034274, 0.002506, 1000
22.500000, -102.000000, -177.500000, 0.039068, 0.002385, 1000
23.000000, -102.000000, -177.500000, 0.044729, 0.002375, 1000
23.500000, -102.000000, -177.500000, 0.050658, 0.002453, 1000
24.000000, -102.000000, -177.500000, 0.056930, 0.002466, 1000
24.500000, -102.000000, -177.500000, 0.063110, 0.002519, 1000
25.000000, -102.000000, -177.500000, 0.070040, 0.002521, 1000
25.500000, -102.000000, -177.500000, 0.076210, 0.002494, 1000
26.000000, -102.000000, -177.500000, 0.083222, 0.002604, 1000
26.500000, -102.000000, -177.500000, 0.089805, 0.002489, 1000
27.000000, -102.000000, -177.500000, 0.096010, 0.002572, 1000
27.500000, -102.000000, -177.500000, 0.101754, 0.002584, 1000
28.000000, -102.000000, -177.500000, 0.107573, 0.002500, 1000
28.500000, -102.000000, -177.500000, 0.112235, 0.002484, 1000
29.000000, -102.000000, -177.500000, 0.116612, 0.002658, 1000
29.500000, -102.000000, -177.500000, 0.120748, 0.002465, 1000
30.000000, -102.000000, -177.500000, 0.124345, 0.002573, 1000
30.500000, -102.000000, -177.500000, 0.127314, 0.002415, 1000
31.000000, -102.000000, -177.500000, 0.129482, 0.002569, 1000
31.500000, -102.000000, -177.500000, 0.131169, 0.002607, 1000
32.000000, -102.000000, -177.500000, 0.132187, 0.002554, 1000
32.500000, -102.000000, -177.500000, 0.132518, 0.002529, 1000
33.000000, -102.000000, -177.500000, 0.131829, 0.002535, 1000
33.500000, -102.000000, -177.500000, 0.130852, 0.002559, 1000
34.000000, -102.000000, -177.500000, 0.128858, 0.002596, 1000
34.500000, -102.000000, -177.500000, 0.126236, 0.002424, 1000
35.000000, -102.000000, -177.500000, 0.122939, 0.002568, 1000
35.500000, -102.000000, -177.500000, 0.118827, 0.002523, 1000
36.000000, -102.000000, -177.500000, 0.114536, 0.002587, 1000
36.500000, -102.000000, -177.500000, 0.108883, 0.002401, 1000
37.000000, -102.000000, -177.500000, 0.103346, 0.002541, 1000
20.000000, -102.500000, -177.500000, 0.017439, 0.002466, 1000
20.500000, -102.500000, -177.500000, 0.020505, 0.002538, 1000
21.000000, -102.500000, -177.500000, 0.023655, 0.002586, 1000
21.500000, -102.500000, -177.500000, 0.027248, 0.002494, 1000
22.000000, -102.500000, -177.500000, 0.031171, 0.002415, 1000
22.500000, -102.500000, -177.500000, 0.036178, 0.002458, 1000
23.000000, -102.500000, -177.500000, 0.041174, 0.002469, 1000
23.500000, -102.500000, -177.500000, 0.045796, 0.002493, 1000
24.000000, -102.500000, -177.500000, 0.052262, 0.002625, 1000
24.500000, -102.500000, -177.500000, 0.058211, 0.002600, 1000
25.000000, -102.500000, -177.500000, 0.064357, 0.002392, 1000
25.500000, -102.500000, -177.500000, 0.070431, 0.002403, 1000
26.000000, -102.500000, -177.500000, 0.076696, 0.002574, 1000
26.500000, -102.500000, -177.500000, 0.082643, 0.002592, 1000
27.000000, -102.500000, -177.500000, 0.089081, 0.002632, 1000
27.500000, -102.500000, -177.500000, 0.094613, 0.002553, 1000
28.000000, -102.500000, -177.500000, 0.099893, 0.002405, 1000
28.500000, -102.500000, -177.500000, 0.104589, 0.002451, 1000
29.000000, -102.500000, -177.500000, 0.109248, 0.002534, 1000
29.500000, -102.500000, -177.500000, 0.113047, 0.002486, 1000
30.000000, -102.500000, -177.500000, 0.115985, 0.002507, 1000
30.500000, -102.500000, -177.500000, 0.119315, 0.002449, 1000
31.000000, -102.500000, -177.500000, 0.121158, 0.002500, 1000
31.500000, -102.500000, -177.500000, 0.122728, 0.002666, 1000
32.000000, -102.500000, -177.500000, 0.123808, 0.002558, 1000
32.500000, -102.500000, -177.500000, 0.123950, 0.002471, 1000
33.000000, -102.500000, -177.500000, 0.123626, 0.002611, 1000
33.500000, -102.500000, -177.500000, 0.122248, 0.002514, 1000
34.000000, -102.500000, -177.500000, 0.120287, 0.002554, 1000
34.500000, -102.500000, -177.500000, 0.117910, 0.002492, 1000
35.000000, -102.500000, -177.500000, 0.114574, 0.002495, 1000
35.500000, -102.500000, -177.500000, 0.110692, 0.002543, 1000
36.000000, -102.500000, -177.500000, 0.106177, 0.002466, 1000
36.500000, -102.500000, -177.500000, 0.101430, 0.002457, 1000
37.000000, -102.500000, -177.500000, 0.095906, 0.002444, 1000
20.000000, -103.000000, -177.500000, 0.016015, 0.002354, 1000
20.500000, -103.000000, -177.500000, 0.018632, 0.002408, 1000
21.000000, -103.000000, -177.500000, 0.021375, 0.002565, 1000
21.500000, -103.000000, -177.500000, 0.024815, 0.002527, 1000
22.000000, -103.000000, -177.500000, 0.028816, 0.002499, 1000
22.500000, -103.000000, -177.500000, 0.032761, 0.002475, 1000
23.000000, -103.000000, -177.500000, 0.037276, 0.002376, 1000
23.500000, -103.000000, -177.500000, 0.042311, 0.002437, 1000
24.000000, -103.000000, -177.500000, 0.047623, 0.002437, 1000
24.500000, -103.000000, -177.500000, 0.053065, 0.002559, 1000
25.000000, -103.000000, -177.500000, 0.058500, 0.002498, 1000
25.500000, -103.000000, -177.500000, 0.064365, 0.002437, 1000
26.000000, -103.000000, -177.500000, 0.070356, 0.002402, 1000
26.500000, -103.000000, -177.500000, 0.075725, 0.002444, 1000
27.000000, -103.000000, -177.500000, 0.081384, 0.002579, 1000
27.500000, -103.000000, -177.500000, 0.086785, 0.002631, 1000
28.000000, -103.000000, -177.500000, 0.091909, 0.002514, 1000
28.500000, -103.000000, -177.500000, 0.096530, 0.002540, 1000
29.000000, -103.000000, -177.500000, 0.101077, 0.002400, 1000
29.500000, -103.000000, -177.500000, 0.104564, 0.002635, 1000
30.000000, -103.000000, -177.500000, 0.107958, 0.002378, 1000
30.500000, -103.000000, -177.500000, 0.110241, 0.002466, 1000
31.000000, -103.000000, -177.500000, 0.112267, 0.002552, 1000
31.500000, -103.000000, -177.500000, 0.113929, 0.002554, 1000
32.000000, -103.000000, -177.500000, 0.114862, 0.002579, 1000
32.500000, -103.000000, -177.500000, 0.114804, 0.002577, 1000
33.000000, -103.000000, -177.500000, 0.114692, 0.002468, 1000
33.500000, -103.000000, -177.500000, 0.113452, 0.002524, 1000
34.000000, -103.000000, -177.500000, 0.110997, 0.002462, 1000
34.500000, -103.000000, -177.500000, 0.108826, 0.002402, 1000
35.000000, -103.000000, -177.500000, 0.105603, 0.002547, 1000
35.500000, -103.000000, -177.500000, 0.102411, 0.002478, 1000
36.000000, -103.000000, -177.500000, 0.097685, 0.002489, 1000
36.500000, -103.000000, -177.500000, 0.093034, 0.002517, 1000
37.000000, -103.000000, -177.500000, 0.088323, 0.002452, 1000
20.000000, -103.500000, -177.500000, 0.014495, 0.002600, 1000
20.500000, -103.500000, -177.500000, 0.016607, 0.002471, 1000
21.000000, -103.500000, -177.500000, 0.019478, 0.002436, 1000
21.500000, -103.500000, -177.500000, 0.022856, 0.002450, 1000
22.000000, -103.500000, -177.500000, 0.026130, 0.002319, 1000
22.500000, -103.500000, -177.500000, 0.029784, 0.002446, 1000
23.000000, -103.500000, -177.500000, 0.033853, 0.002537, 1000
23.500000, -103.500000, -177.500000, 0.038248, 0.002440, 1000
24.000000, -103.500000, -177.500000, 0.043029, 0.002506, 1000
24.500000, -103.500000, -177.500000, 0.047769, 0.002529, 1000
25.000000, -103.500000, -177.500000, 0.052990, 0.002457, 1000
25.500000, -103.500000, -177.500000, 0.058607, 0.002466, 1000
26.000000, -103.500000, -177.500000, 0.064023, 0.002546, 1000
26.500000, -103.500000, -177.500000, 0.069254, 0.002453, 1000
27.000000, -103.500000, -177.500000, 0.074421, 0.002525, 1000
27.500000, -103.500000, -177.500000, 0.079327, 0.002473, 1000
28.000000, -103.500000, -177.500000, 0.084141, 0.002555, 1000
28.500000, -103.500000, -177.500000, 0.088566, 0.002569, 1000
29.000000, -103.500000, -177.500000, 0.092519, 0.002636, 1000
29.500000, -103.500000, -177.500000, 0.095953, 0.002448, 1000
30.000000, -103.500000, -177.500000, 0.099182, 0.002516, 1000
30.500000, -103.500000, -177.500000, 0.101756, 0.002462, 1000
31.000000, -103.500000, -177.500000, 0.103650, 0.002560, 1000
31.500000, -103.500000, -177.500000, 0.105077, 0.002509, 1000
32.000000, -103.500000, -177.500000, 0.105799, 0.002495, 1000
32.500000, -103.500000, -177.500000, 0.105890, 0.002488, 1000
33.000000, -103.500000, -177.500000, 0.105557, 0.002508, 1000
33.500000, -103.500000, -177.500000, 0.104407, 0.002450, 1000
34.000000, -103.500000, -177.500000, 0.102571, 0.002489, 1000
34.500000, -103.500000, -177.500000, 0.100123, 0.002501, 1000
35.000000, -103.500000, -177.500000, 0.097153, 0.002552, 1000
35.500000, -103.500000, -177.500000, 0.093788, 0.002592, 1000
36.000000, -103.500000, -177.500000, 0.089488, 0.002488, 1000
36.500000, -103.500000, -177.500000, 0.085537, 0.002421, 1000
37.000000, -103.500000, -177.500000, 0.080814, 0.002471, 1000
20.000000, -104.000000, -177.500000, 0.012859, 0.002605, 1000
20.500000, -104.000000, -177.500000, 0.015025, 0.002443, 1000
21.000000, -104.000000, -177.500000, 0.017452, 0.002515, 1000
21.500000, -104.000000, -177.500000, 0.020684, 0.002528, 1000
22.000000, -104.000000, -177.500000, 0.023285, 0.002528, 1000
22.500000, -104.000000, -177.500000, 0.026622, 0.002524, 1000
23.000000, -104.000000, -177.500000, 0.030254, 0.002476, 1000
23.500000, -104.000000, -177.500000, 0.034225, 0.002475, 1000
24.000000, -104.000000, -177.500000, 0.038658, 0.002425, 1000
24.500000, -104.000000, -177.500000, 0.043041, 0.002506, 1000
25.000000, -104.000000, -177.500000, 0.047756, 0.002477, 1000
25.500000, -104.000000, -177.500000, 0.052593, 0.002433, 1000
26.000000, -104.000000, -177.500000, 0.057427, 0.002463, 1000
26.500000, -104.000000, -177.500000, 0.062360, 0.002579, 1000
27.000000, -104.000000, -177.500000, 0.067090, 0.002432, 1000
27.500000, -104.000000, -177.500000, 0.071648, 0.002525, 1000
28.000000, -104.000000, -177.500000, 0.076059, 0.002461, 1000
28.500000, -104.000000, -177.500000, 0.080337, 0.002589, 1000
29.000000, -104.000000, -177.500000, 0.084002, 0.002575, 1000
29.500000, -104.000000, -177.500000, 0.087359, 0.002512, 1000
30.000000, -104.000000, -177.500000, 0.090020, 0.002502, 1000
30.500000, -104.000000, -177.500000, 0.092599, 0.002611, 1000
31.000000, -104.000000, -177.500000, 0.094350, 0.002582, 1000
31.500000, -104.000000, -177.500000, 0.095962, 0.002488, 1000
32.000000, -104.000000, -177.500000, 0.096561, 0.002471, 1000
32.500000, -104.000000, -177.500000, 0.097003, 0.002414, 1000
33.000000, -104.000000, -177.500000, 0.096264, 0.002561, 1000
33.500000, -104.000000, -177.500000, 0.094795, 0.002512, 1000
34.000000, -104.000000, -177.500000, 0.093306, 0.002506, 1000
34.500000, -104.000000, -177.500000, 0.091066, 0.002495, 1000
35.000000, -104.000000, -177.500000, 0.088544, 0.002567, 1000
35.500000, -104.000000, -177.500000, 0.085465, 0.002560, 1000
36.000000, -104.000000, -177.500000, 0.081476, 0.002487, 1000
36.500000, -104.000000, -177.500000, 0.077246, 0.002564, 1000
37.000000, -104.000000, -177.500000, 0.072950, 0.002632, 1000
20.000000, -104.500000, -177.500000, 0.011614, 0.002559, 1000
20.500000, -104.500000, -177.500000, 0.013968, 0.002588, 1000
21.000000, -104.500000, -177.500000, 0.015698, 0.002455, 1000
21.500000, -104.500000, -177.500000, 0.018184, 0.002603, 1000
22.000000, -104.500000, -177.500000, 0.020658, 0.002389, 1000
22.500000, -104.500000, -177.500000, 0.023787, 0.002520, 1000
23.000000, -104.500000, -177.500000, 0.027217, 0.002417, 1000
23.500000, -104.500000, -177.500000, 0.030649, 0.002367, 1000
24.000000, -104.500000, -177.500000, 0.034544, 0.002461, 1000
24.500000, -104.500000, -177.500000, 0.038259, 0.002502, 1000
25.000000, -104.500000, -177.500000, 0.042702, 0.002595, 1000
25.500000, -104.500000, -177.500000, 0.047201, 0.002651, 1000
26.000000, -104.500000, -177.500000, 0.051635, 0.002364, 1000
26.500000, -104.500000, -177.500000, 0.056390, 0.002438, 1000
27.000000, -104.500000, -177.500000, 0.060342, 0.002599, 1000
27.500000, -104.500000, -177.500000, 0.064841, 0.002394, 1000
28.000000, -104.500000, -177.500000, 0.069002, 0.002518, 1000
28.500000, -104.500000, -177.500000, 0.072243, 0.002541, 1000
29.000000, -104.500000, -177.500000, 0.075623, 0.002497, 1000
29.500000, -104.500000, -177.500000, 0.078930, 0.002634, 1000
30.000000, -104.500000, -177.500000, 0.081771, 0.002641, 1000
30.500000, -104.500000, -177.500000, 0.083951, 0.002471, 1000
31.000000, -104.500000, -177.500000, 0.085711, 0.002515, 1000
31.500000, -104.500000, -177.500000, 0.086731, 0.002489, 1000
32.000000, -104.500000, -177.500000, 0.087401, 0.002641, 1000
32.500000, -104.500000, -177.500000, 0.087800, 0.002506, 1000
33.000000, -104.500000, -177.500000, 0.087614, 0.002483, 1000
33.500000, -104.500000, -177.500000, 0.085962, 0.002594, 1000
34.000000, -104.500000, -177.500000, 0.084506, 0.002505, 1000
34.500000, -104.500000, -177.500000, 0.082503, 0.002494, 1000
35.000000, -104.500000, -177.500000, 0.079972, 0.002517, 1000
35.500000, -104.500000, -177.500000, 0.076823, 0.002517, 1000
36.000000, -104.500000, -177.500000, 0.073636, 0.002540, 1000
36.500000, -104.500000, -177.500000, 0.069828, 0.002431, 1000
37.000000, -104.500000, -177.500000, 0.065659, 0.002440, 1000
20.000000, -105.000000, -177.500000, 0.010087, 0.002518, 1000
20.500000, -105.000000, -177.500000, 0.012214, 0.002468, 1000
21.000000, -105.000000, -177.500000, 0.013686, 0.002518, 1000
21.500000, -105.000000, -177.500000, 0.016169, 0.002443, 1000
22.000000, -105.000000, -177.500000, 0.018602, 0.002441, 1000
22.500000, -105.000000, -177.500000, 0.021019, 0.002453, 1000
23.000000, -105.000000, -177.500000, 0.024460, 0.002443, 1000
23.500000, -105.000000, -177.500000, 0.027012, 0.002568, 1000
24.000000, -105.000000, -177.500000, 0.030530, 0.002373, 1000
24.500000, -105.000000, -177.500000, 0.033752, 0.002473, 1000
25.000000, -105.000000, -177.500000, 0.037875, 0.002514, 1000
25.500000, -105.000000, -177.500000, 0.041025, 0.002424, 1000
26.000000, -105.000000, -177.500000, 0.045522, 0.002621, 1000
26.500000, -105.000000, -177.500000, 0.049532, 0.002513, 1000
27.000000, -105.000000, -177.500000, 0.053641, 0.002512, 1000
27.500000, -105.000000, -177.500000, 0.057093, 0.002524, 1000
28.000000, -105.000000, -177.500000, 0.060666, 0.002619, 1000
28.500000, -105.000000, -177.500000, 0.064598, 0.002483, 1000
29.000000, -105.000000, -177.500000, 0.067503, 0.002484, 1000
29.500000, -105.000000, -177.500000, 0.070384, 0.002528, 1000
30.000000, -105.000000, -177.500000, 0.072542, 0.002587, 1000
30.500000, -105.000000, -177.500000, 0.074826, 0.002445, 1000
31.000000, -105.000000, -177.500000, 0.076122, 0.002436, 1000
31.500000, -105.000000, -177.500000, 0.077614, 0.002477, 1000
32.000000, -105.000000, -177.500000, 0.077743, 0.002446, 1000
32.500000, -105.000000, -177.500000, 0.078150, 0.002454, 1000
33.000000, -105.000000, -177.500000, 0.077818, 0.002444, 1000
33.500000, -105.000000, -177.500000, 0.076794, 0.002675, 1000
34.000000, -105.000000, -177.500000, 0.075349, 0.002511, 1000
34.500000, -105.000000, -177.500000, 0.073663, 0.002483, 1000
35.000000, -105.000000, -177.500000, 0.071015, 0.002428, 1000
35.500000, -105.000000, -177.500000, 0.068267, 0.002547, 1000
36.000000, -105.000000, -177.500000, 0.065298, 0.002557, 1000
36.500000, -105.000000, -177.500000, 0.062254, 0.002603, 1000
37.000000, -105.000000, -177.500000, 0.058816, 0.002549, 1000
20.000000, -105.500000, -177.500000, 0.009165, 0.002358, 1000
20.500000, -105.500000, -177.500000, 0.010791, 0.002461, 1000
21.000000, -105.500000, -177.500000, 0.012471, 0.002504, 1000
21.500000, -105.500000, -177.500000, 0.014232, 0.002495, 1000
22.000000, -105.500000, -177.500000, 0.016166, 0.002387, 1000
22.500000, -105.500000, -177.500000, 0.018710, 0.002489, 1000
23.000000, -105.500000, -177.500000, 0.021217, 0.002463, 1000
23.500000, -105.500000, -177.500000, 0.023810, 0.002531, 1000
24.000000, -105.500000, -177.500000, 0.026694, 0.002523, 1000
24.500000, -105.500000, -177.500000, 0.029774, 0.002467, 1000
25.000000, -105.500000, -177.500000, 0.033155, 0.002533, 1000
25.500000, -105.500000, -177.500000, 0.036481, 0.002338, 1000
26.000000, -105.500000, -177.500000, 0.040129, 0.002504, 1000
26.500000, -105.500000, -177.500000, 0.043767, 0.002552, 1000
27.000000, -105.500000, -177.500000, 0.047179, 0.002510, 1000
27.500000, -105.500000, -177.500000, 0.050612, 0.002488, 1000
28.000000, -105.500000, -177.500000, 0.053591, 0.002469, 1000
28.500000, -105.500000, -177.500000, 0.056825, 0.002501, 1000
29.000000, -105.500000, -177.500000, 0.059808, 0.002561, 1000
29.500000, -105.500000, -177.500000, 0.062650, 0.002436, 1000
30.000000, -105.500000, -177.500000, 0.064622, 0.002467, 1000
30.500000, -105.500000, -177.500000, 0.065969, 0.002391, 1000
31.000000, -105.500000, -177.500000, 0.067627, 0.002278, 1000
31.500000, -105.500000, -177.500000, 0.068881, 0.002506, 1000
32.000000, -105.500000, -177.500000, 0.069270, 0.002447, 1000
32.500000, -105.500000, -177.500000, 0.069203, 0.002400, 1000
33.000000, -105.500000, -177.500000, 0.068730, 0.002444, 1000
33.500000, -105.500000, -177.500000, 0.068477, 0.002420, 1000
34.000000, -105.500000, -177.500000, 0.066782, 0.002563, 1000
34.500000, -105.500000, -177.500000, 0.065186, 0.002342, 1000
35.000000, -105.500000, -177.500000, 0.062874, 0.002516, 1000
35.500000, -105.500000, -177.500000, 0.060624, 0.002510, 1000
36.000000, -105.500000, -177.500000, 0.057344, 0.002561, 1000
36.500000, -105.500000, -177.500000, 0.054798, 0.002443, 1000
37.000000, -105.500000, -177.500000, 0.052165, 0.002517, 1000
20.000000, -106.000000, -177.500000, 0.007966, 0.002270, 1000
20.500000, -106.000000, -177.500000, 0.009549, 0.002375, 1000
21.000000, -106.000000, -177.500000, 0.010761, 0.002476, 1000
21.500000, -106.000000, -177.500000, 0.012306, 0.002536, 1000
22.000000, -106.000000, -177.500000, 0.014066, 0.002506, 1000
22.500000, -106.000000, -177.500000, 0.016341, 0.002431, 1000
23.000000, -106.000000, -177.500000, 0.018432, 0.002496, 1000
23.500000, -106.000000, -177.500000, 0.020645, 0.002546, 1000
24.000000, -106.000000, -177.500000, 0.023116, 0.002489, 1000
24.500000, -106.000000, -177.500000, 0.026029, 0.002446, 1000
25.000000, -106.000000, -177.500000, 0.028636, 0.002547, 1000
25.500000, -106.000000, -177.500000, 0.031877, 0.002602, 1000
26.000000, -106.000000, -177.500000, 0.034768, 0.002493, 1000
26.500000, -106.000000, -177.500000, 0.037946, 0.002459, 1000
27.000000, -106.000000, -177.500000, 0.040899, 0.002486, 1000
27.500000, -106.000000, -177.500000, 0.043819, 0.002506, 1000
28.000000, -106.000000, -177.500000, 0.047040, 0.002423, 1000
28.500000, -106.000000, -177.500000, 0.049601, 0.002535, 1000
29.000000, -106.000000, -177.500000, 0.052023, 0.002643, 1000
29.500000, -106.000000, -177.500000, 0.054350, 0.002515, 1000
30.000000, -106.000000, -177.500000, 0.056216, 0.002493, 1000
30.500000, -106.000000, -177.500000, 0.058004, 0.002408, 1000
31.000000, -106.000000, -177.500000, 0.059214, 0.002507, 1000
31.500000, -106.000000, -177.500000, 0.060025, 0.002555, 1000
32.000000, -106.000000, -177.500000, 0.060469, 0.002584, 1000
32.500000, -106.000000, -177.500000, 0.060509, 0.002468, 1000
33.000000, -106.000000, -177.500000, 0.060182, 0.002444, 1000
33.500000, -106.000000, -177.500000, 0.059363, 0.002539, 1000
34.000000, -106.000000, -177.500000, 0.058098, 0.002447, 1000
34.500000, -106.000000, -177.500000, 0.057141, 0.002542, 1000
35.000000, -106.000000, -177.500000, 0.055088, 0.002335, 1000
35.500000, -106.000000, -177.500000, 0.052625, 0.002491, 1000
36.000000, -106.000000, -177.500000, 0.050574, 0.002466, 1000
36.500000, -106.000000, -177.500000, 0.047947, 0.002458, 1000
37.000000, -106.000000, -177.500000, 0.045895, 0.002508, 1000
