15.000000, -85.000000, -177.500000, 0.002664, 0.002549, 1000
15.500000, -85.000000, -177.500000, 0.002911, 0.002555, 1000
16.000000, -85.000000, -177.500000, 0.003204, 0.002595, 1000
16.500000, -85.000000, -177.500000, 0.003531, 0.002394, 1000
17.000000, -85.000000, -177.500000, 0.003987, 0.002387, 1000
17.500000, -85.000000, -177.500000, 0.004532, 0.002339, 1000
18.000000, -85.000000, -177.500000, 0.005038, 0.002349, 1000
18.500000, -85.000000, -177.500000, 0.005663, 0.002212, 1000
19.000000, -85.000000, -177.500000, 0.006340, 0.002307, 1000
19.500000, -85.000000, -177.500000, 0.007104, 0.002242, 1000
20.000000, -85.000000, -177.500000, 0.008000, 0.002400, 1000
20.500000, -85.000000, -177.500000, 0.008988, 0.002317, 1000
21.000000, -85.000000, -177.500000, 0.010142, 0.002416, 1000
21.500000, -85.000000, -177.500000, 0.011466, 0.002552, 1000
22.000000, -85.000000, -177.500000, 0.012931, 0.002492, 1000
22.500000, -85.000000, -177.500000, 0.014544, 0.002487, 1000
23.000000, -85.000000, -177.500000, 0.016268, 0.002405, 1000
23.500000, -85.000000, -177.500000, 0.018082, 0.002451, 1000
24.000000, -85.000000, -177.500000, 0.020056, 0.002607, 1000
24.500000, -85.000000, -177.500000, 0.022091, 0.002535, 1000
25.000000, -85.000000, -177.500000, 0.024155, 0.002515, 1000
25.500000, -85.000000, -177.500000, 0.026480, 0.002486, 1000
26.000000, -85.000000, -177.500000, 0.028780, 0.002512, 1000
26.500000, -85.000000, -177.500000, 0.031008, 0.002490, 1000
27.000000, -85.000000, -177.500000, 0.033319, 0.002531, 1000
27.500000, -85.000000, -177.500000, 0.035397, 0.002408, 1000
28.000000, -85.000000, -177.500000, 0.037377, 0.002547, 1000
28.500000, -85.000000, -177.500000, 0.039322, 0.002620, 1000
29.000000, -85.000000, -177.500000, 0.041147, 0.002457, 1000
29.500000, -85.000000, -177.500000, 0.042719, 0.002445, 1000
30.000000, -85.000000, -177.500000, 0.044148, 0.002508, 1000
30.500000, -85.000000, -177.500000, 0.045275, 0.002585, 1000
31.000000, -85.000000, -177.500000, 0.046171, 0.002525, 1000
31.500000, -85.000000, -177.500000, 0.046860, 0.002360, 1000
32.000000, -85.000000, -177.500000, 0.047272, 0.002592, 1000
15.000000, -85.500000, -177.500000, 0.002872, 0.002566, 1000
15.500000, -85.500000, -177.500000, 0.003215, 0.002422, 1000
16.000000, -85.500000, -177.500000, 0.003638, 0.002434, 1000
16.500000, -85.500000, -177.500000, 0.004024, 0.002283, 1000
17.000000, -85.500000, -177.500000, 0.004467, 0.002392, 1000
17.500000, -85.500000, -177.500000, 0.005038, 0.002345, 1000
18.000000, -85.500000, -177.500000, 0.005667, 0.002356, 1000
18.500000, -85.500000, -177.500000, 0.006371, 0.002217, 1000
19.000000, -85.500000, -177.500000, 0.007025, 0.002255, 1000
19.500000, -85.500000, -177.500000, 0.007972, 0.002359, 1000
20.000000, -85.500000, -177.500000, 0.008961, 0.002333, 1000
20.500000, -85.500000, -177.500000, 0.010210, 0.002462, 1000
21.000000, -85.500000, -177.500000, 0.011547, 0.002582, 1000
21.500000, -85.500000, -177.500000, 0.013087, 0.002492, 1000
22.000000, -85.500000, -177.500000, 0.014711, 0.002535, 1000
22.500000, -85.500000, -177.500000, 0.016498, 0.002516, 1000
23.000000, -85.500000, -177.500000, 0.018394, 0.002556, 1000
23.500000, -85.500000, -177.500000, 0.020520, 0.002354, 1000
24.000000, -85.500000, -177.500000, 0.022823, 0.002465, 1000
24.500000, -85.500000, -177.500000, 0.025253, 0.002462, 1000
25.000000, -85.500000, -177.500000, 0.027606, 0.002446, 1000
25.500000, -85.500000, -177.500000, 0.030226, 0.002440, 1000
26.000000, -85.500000, -177.500000, 0.032967, 0.002574, 1000
26.500000, -85.500000, -177.500000, 0.035534, 0.002484, 1000
27.000000, -85.500000, -177.500000, 0.038035, 0.002458, 1000
27.500000, -85.500000, -177.500000, 0.040560, 0.002507, 1000
28.000000, -85.500000, -177.500000, 0.042887, 0.002600, 1000
28.500000, -85.500000, -177.500000, 0.045141, 0.002625, 1000
29.000000, -85.500000, -177.500000, 0.047132, 0.002487, 1000
29.500000, -85.500000, -177.500000, 0.048926, 0.002493, 1000
30.000000, -85.500000, -177.500000, 0.050559, 0.002412, 1000
30.500000, -85.500000, -177.500000, 0.051876, 0.002576, 1000
31.000000, -85.500000, -177.500000, 0.052953, 0.002429, 1000
31.500000, -85.500000, -177.500000, 0.053722, 0.002493, 1000
32.000000, -85.500000, -177.500000, 0.054181, 0.002483, 1000
15.000000, -86.000000, -177.500000, 0.003144, 0.002474, 1000
15.500000, -86.000000, -177.500000, 0.003461, 0.002363, 1000
16.000000, -86.000000, -177.500000, 0.003839, 0.002415, 1000
16.500000, -86.000000, -177.500000, 0.004282, 0.002387, 1000
17.000000, -86.000000, -177.500000, 0.004867, 0.002373, 1000
17.500000, -86.000000, -177.500000, 0.005467, 0.002263, 1000
18.000000, -86.000000, -177.500000, 0.006091, 0.002389, 1000
18.500000, -86.000000, -177.500000, 0.006965, 0.002322, 1000
19.000000, -86.000000, -177.500000, 0.007910, 0.002335, 1000
19.500000, -86.000000, -177.500000, 0.008900, 0.002289, 1000
20.000000, -86.000000, -177.500000, 0.010002, 0.002493, 1000
20.500000, -86.000000, -177.500000, 0.011441, 0.002472, 1000
21.000000, -86.000000, -177.500000, 0.013034, 0.002470, 1000
21.500000, -86.000000, -177.500000, 0.014666, 0.002500, 1000
22.000000, -86.000000, -177.500000, 0.016568, 0.002505, 1000
22.500000, -86.000000, -177.500000, 0.018589, 0.002560, 1000
23.000000, -86.000000, -177.500000, 0.020830, 0.002632, 1000
23.500000, -86.000000, -177.500000, 0.023242, 0.002469, 1000
24.000000, -86.000000, -177.500000, 0.025904, 0.002461, 1000
24.500000, -86.000000, -177.500000, 0.028566, 0.002496, 1000
25.000000, -86.000000, -177.500000, 0.031353, 0.002541, 1000
25.500000, -86.000000, -177.500000, 0.034406, 0.002507, 1000
26.000000, -86.000000, -177.500000, 0.037365, 0.002509, 1000
26.500000, -86.000000, -177.500000, 0.040366, 0.002518, 1000
27.000000, -86.000000, -177.500000, 0.043288, 0.002485, 1000
27.500000, -86.000000, -177.500000, 0.046137, 0.002425, 1000
28.000000, -86.000000, -177.500000, 0.048783, 0.002462, 1000
28.500000, -86.000000, -177.500000, 0.051258, 0.002474, 1000
29.000000, -86.000000, -177.500000, 0.053603, 0.002527, 1000
29.500000, -86.000000, -177.500000, 0.055648, 0.002501, 1000
30.000000, -86.000000, -177.500000, 0.057479, 0.002496, 1000
30.500000, -86.000000, -177.500000, 0.058919, 0.002498, 1000
31.000000, -86.000000, -177.500000, 0.060222, 0.002529, 1000
31.500000, -86.000000, -177.500000, 0.061097, 0.002523, 1000
32.000000, -86.000000, -177.500000, 0.061632, 0.002501, 1000
15.000000, -86.500000, -177.500000, 0.003345, 0.002407, 1000
15.500000, -86.500000, -177.500000, 0.003719, 0.002383, 1000
16.000000, -86.500000, -177.500000, 0.004145, 0.002399, 1000
16.500000, -86.500000, -177.500000, 0.004714, 0.002349, 1000
17.000000, -86.500000, -177.500000, 0.005324, 0.002248, 1000
17.500000, -86.500000, -177.500000, 0.005923, 0.002260, 1000
18.000000, -86.500000, -177.500000, 0.006663, 0.002238, 1000
18.500000, -86.500000, -177.500000, 0.007601, 0.002316, 1000
19.000000, -86.500000, -177.500000, 0.008613, 0.002325, 1000
19.500000, -86.500000, -177.500000, 0.009842, 0.002421, 1000
20.000000, -86.500000, -177.500000, 0.011231, 0.002528, 1000
20.500000, -86.500000, -177.500000, 0.012809, 0.002587, 1000
21.000000, -86.500000, -177.500000, 0.014542, 0.002433, 1000
21.500000, -86.500000, -177.500000, 0.016546, 0.002486, 1000
22.000000, -86.500000, -177.500000, 0.018607, 0.002499, 1000
22.500000, -86.500000, -177.500000, 0.020884, 0.002568, 1000
23.000000, -86.500000, -177.500000, 0.023572, 0.002475, 1000
23.500000, -86.500000, -177.500000, 0.026299, 0.002444, 1000
24.000000, -86.500000, -177.500000, 0.029167, 0.002448, 1000
24.500000, -86.500000, -177.500000, 0.032362, 0.002512, 1000
25.000000, -86.500000, -177.500000, 0.035627, 0.002460, 1000
25.500000, -86.500000, -177.500000, 0.038934, 0.002442, 1000
26.000000, -86.500000, -177.500000, 0.042356, 0.002515, 1000
26.500000, -86.500000, -177.500000, 0.045787, 0.002488, 1000
27.000000, -86.500000, -177.500000, 0.049142, 0.002466, 1000
27.500000, -86.500000, -177.500000, 0.052304, 0.002643, 1000
28.000000, -86.500000, -177.500000, 0.055336, 0.002469, 1000
28.500000, -86.500000, -177.500000, 0.058175, 0.002507, 1000
29.000000, -86.500000, -177.500000, 0.060692, 0.002514, 1000
29.500000, -86.500000, -177.500000, 0.063134, 0.002522, 1000
30.000000, -86.500000, -177.500000, 0.065190, 0.002474, 1000
30.500000, -86.500000, -177.500000, 0.066893, 0.002492, 1000
31.000000, -86.500000, -177.500000, 0.068246, 0.002513, 1000
31.500000, -86.500000, -177.500000, 0.069276, 0.002445, 1000
32.000000, -86.500000, -177.500000, 0.069788, 0.002538, 1000
15.000000, -87.000000, -177.500000, 0.003711, 0.002375, 1000
15.500000, -87.000000, -177.500000, 0.004015, 0.002366, 1000
16.000000, -87.000000, -177.500000, 0.004468, 0.002400, 1000
16.500000, -87.000000, -177.500000, 0.005070, 0.002331, 1000
17.000000, -87.000000, -177.500000, 0.005701, 0.002260, 1000
17.500000, -87.000000, -177.500000, 0.006503, 0.002329, 1000
18.000000, -87.000000, -177.500000, 0.007430, 0.002250, 1000
18.500000, -87.000000, -177.500000, 0.008388, 0.002331, 1000
19.000000, -87.000000, -177.500000, 0.009544, 0.002430, 1000
19.500000, -87.000000, -177.500000, 0.010870, 0.002498, 1000
20.000000, -87.000000, -177.500000, 0.012580, 0.002527, 1000
20.500000, -87.000000, -177.500000, 0.014345, 0.002362, 1000
21.000000, -87.000000, -177.500000, 0.016282, 0.002485, 1000
21.500000, -87.000000, -177.500000, 0.018499, 0.002542, 1000
22.000000, -87.000000, -177.500000, 0.020915, 0.002528, 1000
22.500000, -87.000000, -177.500000, 0.023572, 0.002436, 1000
23.000000, -87.000000, -177.500000, 0.026438, 0.002404, 1000
23.500000, -87.000000, -177.500000, 0.029539, 0.002529, 1000
24.000000, -87.000000, -177.500000, 0.032906, 0.002523, 1000
24.500000, -87.000000, -177.500000, 0.036414, 0.002485, 1000
25.000000, -87.000000, -177.500000, 0.040133, 0.002530, 1000
25.500000, -87.000000, -177.500000, 0.043967, 0.002496, 1000
26.000000, -87.000000, -177.500000, 0.047923, 0.002489, 1000
26.500000, -87.000000, -177.500000, 0.051716, 0.002537, 1000
27.000000, -87.000000, -177.500000, 0.055540, 0.002557, 1000
27.500000, -87.000000, -177.500000, 0.058955, 0.002523, 1000
28.000000, -87.000000, -177.500000, 0.062392, 0.002616, 1000
28.500000, -87.000000, -177.500000, 0.065502, 0.002435, 1000
29.000000, -87.000000, -177.500000, 0.068432, 0.002529, 1000
29.500000, -87.000000, -177.500000, 0.071058, 0.002490, 1000
30.000000, -87.000000, -177.500000, 0.073440, 0.002619, 1000
30.500000, -87.000000, -177.500000, 0.075244, 0.002524, 1000
31.000000, -87.000000, -177.500000, 0.076874, 0.002470, 1000
31.500000, -87.000000, -177.500000, 0.077991, 0.002480, 1000
32.000000, -87.000000, -177.500000, 0.078611, 0.002486, 1000
15.000000, -87.500000, -177.500000, 0.003923, 0.002373, 1000
15.500000, -87.500000, -177.500000, 0.004378, 0.002383, 1000
16.000000, -87.500000, -177.500000, 0.004802, 0.002180, 1000
16.500000, -87.500000, -177.500000, 0.005430, 0.002333, 1000
17.000000, -87.500000, -177.500000, 0.006159, 0.002248, 1000
17.500000, -87.500000, -177.500000, 0.006971, 0.002277, 1000
18.000000, -87.500000, -177.500000, 0.008049, 0.002325, 1000
18.500000, -87.500000, -177.500000, 0.009199, 0.002339, 1000
19.000000, -87.500000, -177.500000, 0.010544, 0.002512, 1000
19.500000, -87.500000, -177.500000, 0.012136, 0.002561, 1000
20.000000, -87.500000, -177.500000, 0.013846, 0.002436, 1000
20.500000, -87.500000, -177.500000, 0.015844, 0.002416, 1000
21.000000, -87.500000, -177.500000, 0.018072, 0.002536, 1000
21.500000, -87.500000, -177.500000, 0.020534, 0.002457, 1000
22.000000, -87.500000, -177.500000, 0.023302, 0.002476, 1000
22.500000, -87.500000, -177.500000, 0.026300, 0.002429, 1000
23.000000, -87.500000, -177.500000, 0.029571, 0.002437, 1000
23.500000, -87.500000, -177.500000, 0.033117, 0.002512, 1000
24.000000, -87.500000, -177.500000, 0.036829, 0.002487, 1000
24.500000, -87.500000, -177.500000, 0.040776, 0.002550, 1000
25.000000, -87.500000, -177.500000, 0.045037, 0.002477, 1000
25.500000, -87.500000, -177.500000, 0.049401, 0.002551, 1000
26.000000, -87.500000, -177.500000, 0.053754, 0.002516, 1000
26.500000, -87.500000, -177.500000, 0.058011, 0.002460, 1000
27.000000, -87.500000, -177.500000, 0.062231, 0.002589, 1000
27.500000, -87.500000, -177.500000, 0.066183, 0.002426, 1000
28.000000, -87.500000, -177.500000, 0.069880, 0.002533, 1000
28.500000, -87.500000, -177.500000, 0.073422, 0.002550, 1000
29.000000, -87.500000, -177.500000, 0.076736, 0.002482, 1000
29.500000, -87.500000, -177.500000, 0.079586, 0.002497, 1000
30.000000, -87.500000, -177.500000, 0.082188, 0.002505, 1000
30.500000, -87.500000, -177.500000, 0.084388, 0.002478, 1000
31.000000, -87.500000, -177.500000, 0.086097, 0.002437, 1000
31.500000, -87.500000, -177.500000, 0.087367, 0.002477, 1000
32.000000, -87.500000, -177.500000, 0.087973, 0.002479, 1000
15.000000, -88.000000, -177.500000, 0.004249, 0.002366, 1000
15.500000, -88.000000, -177.500000, 0.004617, 0.002312, 1000
16.000000, -88.000000, -177.500000, 0.005186, 0.002284, 1000
16.500000, -88.000000, -177.500000, 0.005914, 0.002224, 1000
17.000000, -88.000000, -177.500000, 0.006629, 0.002229, 1000
17.500000, -88.000000, -177.500000, 0.007632, 0.002251, 1000
18.000000, -88.000000, -177.500000, 0.008684, 0.002339, 1000
18.500000, -88.000000, -177.500000, 0.009958, 0.002406, 1000
19.000000, -88.000000, -177.500000, 0.011487, 0.002477, 1000
19.500000, -88.000000, -177.500000, 0.013227, 0.002534, 1000
20.000000, -88.000000, -177.500000, 0.015285, 0.002455, 1000
20.500000, -88.000000, -177.500000, 0.017487, 0.002476, 1000
21.000000, -88.000000, -177.500000, 0.019944, 0.002548, 1000
21.500000, -88.000000, -177.500000, 0.022778, 0.002475, 1000
22.000000, -88.000000, -177.500000, 0.025823, 0.002467, 1000
22.500000, -88.000000, -177.500000, 0.029201, 0.002482, 1000
23.000000, -88.000000, -177.500000, 0.032764, 0.002502, 1000
23.500000, -88.000000, -177.500000, 0.036723, 0.002503, 1000
24.000000, -88.000000, -177.500000, 0.040977, 0.002483, 1000
24.500000, -88.000000, -177.500000, 0.045473, 0.002369, 1000
25.000000, -88.000000, -177.500000, 0.050174, 0.002491, 1000
25.500000, -88.000000, -177.500000, 0.054894, 0.002500, 1000
26.000000, -88.000000, -177.500000, 0.059736, 0.002523, 1000
26.500000, -88.000000, -177.500000, 0.064590, 0.002560, 1000
27.000000, -88.000000, -177.500000, 0.069226, 0.002474, 1000
27.500000, -88.000000, -177.500000, 0.073627, 0.002509, 1000
28.000000, -88.000000, -177.500000, 0.077692, 0.002490, 1000
28.500000, -88.000000, -177.500000, 0.081467, 0.002515, 1000
29.000000, -88.000000, -177.500000, 0.085152, 0.002460, 1000
29.500000, -88.000000, -177.500000, 0.088232, 0.002438, 1000
30.000000, -88.000000, -177.500000, 0.090989, 0.002542, 1000
30.500000, -88.000000, -177.500000, 0.093343, 0.002502, 1000
31.000000, -88.000000, -177.500000, 0.095223, 0.002479, 1000
31.500000, -88.000000, -177.500000, 0.096496, 0.002558, 1000
32.000000, -88.000000, -177.500000, 0.097261, 0.002497, 1000
15.000000, -88.500000, -177.500000, 0.004377, 0.002340, 1000
15.500000, -88.500000, -177.500000, 0.004870, 0.002300, 1000
16.000000, -88.500000, -177.500000, 0.005550, 0.002221, 1000
16.500000, -88.500000, -177.500000, 0.006258, 0.002241, 1000
17.000000, -88.500000, -177.500000, 0.006999, 0.002266, 1000
17.500000, -88.500000, -177.500000, 0.008137, 0.002248, 1000
18.000000, -88.500000, -177.500000, 0.009326, 0.002371, 1000
18.500000, -88.500000, -177.500000, 0.010883, 0.002518, 1000
19.000000, -88.500000, -177.500000, 0.012466, 0.002519, 1000
19.500000, -88.500000, -177.500000, 0.014390, 0.002516, 1000
20.000000, -88.500000, -177.500000, 0.016653, 0.002429, 1000
20.500000, -88.500000, -177.500000, 0.019077, 0.002505, 1000
21.000000, -88.500000, -177.500000, 0.021850, 0.002475, 1000
21.500000, -88.500000, -177.500000, 0.024942, 0.002493, 1000
22.000000, -88.500000, -177.500000, 0.028225, 0.002476, 1000
22.500000, -88.500000, -177.500000, 0.032051, 0.002584, 1000
23.000000, -88.500000, -177.500000, 0.036104, 0.002435, 1000
23.500000, -88.500000, -177.500000, 0.040477, 0.002456, 1000
24.000000, -88.500000, -177.500000, 0.045178, 0.002507, 1000
24.500000, -88.500000, -177.500000, 0.050077, 0.002469, 1000
25.000000, -88.500000, -177.500000, 0.055312, 0.002502, 1000
25.500000, -88.500000, -177.500000, 0.060650, 0.002490, 1000
26.000000, -88.500000, -177.500000, 0.065969, 0.002418, 1000
26.500000, -88.500000, -177.500000, 0.071184, 0.002534, 1000
27.000000, -88.500000, -177.500000, 0.076220, 0.002510, 1000
27.500000, -88.500000, -177.500000, 0.080959, 0.002529, 1000
28.000000, -88.500000, -177.500000, 0.085393, 0.002459, 1000
28.500000, -88.500000, -177.500000, 0.089556, 0.002481, 1000
29.000000, -88.500000, -177.500000, 0.093347, 0.002563, 1000
29.500000, -88.500000, -177.500000, 0.096720, 0.002584, 1000
30.000000, -88.500000, -177.500000, 0.099732, 0.002437, 1000
30.500000, -88.500000, -177.500000, 0.102161, 0.002492, 1000
31.000000, -88.500000, -177.500000, 0.104263, 0.002551, 1000
31.500000, -88.500000, -177.500000, 0.105683, 0.002495, 1000
32.000000, -88.500000, -177.500000, 0.106449, 0.002466, 1000
15.000000, -89.000000, -177.500000, 0.004606, 0.002334, 1000
15.500000, -89.000000, -177.500000, 0.005075, 0.002312, 1000
16.000000, -89.000000, -177.500000, 0.005794, 0.002244, 1000
16.500000, -89.000000, -177.500000, 0.006527, 0.002257, 1000
17.000000, -89.000000, -177.500000, 0.007621, 0.002255, 1000
17.500000, -89.000000, -177.500000, 0.008642, 0.002259, 1000
18.000000, -89.000000, -177.500000, 0.010050, 0.002418, 1000
18.500000, -89.000000, -177.500000, 0.011598, 0.002480, 1000
19.000000, -89.000000, -177.500000, 0.013562, 0.002435, 1000
19.500000, -89.000000, -177.500000, 0.015659, 0.002507, 1000
20.000000, -89.000000, -177.500000, 0.018017, 0.002461, 1000
20.500000, -89.000000, -177.500000, 0.020731, 0.002539, 1000
21.000000, -89.000000, -177.500000, 0.023827, 0.002484, 1000
21.500000, -89.000000, -177.500000, 0.027112, 0.002484, 1000
22.000000, -89.000000, -177.500000, 0.030839, 0.002531, 1000
22.500000, -89.000000, -177.500000, 0.034973, 0.002488, 1000
23.000000, -89.000000, -177.500000, 0.039478, 0.002432, 1000
23.500000, -89.000000, -177.500000, 0.044251, 0.002398, 1000
24.000000, -89.000000, -177.500000, 0.049531, 0.002550, 1000
24.500000, -89.000000, -177.500000, 0.054950, 0.002519, 1000
25.000000, -89.000000, -177.500000, 0.060663, 0.002531, 1000
25.500000, -89.000000, -177.500000, 0.066346, 0.002501, 1000
26.000000, -89.000000, -177.500000, 0.072170, 0.002529, 1000
26.500000, -89.000000, -177.500000, 0.077732, 0.002430, 1000
27.000000, -89.000000, -177.500000, 0.083360, 0.002596, 1000
27.500000, -89.000000, -177.500000, 0.088380, 0.002391, 1000
28.000000, -89.000000, -177.500000, 0.093110, 0.002573, 1000
28.500000, -89.000000, -177.500000, 0.097484, 0.002526, 1000
29.000000, -89.000000, -177.500000, 0.101564, 0.002552, 1000
29.500000, -89.000000, -177.500000, 0.105199, 0.002532, 1000
30.000000, -89.000000, -177.500000, 0.108330, 0.002483, 1000
30.500000, -89.000000, -177.500000, 0.111023, 0.002531, 1000
31.000000, -89.000000, -177.500000, 0.113140, 0.002563, 1000
31.500000, -89.000000, -177.500000, 0.114714, 0.002519, 1000
32.000000, -89.000000, -177.500000, 0.115450, 0.002572, 1000
15.000000, -89.500000, -177.500000, 0.004829, 0.002331, 1000
15.500000, -89.500000, -177.500000, 0.005396, 0.002285, 1000
16.000000, -89.500000, -177.500000, 0.006078, 0.002201, 1000
16.500000, -89.500000, -177.500000, 0.006941, 0.002275, 1000
17.000000, -89.500000, -177.500000, 0.008134, 0.002228, 1000
17.500000, -89.500000, -177.500000, 0.009267, 0.002384, 1000
18.000000, -89.500000, -177.500000, 0.010697, 0.002533, 1000
18.500000, -89.500000, -177.500000, 0.012662, 0.002481, 1000
19.000000, -89.500000, -177.500000, 0.014626, 0.002471, 1000
19.500000, -89.500000, -177.500000, 0.016904, 0.002418, 1000
20.000000, -89.500000, -177.500000, 0.019588, 0.002485, 1000
20.500000, -89.500000, -177.500000, 0.022476, 0.002579, 1000
21.000000, -89.500000, -177.500000, 0.025830, 0.002461, 1000
21.500000, -89.500000, -177.500000, 0.029537, 0.002436, 1000
22.000000, -89.500000, -177.500000, 0.033625, 0.002537, 1000
22.500000, -89.500000, -177.500000, 0.038073, 0.002495, 1000
23.000000, -89.500000, -177.500000, 0.043092, 0.002550, 1000
23.500000, -89.500000, -177.500000, 0.048377, 0.002472, 1000
24.000000, -89.500000, -177.500000, 0.054144, 0.002482, 1000
24.500000, -89.500000, -177.500000, 0.059920, 0.002499, 1000
25.000000, -89.500000, -177.500000, 0.066213, 0.002381, 1000
25.500000, -89.500000, -177.500000, 0.072427, 0.002516, 1000
26.000000, -89.500000, -177.500000, 0.078693, 0.002536, 1000
26.500000, -89.500000, -177.500000, 0.084743, 0.002516, 1000
27.000000, -89.500000, -177.500000, 0.090542, 0.002524, 1000
27.500000, -89.500000, -177.500000, 0.096008, 0.002496, 1000
28.000000, -89.500000, -177.500000, 0.101037, 0.002496, 1000
28.500000, -89.500000, -177.500000, 0.105656, 0.002481, 1000
29.000000, -89.500000, -177.500000, 0.109838, 0.002547, 1000
29.500000, -89.500000, -177.500000, 0.113578, 0.002575, 1000
30.000000, -89.500000, -177.500000, 0.116887, 0.002493, 1000
30.500000, -89.500000, -177.500000, 0.119719, 0.002535, 1000
31.000000, -89.500000, -177.500000, 0.121949, 0.002549, 1000
31.500000, -89.500000, -177.500000, 0.123667, 0.002582, 1000
32.000000, -89.500000, -177.500000, 0.124421, 0.002532, 1000
15.000000, -90.000000, -177.500000, 0.005056, 0.002264, 1000
15.500000, -90.000000, -177.500000, 0.005681, 0.002272, 1000
16.000000, -90.000000, -177.500000, 0.006306, 0.002226, 1000
16.500000, -90.000000, -177.500000, 0.007356, 0.002286, 1000
17.000000, -90.000000, -177.500000, 0.008529, 0.002360, 1000
17.500000, -90.000000, -177.500000, 0.009902, 0.002485, 1000
18.000000, -90.000000, -177.500000, 0.011538, 0.002491, 1000
18.500000, -90.000000, -177.500000, 0.013529, 0.002414, 1000
19.000000, -90.000000, -177.500000, 0.015701, 0.002378, 1000
19.500000, -90.000000, -177.500000, 0.018257, 0.002474, 1000
20.000000, -90.000000, -177.500000, 0.021055, 0.002499, 1000
20.500000, -90.000000, -177.500000, 0.024309, 0.002420, 1000
21.000000, -90.000000, -177.500000, 0.027920, 0.002533, 1000
21.500000, -90.000000, -177.500000, 0.031990, 0.002483, 1000
22.000000, -90.000000, -177.500000, 0.036554, 0.002433, 1000
22.500000, -90.000000, -177.500000, 0.041397, 0.002488, 1000
23.000000, -90.000000, -177.500000, 0.046815, 0.002493, 1000
23.500000, -90.000000, -177.500000, 0.052600, 0.002540, 1000
24.000000, -90.000000, -177.500000, 0.058857, 0.002454, 1000
24.500000, -90.000000, -177.500000, 0.065306, 0.002462, 1000
25.000000, -90.000000, -177.500000, 0.071885, 0.002507, 1000
25.500000, -90.000000, -177.500000, 0.078630, 0.002534, 1000
26.000000, -90.000000, -177.500000, 0.085278, 0.002455, 1000
26.500000, -90.000000, -177.500000, 0.091647, 0.002497, 1000
27.000000, -90.000000, -177.500000, 0.097847, 0.002459, 1000
27.500000, -90.000000, -177.500000, 0.103668, 0.002635, 1000
28.000000, -90.000000, -177.500000, 0.108798, 0.002380, 1000
28.500000, -90.000000, -177.500000, 0.113699, 0.002638, 1000
29.000000, -90.000000, -177.500000, 0.118064, 0.002606, 1000
29.500000, -90.000000, -177.500000, 0.121939, 0.002542, 1000
30.000000, -90.000000, -177.500000, 0.125328, 0.002537, 1000
30.500000, -90.000000, -177.500000, 0.128175, 0.002536, 1000
31.000000, -90.000000, -177.500000, 0.130539, 0.002531, 1000
31.500000, -90.000000, -177.500000, 0.132159, 0.002571, 1000
32.000000, -90.000000, -177.500000, 0.132905, 0.002526, 1000
15.000000, -90.500000, -177.500000, 0.005310, 0.002227, 1000
15.500000, -90.500000, -177.500000, 0.005910, 0.002215, 1000
16.000000, -90.500000, -177.500000, 0.006734, 0.002260, 1000
16.500000, -90.500000, -177.500000, 0.007811, 0.002329, 1000
17.000000, -90.500000, -177.500000, 0.009065, 0.002291, 1000
17.500000, -90.500000, -177.500000, 0.010491, 0.002436, 1000
18.000000, -90.500000, -177.500000, 0.012410, 0.002459, 1000
18.500000, -90.500000, -177.500000, 0.014377, 0.002487, 1000
19.000000, -90.500000, -177.500000, 0.016769, 0.002447, 1000
19.500000, -90.500000, -177.500000, 0.019482, 0.002478, 1000
20.000000, -90.500000, -177.500000, 0.022633, 0.002470, 1000
20.500000, -90.500000, -177.500000, 0.026093, 0.002463, 1000
21.000000, -90.500000, -177.500000, 0.030054, 0.002499, 1000
21.500000, -90.500000, -177.500000, 0.034462, 0.002539, 1000
22.000000, -90.500000, -177.500000, 0.039301, 0.002504, 1000
22.500000, -90.500000, -177.500000, 0.044567, 0.002529, 1000
23.000000, -90.500000, -177.500000, 0.050565, 0.002529, 1000
23.500000, -90.500000, -177.500000, 0.056795, 0.002530, 1000
24.000000, -90.500000, -177.500000, 0.063461, 0.002490, 1000
24.500000, -90.500000, -177.500000, 0.070305, 0.002486, 1000
25.000000, -90.500000, -177.500000, 0.077569, 0.002534, 1000
25.500000, -90.500000, -177.500000, 0.084646, 0.002493, 1000
26.000000, -90.500000, -177.500000, 0.091687, 0.002498, 1000
26.500000, -90.500000, -177.500000, 0.098443, 0.002542, 1000
27.000000, -90.500000, -177.500000, 0.104841, 0.002579, 1000
27.500000, -90.500000, -177.500000, 0.110814, 0.002554, 1000
28.000000, -90.500000, -177.500000, 0.116390, 0.002412, 1000
28.500000, -90.500000, -177.500000, 0.121229, 0.002592, 1000
29.000000, -90.500000, -177.500000, 0.125788, 0.002540, 1000
29.500000, -90.500000, -177.500000, 0.129850, 0.002475, 1000
30.000000, -90.500000, -177.500000, 0.133339, 0.002583, 1000
30.500000, -90.500000, -177.500000, 0.136180, 0.002545, 1000
31.000000, -90.500000, -177.500000, 0.138515, 0.002531, 1000
31.500000, -90.500000, -177.500000, 0.140186, 0.002584, 1000
32.000000, -90.500000, -177.500000, 0.141018, 0.002557, 1000
15.000000, -91.000000, -177.500000, 0.005486, 0.002260, 1000
15.500000, -91.000000, -177.500000, 0.006155, 0.002239, 1000
16.000000, -91.000000, -177.500000, 0.007071, 0.002264, 1000
16.500000, -91.000000, -177.500000, 0.008310, 0.002325, 1000
17.000000, -91.000000, -177.500000, 0.009548, 0.002377, 1000
17.500000, -91.000000, -177.500000, 0.011227, 0.002601, 1000
18.000000, -91.000000, -177.500000, 0.013106, 0.002556, 1000
18.500000, -91.000000, -177.500000, 0.015322, 0.002389, 1000
19.000000, -91.000000, -177.500000, 0.017877, 0.002454, 1000
19.500000, -91.000000, -177.500000, 0.020784, 0.002480, 1000
20.000000, -91.000000, -177.500000, 0.024206, 0.002455, 1000
20.500000, -91.000000, -177.500000, 0.027830, 0.002463, 1000
21.000000, -91.000000, -177.500000, 0.032089, 0.002460, 1000
21.500000, -91.000000, -177.500000, 0.036931, 0.002505, 1000
22.000000, -91.000000, -177.500000, 0.042184, 0.002559, 1000
22.500000, -91.000000, -177.500000, 0.047905, 0.002477, 1000
23.000000, -91.000000, -177.500000, 0.054305, 0.002469, 1000
23.500000, -91.000000, -177.500000, 0.060868, 0.002498, 1000
24.000000, -91.000000, -177.500000, 0.068099, 0.002431, 1000
24.500000, -91.000000, -177.500000, 0.075344, 0.002571, 1000
25.000000, -91.000000, -177.500000, 0.082976, 0.002598, 1000
25.500000, -91.000000, -177.500000, 0.090432, 0.002543, 1000
26.000000, -91.000000, -177.500000, 0.098000, 0.002540, 1000
26.500000, -91.000000, -177.500000, 0.104916, 0.002443, 1000
27.000000, -91.000000, -177.500000, 0.111542, 0.002532, 1000
27.500000, -91.000000, -177.500000, 0.117767, 0.002453, 1000
28.000000, -91.000000, -177.500000, 0.123425, 0.002584, 1000
28.500000, -91.000000, -177.500000, 0.128410, 0.002459, 1000
29.000000, -91.000000, -177.500000, 0.133122, 0.002581, 1000
29.500000, -91.000000, -177.500000, 0.137139, 0.002477, 1000
30.000000, -91.000000, -177.500000, 0.140671, 0.002524, 1000
30.500000, -91.000000, -177.500000, 0.143495, 0.002575, 1000
31.000000, -91.000000, -177.500000, 0.146068, 0.002509, 1000
31.500000, -91.000000, -177.500000, 0.147714, 0.002570, 1000
32.000000, -91.000000, -177.500000, 0.148679, 0.002509, 1000
15.000000, -91.500000, -177.500000, 0.005705, 0.002232, 1000
15.500000, -91.500000, -177.500000, 0.006410, 0.002213, 1000
16.000000, -91.500000, -177.500000, 0.007385, 0.002224, 1000
16.500000, -91.500000, -177.500000, 0.008620, 0.002283, 1000
17.000000, -91.500000, -177.500000, 0.010037, 0.002458, 1000
17.500000, -91.500000, -177.500000, 0.011780, 0.002456, 1000
18.000000, -91.500000, -177.500000, 0.013832, 0.002412, 1000
18.500000, -91.500000, -177.500000, 0.016168, 0.002371, 1000
19.000000, -91.500000, -177.500000, 0.018972, 0.002505, 1000
19.500000, -91.500000, -177.500000, 0.022094, 0.002428, 1000
20.000000, -91.500000, -177.500000, 0.025689, 0.002432, 1000
20.500000, -91.500000, -177.500000, 0.029649, 0.002535, 1000
21.000000, -91.500000, -177.500000, 0.034346, 0.002547, 1000
21.500000, -91.500000, -177.500000, 0.039334, 0.002502, 1000
22.000000, -91.500000, -177.500000, 0.045022, 0.002508, 1000
22.500000, -91.500000, -177.500000, 0.051184, 0.002598, 1000
23.000000, -91.500000, -177.500000, 0.057868, 0.002492, 1000
23.500000, -91.500000, -177.500000, 0.065010, 0.002541, 1000
24.000000, -91.500000, -177.500000, 0.072603, 0.002531, 1000
24.500000, -91.500000, -177.500000, 0.080355, 0.002574, 1000
25.000000, -91.500000, -177.500000, 0.088394, 0.002486, 1000
25.500000, -91.500000, -177.500000, 0.096270, 0.002475, 1000
26.000000, -91.500000, -177.500000, 0.103945, 0.002558, 1000
26.500000, -91.500000, -177.500000, 0.111242, 0.002471, 1000
27.000000, -91.500000, -177.500000, 0.117961, 0.002498, 1000
27.500000, -91.500000, -177.500000, 0.124284, 0.002564, 1000
28.000000, -91.500000, -177.500000, 0.130122, 0.002529, 1000
28.500000, -91.500000, -177.500000, 0.135238, 0.002590, 1000
29.000000, -91.500000, -177.500000, 0.139945, 0.002547, 1000
29.500000, -91.500000, -177.500000, 0.144012, 0.002627, 1000
30.000000, -91.500000, -177.500000, 0.147566, 0.002476, 1000
30.500000, -91.500000, -177.500000, 0.150515, 0.002499, 1000
31.000000, -91.500000, -177.500000, 0.152973, 0.002601, 1000
31.500000, -91.500000, -177.500000, 0.154604, 0.002578, 1000
32.000000, -91.500000, -177.500000, 0.155509, 0.002512, 1000
15.000000, -92.000000, -177.500000, 0.005797, 0.002245, 1000
15.500000, -92.000000, -177.500000, 0.006522, 0.002214, 1000
16.000000, -92.000000, -177.500000, 0.007651, 0.002266, 1000
16.500000, -92.000000, -177.500000, 0.008849, 0.002337, 1000
17.000000, -92.000000, -177.500000, 0.010469, 0.002460, 1000
17.500000, -92.000000, -177.500000, 0.012360, 0.002527, 1000
18.000000, -92.000000, -177.500000, 0.014553, 0.002515, 1000
18.500000, -92.000000, -177.500000, 0.016998, 0.002416, 1000
19.000000, -92.000000, -177.500000, 0.019971, 0.002503, 1000
19.500000, -92.000000, -177.500000, 0.023299, 0.002421, 1000
20.000000, -92.000000, -177.500000, 0.027024, 0.002417, 1000
20.500000, -92.000000, -177.500000, 0.031329, 0.002531, 1000
21.000000, -92.000000, -177.500000, 0.036197, 0.002472, 1000
21.500000, -92.000000, -177.500000, 0.041579, 0.002551, 1000
22.000000, -92.000000, -177.500000, 0.047691, 0.002533, 1000
22.500000, -92.000000, -177.500000, 0.054187, 0.002490, 1000
23.000000, -92.000000, -177.500000, 0.061285, 0.002504, 1000
23.500000, -92.000000, -177.500000, 0.068898, 0.002495, 1000
24.000000, -92.000000, -177.500000, 0.076836, 0.002478, 1000
24.500000, -92.000000, -177.500000, 0.085086, 0.002459, 1000
25.000000, -92.000000, -177.500000, 0.093399, 0.002581, 1000
25.500000, -92.000000, -177.500000, 0.101507, 0.002565, 1000
26.000000, -92.000000, -177.500000, 0.109436, 0.002503, 1000
26.500000, -92.000000, -177.500000, 0.116939, 0.002472, 1000
27.000000, -92.000000, -177.500000, 0.123857, 0.002583, 1000
27.500000, -92.000000, -177.500000, 0.130333, 0.002554, 1000
28.000000, -92.000000, -177.500000, 0.136092, 0.002514, 1000
28.500000, -92.000000, -177.500000, 0.141248, 0.002573, 1000
29.000000, -92.000000, -177.500000, 0.145954, 0.002545, 1000
29.500000, -92.000000, -177.500000, 0.150036, 0.002552, 1000
30.000000, -92.000000, -177.500000, 0.153630, 0.002656, 1000
30.500000, -92.000000, -177.500000, 0.156462, 0.002541, 1000
31.000000, -92.000000, -177.500000, 0.158891, 0.002614, 1000
31.500000, -92.000000, -177.500000, 0.160562, 0.002507, 1000
32.000000, -92.000000, -177.500000, 0.161493, 0.002555, 1000
15.000000, -92.500000, -177.500000, 0.005960, 0.002153, 1000
15.500000, -92.500000, -177.500000, 0.006798, 0.002303, 1000
16.000000, -92.500000, -177.500000, 0.007923, 0.002213, 1000
16.500000, -92.500000, -177.500000, 0.009296, 0.002363, 1000
17.000000, -92.500000, -177.500000, 0.010880, 0.002514, 1000
17.500000, -92.500000, -177.500000, 0.012909, 0.002516, 1000
18.000000, -92.500000, -177.500000, 0.015150, 0.002426, 1000
18.500000, -92.500000, -177.500000, 0.017796, 0.002504, 1000
19.000000, -92.500000, -177.500000, 0.020883, 0.002555, 1000
19.500000, -92.500000, -177.500000, 0.024386, 0.002408, 1000
20.000000, -92.500000, -177.500000, 0.028379, 0.002480, 1000
20.500000, -92.500000, -177.500000, 0.032898, 0.002560, 1000
21.000000, -92.500000, -177.500000, 0.038124, 0.002474, 1000
21.500000, -92.500000, -177.500000, 0.043767, 0.002519, 1000
22.000000, -92.500000, -177.500000, 0.050151, 0.002496, 1000
22.500000, -92.500000, -177.500000, 0.057034, 0.002514, 1000
23.000000, -92.500000, -177.500000, 0.064530, 0.002499, 1000
23.500000, -92.500000, -177.500000, 0.072499, 0.002537, 1000
24.000000, -92.500000, -177.500000, 0.080879, 0.002574, 1000
24.500000, -92.500000, -177.500000, 0.089264, 0.002455, 1000
25.000000, -92.500000, -177.500000, 0.097947, 0.002405, 1000
25.500000, -92.500000, -177.500000, 0.106388, 0.002520, 1000
26.000000, -92.500000, -177.500000, 0.114540, 0.002548, 1000
26.500000, -92.500000, -177.500000, 0.122137, 0.002557, 1000
27.000000, -92.500000, -177.500000, 0.129268, 0.002548, 1000
27.500000, -92.500000, -177.500000, 0.135643, 0.002544, 1000
28.000000, -92.500000, -177.500000, 0.141536, 0.002586, 1000
28.500000, -92.500000, -177.500000, 0.146736, 0.002587, 1000
29.000000, -92.500000, -177.500000, 0.151494, 0.002498, 1000
29.500000, -92.500000, -177.500000, 0.155510, 0.002600, 1000
30.000000, -92.500000, -177.500000, 0.158950, 0.002474, 1000
30.500000, -92.500000, -177.500000, 0.161990, 0.002563, 1000
31.000000, -92.500000, -177.500000, 0.164349, 0.002600, 1000
31.500000, -92.500000, -177.500000, 0.166032, 0.002580, 1000
32.000000, -92.500000, -177.500000, 0.166752, 0.002561, 1000
15.000000, -93.000000, -177.500000, 0.006118, 0.002207, 1000
15.500000, -93.000000, -177.500000, 0.006970, 0.002262, 1000
16.000000, -93.000000, -177.500000, 0.008165, 0.002279, 1000
16.500000, -93.000000, -177.500000, 0.009575, 0.002383, 1000
17.000000, -93.000000, -177.500000, 0.011310, 0.002428, 1000
17.500000, -93.000000, -177.500000, 0.013312, 0.002464, 1000
18.000000, -93.000000, -177.500000, 0.015740, 0.002479, 1000
18.500000, -93.000000, -177.500000, 0.018476, 0.002480, 1000
19.000000, -93.000000, -177.500000, 0.021599, 0.002515, 1000
19.500000, -93.000000, -177.500000, 0.025372, 0.002426, 1000
20.000000, -93.000000, -177.500000, 0.029593, 0.002479, 1000
20.500000, -93.000000, -177.500000, 0.034433, 0.002534, 1000
21.000000, -93.000000, -177.500000, 0.039653, 0.002556, 1000
21.500000, -93.000000, -177.500000, 0.045723, 0.002542, 1000
22.000000, -93.000000, -177.500000, 0.052391, 0.002527, 1000
22.500000, -93.000000, -177.500000, 0.059545, 0.002528, 1000
23.000000, -93.000000, -177.500000, 0.067439, 0.002449, 1000
23.500000, -93.000000, -177.500000, 0.075733, 0.002474, 1000
24.000000, -93.000000, -177.500000, 0.084357, 0.002538, 1000
24.500000, -93.000000, -177.500000, 0.093034, 0.002587, 1000
25.000000, -93.000000, -177.500000, 0.101905, 0.002508, 1000
25.500000, -93.000000, -177.500000, 0.110653, 0.002492, 1000
26.000000, -93.000000, -177.500000, 0.118878, 0.002502, 1000
26.500000, -93.000000, -177.500000, 0.126548, 0.002497, 1000
27.000000, -93.000000, -177.500000, 0.133769, 0.002537, 1000
27.500000, -93.000000, -177.500000, 0.140213, 0.002483, 1000
28.000000, -93.000000, -177.500000, 0.146123, 0.002568, 1000
28.500000, -93.000000, -177.500000, 0.151191, 0.002515, 1000
29.000000, -93.000000, -177.500000, 0.156049, 0.002610, 1000
29.500000, -93.000000, -177.500000, 0.160058, 0.002500, 1000
30.000000, -93.000000, -177.500000, 0.163441, 0.002633, 1000
30.500000, -93.000000, -177.500000, 0.166502, 0.002687, 1000
31.000000, -93.000000, -177.500000, 0.168743, 0.002469, 1000
31.500000, -93.000000, -177.500000, 0.170487, 0.002525, 1000
32.000000, -93.000000, -177.500000, 0.171283, 0.002537, 1000
15.000000, -93.500000, -177.500000, 0.006193, 0.002162, 1000
15.500000, -93.500000, -177.500000, 0.007165, 0.002228, 1000
16.000000, -93.500000, -177.500000, 0.008321, 0.002258, 1000
16.500000, -93.500000, -177.500000, 0.009715, 0.002387, 1000
17.000000, -93.500000, -177.500000, 0.011561, 0.002571, 1000
17.500000, -93.500000, -177.500000, 0.013693, 0.002554, 1000
18.000000, -93.500000, -177.500000, 0.016072, 0.002470, 1000
18.500000, -93.500000, -177.500000, 0.019006, 0.002478, 1000
19.000000, -93.500000, -177.500000, 0.022275, 0.002469, 1000
19.500000, -93.500000, -177.500000, 0.026182, 0.002421, 1000
20.000000, -93.500000, -177.500000, 0.030478, 0.002544, 1000
20.500000, -93.500000, -177.500000, 0.035474, 0.002494, 1000
21.000000, -93.500000, -177.500000, 0.041063, 0.002570, 1000
21.500000, -93.500000, -177.500000, 0.047375, 0.002492, 1000
22.000000, -93.500000, -177.500000, 0.054122, 0.002548, 1000
22.500000, -93.500000, -177.500000, 0.061697, 0.002539, 1000
23.000000, -93.500000, -177.500000, 0.069816, 0.002440, 1000
23.500000, -93.500000, -177.500000, 0.078270, 0.002504, 1000
24.000000, -93.500000, -177.500000, 0.087153, 0.002530, 1000
24.500000, -93.500000, -177.500000, 0.096115, 0.002564, 1000
25.000000, -93.500000, -177.500000, 0.105220, 0.002561, 1000
25.500000, -93.500000, -177.500000, 0.113971, 0.002540, 1000
26.000000, -93.500000, -177.500000, 0.122300, 0.002582, 1000
26.500000, -93.500000, -177.500000, 0.130147, 0.002512, 1000
27.000000, -93.500000, -177.500000, 0.137347, 0.002501, 1000
27.500000, -93.500000, -177.500000, 0.143889, 0.002583, 1000
28.000000, -93.500000, -177.500000, 0.149779, 0.002605, 1000
28.500000, -93.500000, -177.500000, 0.154867, 0.002637, 1000
29.000000, -93.500000, -177.500000, 0.159611, 0.002426, 1000
29.500000, -93.500000, -177.500000, 0.163569, 0.002469, 1000
30.000000, -93.500000, -177.500000, 0.167087, 0.002530, 1000
30.500000, -93.500000, -177.500000, 0.170034, 0.002514, 1000
31.000000, -93.500000, -177.500000, 0.172261, 0.002509, 1000
31.500000, -93.500000, -177.500000, 0.173882, 0.002627, 1000
32.000000, -93.500000, -177.500000, 0.174743, 0.002613, 1000
15.000000, -94.000000, -177.500000, 0.006286, 0.002212, 1000
15.500000, -94.000000, -177.500000, 0.007278, 0.002175, 1000
16.000000, -94.000000, -177.500000, 0.008482, 0.002281, 1000
16.500000, -94.000000, -177.500000, 0.009867, 0.002424, 1000
17.000000, -94.000000, -177.500000, 0.011797, 0.002552, 1000
17.500000, -94.000000, -177.500000, 0.014018, 0.002417, 1000
18.000000, -94.000000, -177.500000, 0.016531, 0.002450, 1000
18.500000, -94.000000, -177.500000, 0.019516, 0.002518, 1000
19.000000, -94.000000, -177.500000, 0.022945, 0.002467, 1000
19.500000, -94.000000, -177.500000, 0.026918, 0.002485, 1000
20.000000, -94.000000, -177.500000, 0.031343, 0.002497, 1000
20.500000, -94.000000, -177.500000, 0.036573, 0.002364, 1000
21.000000, -94.000000, -177.500000, 0.042298, 0.002485, 1000
21.500000, -94.000000, -177.500000, 0.048821, 0.002523, 1000
22.000000, -94.000000, -177.500000, 0.055931, 0.002512, 1000
22.500000, -94.000000, -177.500000, 0.063621, 0.002530, 1000
23.000000, -94.000000, -177.500000, 0.071901, 0.002478, 1000
23.500000, -94.000000, -177.500000, 0.080713, 0.002511, 1000
24.000000, -94.000000, -177.500000, 0.089795, 0.002522, 1000
24.500000, -94.000000, -177.500000, 0.098985, 0.002488, 1000
25.000000, -94.000000, -177.500000, 0.108205, 0.002518, 1000
25.500000, -94.000000, -177.500000, 0.117054, 0.002516, 1000
26.000000, -94.000000, -177.500000, 0.125464, 0.002579, 1000
26.500000, -94.000000, -177.500000, 0.133472, 0.002610, 1000
27.000000, -94.000000, -177.500000, 0.140566, 0.002624, 1000
27.500000, -94.000000, -177.500000, 0.147137, 0.002498, 1000
28.000000, -94.000000, -177.500000, 0.152880, 0.002605, 1000
28.500000, -94.000000, -177.500000, 0.158100, 0.002447, 1000
29.000000, -94.000000, -177.500000, 0.162645, 0.002567, 1000
29.500000, -94.000000, -177.500000, 0.166768, 0.002465, 1000
30.000000, -94.000000, -177.500000, 0.170092, 0.002540, 1000
30.500000, -94.000000, -177.500000, 0.172970, 0.002612, 1000
31.000000, -94.000000, -177.500000, 0.175379, 0.002630, 1000
31.500000, -94.000000, -177.500000, 0.176973, 0.002534, 1000
32.000000, -94.000000, -177.500000, 0.177782, 0.002538, 1000
15.000000, -94.500000, -177.500000, 0.006354, 0.002120, 1000
15.500000, -94.500000, -177.500000, 0.007441, 0.002336, 1000
16.000000, -94.500000, -177.500000, 0.008623, 0.002285, 1000
16.500000, -94.500000, -177.500000, 0.010148, 0.002444, 1000
17.000000, -94.500000, -177.500000, 0.012004, 0.002511, 1000
17.500000, -94.500000, -177.500000, 0.014234, 0.002459, 1000
18.000000, -94.500000, -177.500000, 0.016866, 0.002421, 1000
18.500000, -94.500000, -177.500000, 0.019900, 0.002489, 1000
19.000000, -94.500000, -177.500000, 0.023469, 0.002396, 1000
19.500000, -94.500000, -177.500000, 0.027499, 0.002463, 1000
20.000000, -94.500000, -177.500000, 0.032108, 0.002543, 1000
20.500000, -94.500000, -177.500000, 0.037387, 0.002478, 1000
21.000000, -94.500000, -177.500000, 0.043367, 0.002523, 1000
21.500000, -94.500000, -177.500000, 0.049951, 0.002477, 1000
22.000000, -94.500000, -177.500000, 0.057334, 0.002431, 1000
22.500000, -94.500000, -177.500000, 0.065170, 0.002439, 1000
23.000000, -94.500000, -177.500000, 0.073743, 0.002576, 1000
23.500000, -94.500000, -177.500000, 0.082830, 0.002558, 1000
24.000000, -94.500000, -177.500000, 0.091996, 0.002543, 1000
24.500000, -94.500000, -177.500000, 0.101215, 0.002588, 1000
25.000000, -94.500000, -177.500000, 0.110660, 0.002568, 1000
25.500000, -94.500000, -177.500000, 0.119652, 0.002526, 1000
26.000000, -94.500000, -177.500000, 0.128101, 0.002525, 1000
26.500000, -94.500000, -177.500000, 0.136027, 0.002505, 1000
27.000000, -94.500000, -177.500000, 0.143154, 0.002575, 1000
27.500000, -94.500000, -177.500000, 0.149588, 0.002511, 1000
28.000000, -94.500000, -177.500000, 0.155477, 0.002574, 1000
28.500000, -94.500000, -177.500000, 0.160623, 0.002531, 1000
29.000000, -94.500000, -177.500000, 0.165224, 0.002606, 1000
29.500000, -94.500000, -177.500000, 0.169253, 0.002535, 1000
30.000000, -94.500000, -177.500000, 0.172552, 0.002595, 1000
30.500000, -94.500000, -177.500000, 0.175378, 0.002618, 1000
31.000000, -94.500000, -177.500000, 0.177691, 0.002558, 1000
31.500000, -94.500000, -177.500000, 0.179304, 0.002588, 1000
32.000000, -94.500000, -177.500000, 0.180085, 0.002582, 1000
15.000000, -95.000000, -177.500000, 0.006462, 0.002197, 1000
15.500000, -95.000000, -177.500000, 0.007457, 0.002219, 1000
16.000000, -95.000000, -177.500000, 0.008783, 0.002316, 1000
16.500000, -95.000000, -177.500000, 0.010261, 0.002480, 1000
17.000000, -95.000000, -177.500000, 0.012182, 0.002494, 1000
17.500000, -95.000000, -177.500000, 0.014466, 0.002453, 1000
18.000000, -95.000000, -177.500000, 0.017187, 0.002469, 1000
18.500000, -95.000000, -177.500000, 0.020203, 0.002505, 1000
19.000000, -95.000000, -177.500000, 0.023794, 0.002470, 1000
19.500000, -95.000000, -177.500000, 0.027937, 0.002414, 1000
20.000000, -95.000000, -177.500000, 0.032805, 0.002499, 1000
20.500000, -95.000000, -177.500000, 0.038070, 0.002475, 1000
21.000000, -95.000000, -177.500000, 0.044157, 0.002531, 1000
21.500000, -95.000000, -177.500000, 0.050909, 0.002543, 1000
22.000000, -95.000000, -177.500000, 0.058381, 0.002490, 1000
22.500000, -95.000000, -177.500000, 0.066436, 0.002412, 1000
23.000000, -95.000000, -177.500000, 0.075101, 0.002504, 1000
23.500000, -95.000000, -177.500000, 0.084202, 0.002556, 1000
24.000000, -95.000000, -177.500000, 0.093514, 0.002531, 1000
24.500000, -95.000000, -177.500000, 0.102992, 0.002515, 1000
25.000000, -95.000000, -177.500000, 0.112377, 0.002577, 1000
25.500000, -95.000000, -177.500000, 0.121369, 0.002472, 1000
26.000000, -95.000000, -177.500000, 0.129916, 0.002513, 1000
26.500000, -95.000000, -177.500000, 0.137765, 0.002530, 1000
27.000000, -95.000000, -177.500000, 0.144987, 0.002516, 1000
27.500000, -95.000000, -177.500000, 0.151505, 0.002553, 1000
28.000000, -95.000000, -177.500000, 0.157341, 0.002445, 1000
28.500000, -95.000000, -177.500000, 0.162404, 0.002650, 1000
29.000000, -95.000000, -177.500000, 0.166996, 0.002525, 1000
29.500000, -95.000000, -177.500000, 0.171035, 0.002419, 1000
30.000000, -95.000000, -177.500000, 0.174224, 0.002605, 1000
30.500000, -95.000000, -177.500000, 0.177138, 0.002586, 1000
31.000000, -95.000000, -177.500000, 0.179461, 0.002509, 1000
31.500000, -95.000000, -177.500000, 0.180845, 0.002481, 1000
32.000000, -95.000000, -177.500000, 0.181823, 0.002585, 1000
