35.200000,-94.450000,-177.300000,0.000000,-0.001284,0.002478,-0.011720,0.002830,1000.000000
35.200000,-94.450000,-177.300000,20.000340,-0.001359,0.002485,-0.011806,0.002838,1000.000000
35.200000,-94.450000,-177.300000,40.000860,-0.001386,0.002455,-0.011836,0.002804,1000.000000
35.200000,-94.450000,-177.300000,60.001200,-0.001397,0.002508,-0.011849,0.002864,1000.000000
35.200000,-94.450000,-177.300000,80.001540,-0.001339,0.002488,-0.011782,0.002841,1000.000000
35.200000,-94.450000,-177.300000,99.998460,-0.001312,0.002498,-0.011752,0.002853,1000.000000
35.200000,-94.450000,-177.300000,119.998800,-0.001364,0.002410,-0.011812,0.002752,1000.000000
35.200000,-94.450000,-177.300000,139.999140,-0.001305,0.002480,-0.011745,0.002832,1000.000000
35.200000,-94.450000,-177.300000,159.999660,-0.001312,0.002448,-0.011752,0.002795,1000.000000
35.200000,-94.450000,-177.300000,180.000000,-0.001339,0.002480,-0.011782,0.002832,1000.000000
35.200000,-94.450000,-177.300000,200.000340,-0.001402,0.002439,-0.011855,0.002785,1000.000000
35.200000,-94.450000,-177.300000,220.000860,-0.001379,0.002435,-0.011829,0.002781,1000.000000
35.200000,-94.450000,-177.300000,240.001200,-0.001358,0.002471,-0.011804,0.002821,1000.000000
35.200000,-94.450000,-177.300000,260.001540,-0.001314,0.002425,-0.011755,0.002769,1000.000000
35.200000,-94.450000,-177.300000,279.998460,-0.001344,0.002539,-0.011788,0.002899,1000.000000
35.200000,-94.450000,-177.300000,299.998800,-0.001406,0.002447,-0.011860,0.002794,1000.000000
35.200000,-94.450000,-177.300000,319.999140,-0.001347,0.002500,-0.011793,0.002855,1000.000000
35.200000,-94.450000,-177.300000,339.999660,-0.001403,0.002446,-0.011857,0.002793,1000.000000
