35.200000,-108.450000,-177.300000,0.000000,-0.001333,0.002372,-0.011777,0.002709,1000.000000
35.200000,-108.450000,-177.300000,20.000340,-0.001358,0.002418,-0.011804,0.002761,1000.000000
35.200000,-108.450000,-177.300000,40.000860,-0.001409,0.002413,-0.011862,0.002756,1000.000000
35.200000,-108.450000,-177.300000,60.001200,-0.001423,0.002429,-0.011878,0.002773,1000.000000
35.200000,-108.450000,-177.300000,80.001540,-0.001402,0.002426,-0.011855,0.002770,1000.000000
35.200000,-108.450000,-177.300000,99.998460,-0.001339,0.002433,-0.011782,0.002778,1000.000000
35.200000,-108.450000,-177.300000,119.998800,-0.001300,0.002390,-0.011739,0.002729,1000.000000
35.200000,-108.450000,-177.300000,139.999140,-0.001365,0.002398,-0.011813,0.002738,1000.000000
35.200000,-108.450000,-177.300000,159.999660,-0.001294,0.002364,-0.011732,0.002700,1000.000000
35.200000,-108.450000,-177.300000,180.000000,-0.001321,0.002432,-0.011762,0.002777,1000.000000
35.200000,-108.450000,-177.300000,200.000340,-0.001373,0.002400,-0.011822,0.002741,1000.000000
35.200000,-108.450000,-177.300000,220.000860,-0.001375,0.002439,-0.011825,0.002785,1000.000000
35.200000,-108.450000,-177.300000,240.001200,-0.001364,0.002469,-0.011812,0.002819,1000.000000
35.200000,-108.450000,-177.300000,260.001540,-0.001289,0.002488,-0.011726,0.002841,1000.000000
35.200000,-108.450000,-177.300000,279.998460,-0.001365,0.002413,-0.011813,0.002756,1000.000000
35.200000,-108.450000,-177.300000,299.998800,-0.001323,0.002438,-0.011765,0.002784,1000.000000
35.200000,-108.450000,-177.300000,319.999140,-0.001294,0.002462,-0.011732,0.002811,1000.000000
35.200000,-108.450000,-177.300000,339.999660,-0.001279,0.002400,-0.011714,0.002740,1000.000000
35.200000,-107.450000,-177.300000,0.000000,-0.001300,0.002423,-0.011739,0.002766,1000.000000
35.200000,-107.450000,-177.300000,20.000340,-0.001333,0.002464,-0.011777,0.002813,1000.000000
35.200000,-107.450000,-177.300000,40.000860,-0.001325,0.002383,-0.011766,0.002721,1000.000000
35.200000,-107.450000,-177.300000,60.001200,-0.001335,0.002462,-0.011778,0.002811,1000.000000
35.200000,-107.450000,-177.300000,80.001540,-0.001363,0.002471,-0.011810,0.002822,1000.000000
35.200000,-107.450000,-177.300000,99.998460,-0.001311,0.002480,-0.011750,0.002831,1000.000000
35.200000,-107.450000,-177.300000,119.998800,-0.001256,0.002473,-0.011688,0.002824,1000.000000
35.200000,-107.450000,-177.300000,139.999140,-0.001330,0.002411,-0.011772,0.002753,1000.000000
35.200000,-107.450000,-177.300000,159.999660,-0.001364,0.002378,-0.011812,0.002716,1000.000000
35.200000,-107.450000,-177.300000,180.000000,-0.001275,0.002420,-0.011710,0.002763,1000.000000
35.200000,-107.450000,-177.300000,200.000340,-0.001332,0.002471,-0.011775,0.002821,1000.000000
35.200000,-107.450000,-177.300000,220.000860,-0.001293,0.002432,-0.011730,0.002777,1000.000000
35.200000,-107.450000,-177.300000,240.001200,-0.001396,0.002376,-0.011848,0.002713,1000.000000
35.200000,-107.450000,-177.300000,260.001540,-0.001302,0.002424,-0.011740,0.002768,1000.000000
35.200000,-107.450000,-177.300000,279.998460,-0.001373,0.002369,-0.011822,0.002706,1000.000000
35.200000,-107.450000,-177.300000,299.998800,-0.001410,0.002378,-0.011864,0.002715,1000.000000
35.200000,-107.450000,-177.300000,319.999140,-0.001373,0.002454,-0.011822,0.002802,1000.000000
35.200000,-107.450000,-177.300000,339.999660,-0.001299,0.002470,-0.011737,0.002820,1000.000000
35.200000,-106.450000,-177.300000,0.000000,-0.001341,0.002419,-0.011785,0.002762,1000.000000
35.200000,-106.450000,-177.300000,20.000340,-0.001367,0.002451,-0.011814,0.002799,1000.000000
35.200000,-106.450000,-177.300000,40.000860,-0.001291,0.002412,-0.011729,0.002754,1000.000000
35.200000,-106.450000,-177.300000,60.001200,-0.001356,0.002397,-0.011803,0.002738,1000.000000
35.200000,-106.450000,-177.300000,80.001540,-0.001353,0.002509,-0.011798,0.002864,1000.000000
35.200000,-106.450000,-177.300000,99.998460,-0.001282,0.002403,-0.011718,0.002744,1000.000000
35.200000,-106.450000,-177.300000,119.998800,-0.001393,0.002356,-0.011845,0.002691,1000.000000
35.200000,-106.450000,-177.300000,139.999140,-0.001317,0.002511,-0.011758,0.002867,1000.000000
35.200000,-106.450000,-177.300000,159.999660,-0.001353,0.002408,-0.011798,0.002750,1000.000000
35.200000,-106.450000,-177.300000,180.000000,-0.001337,0.002419,-0.011781,0.002763,1000.000000
35.200000,-106.450000,-177.300000,200.000340,-0.001342,0.002387,-0.011787,0.002725,1000.000000
35.200000,-106.450000,-177.300000,220.000860,-0.001356,0.002389,-0.011803,0.002728,1000.000000
35.200000,-106.450000,-177.300000,240.001200,-0.001432,0.002370,-0.011889,0.002706,1000.000000
35.200000,-106.450000,-177.300000,260.001540,-0.001331,0.002343,-0.011774,0.002676,1000.000000
35.200000,-106.450000,-177.300000,279.998460,-0.001267,0.002473,-0.011701,0.002824,1000.000000
35.200000,-106.450000,-177.300000,299.998800,-0.001298,0.002381,-0.011736,0.002719,1000.000000
35.200000,-106.450000,-177.300000,319.999140,-0.001365,0.002405,-0.011813,0.002747,1000.000000
35.200000,-106.450000,-177.300000,339.999660,-0.001341,0.002440,-0.011785,0.002786,1000.000000
35.200000,-105.450000,-177.300000,0.000000,-0.001342,0.002424,-0.011787,0.002768,1000.000000
35.200000,-105.450000,-177.300000,20.000340,-0.001346,0.002437,-0.011791,0.002782,1000.000000
35.200000,-105.450000,-177.300000,40.000860,-0.001295,0.002431,-0.011733,0.002776,1000.000000
35.200000,-105.450000,-177.300000,60.001200,-0.001325,0.002435,-0.011766,0.002781,1000.000000
35.200000,-105.450000,-177.300000,80.001540,-0.001300,0.002430,-0.011739,0.002775,1000.000000
35.200000,-105.450000,-177.300000,99.998460,-0.001281,0.002408,-0.011717,0.002749,1000.000000
35.200000,-105.450000,-177.300000,119.998800,-0.001333,0.002392,-0.011777,0.002732,1000.000000
35.200000,-105.450000,-177.300000,139.999140,-0.001294,0.002380,-0.011732,0.002717,1000.000000
35.200000,-105.450000,-177.300000,159.999660,-0.001312,0.002418,-0.011752,0.002761,1000.000000
35.200000,-105.450000,-177.300000,180.000000,-0.001276,0.002413,-0.011711,0.002755,1000.000000
35.200000,-105.450000,-177.300000,200.000340,-0.001365,0.002402,-0.011813,0.002743,1000.000000
35.200000,-105.450000,-177.300000,220.000860,-0.001391,0.002415,-0.011842,0.002757,1000.000000
35.200000,-105.450000,-177.300000,240.001200,-0.001289,0.002452,-0.011726,0.002800,1000.000000
35.200000,-105.450000,-177.300000,260.001540,-0.001351,0.002454,-0.011797,0.002803,1000.000000
35.200000,-105.450000,-177.300000,279.998460,-0.001346,0.002437,-0.011791,0.002783,1000.000000
35.200000,-105.450000,-177.300000,299.998800,-0.001294,0.002465,-0.011732,0.002815,1000.000000
35.200000,-105.450000,-177.300000,319.999140,-0.001341,0.002417,-0.011785,0.002760,1000.000000
35.200000,-105.450000,-177.300000,339.999660,-0.001401,0.002420,-0.011854,0.002763,1000.000000
35.200000,-104.450000,-177.300000,0.000000,-0.001327,0.002446,-0.011769,0.002793,1000.000000
35.200000,-104.450000,-177.300000,20.000340,-0.001374,0.002394,-0.011823,0.002733,1000.000000
35.200000,-104.450000,-177.300000,40.000860,-0.001340,0.002416,-0.011784,0.002758,1000.000000
35.200000,-104.450000,-177.300000,60.001200,-0.001356,0.002462,-0.011803,0.002812,1000.000000
35.200000,-104.450000,-177.300000,80.001540,-0.001332,0.002372,-0.011775,0.002708,1000.000000
35.200000,-104.450000,-177.300000,99.998460,-0.001300,0.002430,-0.011739,0.002775,1000.000000
35.200000,-104.450000,-177.300000,119.998800,-0.001288,0.002332,-0.011724,0.002663,1000.000000
35.200000,-104.450000,-177.300000,139.999140,-0.001260,0.002366,-0.011692,0.002702,1000.000000
35.200000,-104.450000,-177.300000,159.999660,-0.001387,0.002476,-0.011838,0.002828,1000.000000
35.200000,-104.450000,-177.300000,180.000000,-0.001379,0.002456,-0.011829,0.002805,1000.000000
35.200000,-104.450000,-177.300000,200.000340,-0.001349,0.002446,-0.011794,0.002793,1000.000000
35.200000,-104.450000,-177.300000,220.000860,-0.001355,0.002465,-0.011801,0.002815,1000.000000
35.200000,-104.450000,-177.300000,240.001200,-0.001365,0.002391,-0.011813,0.002730,1000.000000
35.200000,-104.450000,-177.300000,260.001540,-0.001392,0.002414,-0.011844,0.002756,1000.000000
35.200000,-104.450000,-177.300000,279.998460,-0.001262,0.002489,-0.011695,0.002842,1000.000000
35.200000,-104.450000,-177.300000,299.998800,-0.001346,0.002431,-0.011791,0.002776,1000.000000
35.200000,-104.450000,-177.300000,319.999140,-0.001345,0.002398,-0.011790,0.002738,1000.000000
35.200000,-104.450000,-177.300000,339.999660,-0.001395,0.002463,-0.011846,0.002813,1000.000000
35.200000,-103.450000,-177.300000,0.000000,-0.001327,0.002528,-0.011769,0.002886,1000.000000
35.200000,-103.450000,-177.300000,20.000340,-0.001284,0.002435,-0.011720,0.002780,1000.000000
35.200000,-103.450000,-177.300000,40.000860,-0.001305,0.002357,-0.011745,0.002692,1000.000000
35.200000,-103.450000,-177.300000,60.001200,-0.001290,0.002546,-0.011727,0.002907,1000.000000
35.200000,-103.450000,-177.300000,80.001540,-0.001381,0.002442,-0.011830,0.002788,1000.000000
35.200000,-103.450000,-177.300000,99.998460,-0.001325,0.002468,-0.011766,0.002819,1000.000000
35.200000,-103.450000,-177.300000,119.998800,-0.001365,0.002451,-0.011813,0.002799,1000.000000
35.200000,-103.450000,-177.300000,139.999140,-0.001426,0.002424,-0.011883,0.002768,1000.000000
35.200000,-103.450000,-177.300000,159.999660,-0.001381,0.002439,-0.011830,0.002785,1000.000000
35.200000,-103.450000,-177.300000,180.000000,-0.001451,0.002471,-0.011910,0.002822,1000.000000
35.200000,-103.450000,-177.300000,200.000340,-0.001370,0.002436,-0.011819,0.002782,1000.000000
35.200000,-103.450000,-177.300000,220.000860,-0.001308,0.002439,-0.011748,0.002785,1000.000000
35.200000,-103.450000,-177.300000,240.001200,-0.001364,0.002445,-0.011812,0.002792,1000.000000
35.200000,-103.450000,-177.300000,260.001540,-0.001251,0.002501,-0.011682,0.002856,1000.000000
35.200000,-103.450000,-177.300000,279.998460,-0.001286,0.002524,-0.011723,0.002882,1000.000000
35.200000,-103.450000,-177.300000,299.998800,-0.001313,0.002452,-0.011753,0.002800,1000.000000
35.200000,-103.450000,-177.300000,319.999140,-0.001375,0.002421,-0.011825,0.002765,1000.000000
35.200000,-103.450000,-177.300000,339.999660,-0.001289,0.002361,-0.011726,0.002696,1000.000000
35.200000,-102.450000,-177.300000,0.000000,-0.001337,0.002415,-0.011781,0.002757,1000.000000
35.200000,-102.450000,-177.300000,20.000340,-0.001363,0.002406,-0.011810,0.002747,1000.000000
35.200000,-102.450000,-177.300000,40.000860,-0.001370,0.002485,-0.011819,0.002837,1000.000000
35.200000,-102.450000,-177.300000,60.001200,-0.001304,0.002417,-0.011743,0.002760,1000.000000
35.200000,-102.450000,-177.300000,80.001540,-0.001314,0.002466,-0.011755,0.002816,1000.000000
35.200000,-102.450000,-177.300000,99.998460,-0.001350,0.002421,-0.011796,0.002764,1000.000000
35.200000,-102.450000,-177.300000,119.998800,-0.001373,0.002462,-0.011822,0.002812,1000.000000
35.200000,-102.450000,-177.300000,139.999140,-0.001370,0.002443,-0.011819,0.002789,1000.000000
35.200000,-102.450000,-177.300000,159.999660,-0.001300,0.002457,-0.011739,0.002806,1000.000000
35.200000,-102.450000,-177.300000,180.000000,-0.001342,0.002462,-0.011787,0.002811,1000.000000
35.200000,-102.450000,-177.300000,200.000340,-0.001327,0.002510,-0.011769,0.002866,1000.000000
35.200000,-102.450000,-177.300000,220.000860,-0.001322,0.002494,-0.011764,0.002847,1000.000000
35.200000,-102.450000,-177.300000,240.001200,-0.001318,0.002507,-0.011759,0.002863,1000.000000
35.200000,-102.450000,-177.300000,260.001540,-0.001415,0.002455,-0.011870,0.002803,1000.000000
35.200000,-102.450000,-177.300000,279.998460,-0.001330,0.002467,-0.011772,0.002817,1000.000000
35.200000,-102.450000,-177.300000,299.998800,-0.001403,0.002479,-0.011857,0.002830,1000.000000
35.200000,-102.450000,-177.300000,319.999140,-0.001331,0.002428,-0.011774,0.002772,1000.000000
35.200000,-102.450000,-177.300000,339.999660,-0.001307,0.002489,-0.011746,0.002842,1000.000000
35.200000,-101.450000,-177.300000,0.000000,-0.001379,0.002464,-0.011829,0.002813,1000.000000
35.200000,-101.450000,-177.300000,20.000340,-0.001378,0.002537,-0.011828,0.002897,1000.000000
35.200000,-101.450000,-177.300000,40.000860,-0.001294,0.002481,-0.011732,0.002833,1000.000000
35.200000,-101.450000,-177.300000,60.001200,-0.001309,0.002541,-0.011749,0.002902,1000.000000
35.200000,-101.450000,-177.300000,80.001540,-0.001328,0.002451,-0.011771,0.002799,1000.000000
35.200000,-101.450000,-177.300000,99.998460,-0.001349,0.002426,-0.011794,0.002770,1000.000000
35.200000,-101.450000,-177.300000,119.998800,-0.001349,0.002462,-0.011794,0.002811,1000.000000
35.200000,-101.450000,-177.300000,139.999140,-0.001300,0.002398,-0.011739,0.002739,1000.000000
35.200000,-101.450000,-177.300000,159.999660,-0.001333,0.002480,-0.011777,0.002831,1000.000000
35.200000,-101.450000,-177.300000,180.000000,-0.001384,0.002454,-0.011835,0.002802,1000.000000
35.200000,-101.450000,-177.300000,200.000340,-0.001402,0.002522,-0.011855,0.002880,1000.000000
35.200000,-101.450000,-177.300000,220.000860,-0.001353,0.002424,-0.011798,0.002768,1000.000000
35.200000,-101.450000,-177.300000,240.001200,-0.001365,0.002523,-0.011813,0.002881,1000.000000
35.200000,-101.450000,-177.300000,260.001540,-0.001389,0.002360,-0.011841,0.002694,1000.000000
35.200000,-101.450000,-177.300000,279.998460,-0.001313,0.002442,-0.011753,0.002788,1000.000000
35.200000,-101.450000,-177.300000,299.998800,-0.001373,0.002387,-0.011822,0.002726,1000.000000
35.200000,-101.450000,-177.300000,319.999140,-0.001263,0.002482,-0.011697,0.002835,1000.000000
35.200000,-101.450000,-177.300000,339.999660,-0.001333,0.002502,-0.011777,0.002857,1000.000000
35.200000,-100.450000,-177.300000,0.000000,-0.001295,0.002437,-0.011733,0.002782,1000.000000
35.200000,-100.450000,-177.300000,20.000340,-0.001369,0.002475,-0.011817,0.002826,1000.000000
35.200000,-100.450000,-177.300000,40.000860,-0.001323,0.002415,-0.011765,0.002757,1000.000000
35.200000,-100.450000,-177.300000,60.001200,-0.001280,0.002470,-0.011716,0.002820,1000.000000
35.200000,-100.450000,-177.300000,80.001540,-0.001328,0.002464,-0.011771,0.002814,1000.000000
35.200000,-100.450000,-177.300000,99.998460,-0.001311,0.002500,-0.011750,0.002855,1000.000000
35.200000,-100.450000,-177.300000,119.998800,-0.001322,0.002449,-0.011764,0.002796,1000.000000
35.200000,-100.450000,-177.300000,139.999140,-0.001396,0.002413,-0.011848,0.002755,1000.000000
35.200000,-100.450000,-177.300000,159.999660,-0.001344,0.002496,-0.011788,0.002850,1000.000000
35.200000,-100.450000,-177.300000,180.000000,-0.001313,0.002406,-0.011753,0.002747,1000.000000
35.200000,-100.450000,-177.300000,200.000340,-0.001335,0.002481,-0.011778,0.002833,1000.000000
35.200000,-100.450000,-177.300000,220.000860,-0.001401,0.002489,-0.011854,0.002842,1000.000000
35.200000,-100.450000,-177.300000,240.001200,-0.001372,0.002417,-0.011820,0.002760,1000.000000
35.200000,-100.450000,-177.300000,260.001540,-0.001295,0.002457,-0.011733,0.002806,1000.000000
35.200000,-100.450000,-177.300000,279.998460,-0.001420,0.002398,-0.011876,0.002739,1000.000000
35.200000,-100.450000,-177.300000,299.998800,-0.001319,0.002498,-0.011761,0.002852,1000.000000
35.200000,-100.450000,-177.300000,319.999140,-0.001353,0.002504,-0.011798,0.002859,1000.000000
35.200000,-100.450000,-177.300000,339.999660,-0.001314,0.002519,-0.011755,0.002876,1000.000000
35.200000,-99.450000,-177.300000,0.000000,-0.001347,0.002442,-0.011793,0.002788,1000.000000
35.200000,-99.450000,-177.300000,20.000340,-0.001322,0.002484,-0.011764,0.002836,1000.000000
35.200000,-99.450000,-177.300000,40.000860,-0.001293,0.002460,-0.011730,0.002809,1000.000000
35.200000,-99.450000,-177.300000,60.001200,-0.001419,0.002495,-0.011874,0.002849,1000.000000
35.200000,-99.450000,-177.300000,80.001540,-0.001411,0.002434,-0.011865,0.002779,1000.000000
35.200000,-99.450000,-177.300000,99.998460,-0.001345,0.002449,-0.011790,0.002796,1000.000000
35.200000,-99.450000,-177.300000,119.998800,-0.001249,0.002441,-0.011681,0.002787,1000.000000
35.200000,-99.450000,-177.300000,139.999140,-0.001383,0.002533,-0.011833,0.002892,1000.000000
35.200000,-99.450000,-177.300000,159.999660,-0.001453,0.002546,-0.011913,0.002908,1000.000000
35.200000,-99.450000,-177.300000,180.000000,-0.001328,0.002526,-0.011771,0.002885,1000.000000
35.200000,-99.450000,-177.300000,200.000340,-0.001279,0.002420,-0.011714,0.002764,1000.000000
35.200000,-99.450000,-177.300000,220.000860,-0.001308,0.002477,-0.011748,0.002829,1000.000000
35.200000,-99.450000,-177.300000,240.001200,-0.001330,0.002489,-0.011772,0.002842,1000.000000
35.200000,-99.450000,-177.300000,260.001540,-0.001347,0.002432,-0.011793,0.002778,1000.000000
35.200000,-99.450000,-177.300000,279.998460,-0.001367,0.002489,-0.011814,0.002843,1000.000000
35.200000,-99.450000,-177.300000,299.998800,-0.001325,0.002506,-0.011766,0.002861,1000.000000
35.200000,-99.450000,-177.300000,319.999140,-0.001344,0.002412,-0.011788,0.002754,1000.000000
35.200000,-99.450000,-177.300000,339.999660,-0.001355,0.002456,-0.011801,0.002805,1000.000000
35.200000,-98.450000,-177.300000,0.000000,-0.001339,0.002490,-0.011782,0.002843,1000.000000
35.200000,-98.450000,-177.300000,20.000340,-0.001350,0.002508,-0.011796,0.002863,1000.000000
35.200000,-98.450000,-177.300000,40.000860,-0.001409,0.002611,-0.011862,0.002981,1000.000000
35.200000,-98.450000,-177.300000,60.001200,-0.001379,0.002438,-0.011829,0.002784,1000.000000
35.200000,-98.450000,-177.300000,80.001540,-0.001426,0.002506,-0.011883,0.002862,1000.000000
35.200000,-98.450000,-177.300000,99.998460,-0.001277,0.002477,-0.011713,0.002829,1000.000000
35.200000,-98.450000,-177.300000,119.998800,-0.001308,0.002442,-0.011748,0.002789,1000.000000
35.200000,-98.450000,-177.300000,139.999140,-0.001358,0.002486,-0.011804,0.002839,1000.000000
35.200000,-98.450000,-177.300000,159.999660,-0.001368,0.002526,-0.011816,0.002884,1000.000000
35.200000,-98.450000,-177.300000,180.000000,-0.001387,0.002478,-0.011838,0.002830,1000.000000
35.200000,-98.450000,-177.300000,200.000340,-0.001365,0.002521,-0.011813,0.002878,1000.000000
35.200000,-98.450000,-177.300000,220.000860,-0.001347,0.002475,-0.011793,0.002827,1000.000000
35.200000,-98.450000,-177.300000,240.001200,-0.001303,0.002491,-0.011742,0.002844,1000.000000
35.200000,-98.450000,-177.300000,260.001540,-0.001322,0.002443,-0.011764,0.002790,1000.000000
35.200000,-98.450000,-177.300000,279.998460,-0.001347,0.002483,-0.011793,0.002836,1000.000000
35.200000,-98.450000,-177.300000,299.998800,-0.001363,0.002409,-0.011810,0.002751,1000.000000
35.200000,-98.450000,-177.300000,319.999140,-0.001333,0.002533,-0.011777,0.002892,1000.000000
35.200000,-98.450000,-177.300000,339.999660,-0.001322,0.002483,-0.011764,0.002835,1000.000000
35.200000,-97.450000,-177.300000,0.000000,-0.001349,0.002495,-0.011794,0.002849,1000.000000
35.200000,-97.450000,-177.300000,20.000340,-0.001346,0.002433,-0.011791,0.002779,1000.000000
35.200000,-97.450000,-177.300000,40.000860,-0.001360,0.002473,-0.011807,0.002824,1000.000000
35.200000,-97.450000,-177.300000,60.001200,-0.001319,0.002537,-0.011761,0.002897,1000.000000
35.200000,-97.450000,-177.300000,80.001540,-0.001248,0.002522,-0.011679,0.002880,1000.000000
35.200000,-97.450000,-177.300000,99.998460,-0.001378,0.002382,-0.011828,0.002719,1000.000000
35.200000,-97.450000,-177.300000,119.998800,-0.001377,0.002450,-0.011826,0.002797,1000.000000
35.200000,-97.450000,-177.300000,139.999140,-0.001360,0.002376,-0.011807,0.002713,1000.000000
35.200000,-97.450000,-177.300000,159.999660,-0.001307,0.002525,-0.011746,0.002883,1000.000000
35.200000,-97.450000,-177.300000,180.000000,-0.001286,0.002434,-0.011723,0.002779,1000.000000
35.200000,-97.450000,-177.300000,200.000340,-0.001335,0.002499,-0.011778,0.002853,1000.000000
35.200000,-97.450000,-177.300000,220.000860,-0.001386,0.002441,-0.011836,0.002787,1000.000000
35.200000,-97.450000,-177.300000,240.001200,-0.001297,0.002437,-0.011734,0.002783,1000.000000
35.200000,-97.450000,-177.300000,260.001540,-0.001319,0.002412,-0.011761,0.002754,1000.000000
35.200000,-97.450000,-177.300000,279.998460,-0.001335,0.002464,-0.011778,0.002814,1000.000000
35.200000,-97.450000,-177.300000,299.998800,-0.001384,0.002456,-0.011835,0.002805,1000.000000
35.200000,-97.450000,-177.300000,319.999140,-0.001374,0.002465,-0.011823,0.002815,1000.000000
35.200000,-97.450000,-177.300000,339.999660,-0.001337,0.002478,-0.011781,0.002830,1000.000000
35.200000,-96.450000,-177.300000,0.000000,-0.001345,0.002426,-0.011790,0.002770,1000.000000
35.200000,-96.450000,-177.300000,20.000340,-0.001407,0.002442,-0.011861,0.002789,1000.000000
35.200000,-96.450000,-177.300000,40.000860,-0.001340,0.002475,-0.011784,0.002826,1000.000000
35.200000,-96.450000,-177.300000,60.001200,-0.001405,0.002394,-0.011858,0.002734,1000.000000
35.200000,-96.450000,-177.300000,80.001540,-0.001342,0.002523,-0.011787,0.002881,1000.000000
35.200000,-96.450000,-177.300000,99.998460,-0.001302,0.002473,-0.011740,0.002824,1000.000000
35.200000,-96.450000,-177.300000,119.998800,-0.001332,0.002523,-0.011775,0.002880,1000.000000
35.200000,-96.450000,-177.300000,139.999140,-0.001312,0.002463,-0.011752,0.002812,1000.000000
35.200000,-96.450000,-177.300000,159.999660,-0.001374,0.002488,-0.011823,0.002841,1000.000000
35.200000,-96.450000,-177.300000,180.000000,-0.001318,0.002451,-0.011759,0.002799,1000.000000
35.200000,-96.450000,-177.300000,200.000340,-0.001392,0.002477,-0.011844,0.002829,1000.000000
35.200000,-96.450000,-177.300000,220.000860,-0.001433,0.002490,-0.011890,0.002843,1000.000000
35.200000,-96.450000,-177.300000,240.001200,-0.001344,0.002506,-0.011788,0.002862,1000.000000
35.200000,-96.450000,-177.300000,260.001540,-0.001359,0.002437,-0.011806,0.002782,1000.000000
35.200000,-96.450000,-177.300000,279.998460,-0.001387,0.002467,-0.011838,0.002817,1000.000000
35.200000,-96.450000,-177.300000,299.998800,-0.001332,0.002500,-0.011775,0.002855,1000.000000
35.200000,-96.450000,-177.300000,319.999140,-0.001337,0.002461,-0.011781,0.002810,1000.000000
35.200000,-96.450000,-177.300000,339.999660,-0.001374,0.002399,-0.011823,0.002740,1000.000000
35.200000,-95.450000,-177.300000,0.000000,-0.001342,0.002390,-0.011787,0.002729,1000.000000
35.200000,-95.450000,-177.300000,20.000340,-0.001318,0.002493,-0.011759,0.002847,1000.000000
35.200000,-95.450000,-177.300000,40.000860,-0.001337,0.002499,-0.011781,0.002853,1000.000000
35.200000,-95.450000,-177.300000,60.001200,-0.001344,0.002454,-0.011788,0.002802,1000.000000
35.200000,-95.450000,-177.300000,80.001540,-0.001303,0.002482,-0.011742,0.002834,1000.000000
35.200000,-95.450000,-177.300000,99.998460,-0.001405,0.002440,-0.011858,0.002786,1000.000000
35.200000,-95.450000,-177.300000,119.998800,-0.001396,0.002547,-0.011848,0.002909,1000.000000
35.200000,-95.450000,-177.300000,139.999140,-0.001318,0.002448,-0.011759,0.002795,1000.000000
35.200000,-95.450000,-177.300000,159.999660,-0.001309,0.002469,-0.011749,0.002819,1000.000000
35.200000,-95.450000,-177.300000,180.000000,-0.001311,0.002425,-0.011750,0.002769,1000.000000
35.200000,-95.450000,-177.300000,200.000340,-0.001373,0.002518,-0.011822,0.002875,1000.000000
35.200000,-95.450000,-177.300000,220.000860,-0.001369,0.002494,-0.011817,0.002848,1000.000000
35.200000,-95.450000,-177.300000,240.001200,-0.001419,0.002409,-0.011874,0.002751,1000.000000
35.200000,-95.450000,-177.300000,260.001540,-0.001330,0.002531,-0.011772,0.002890,1000.000000
35.200000,-95.450000,-177.300000,279.998460,-0.001402,0.002434,-0.011855,0.002779,1000.000000
35.200000,-95.450000,-177.300000,299.998800,-0.001285,0.002569,-0.011721,0.002934,1000.000000
35.200000,-95.450000,-177.300000,319.999140,-0.001350,0.002494,-0.011796,0.002848,1000.000000
35.200000,-95.450000,-177.300000,339.999660,-0.001388,0.002490,-0.011839,0.002844,1000.000000
35.200000,-94.450000,-177.300000,0.000000,-0.001284,0.002478,-0.011720,0.002830,1000.000000
35.200000,-94.450000,-177.300000,20.000340,-0.001359,0.002485,-0.011806,0.002838,1000.000000
35.200000,-94.450000,-177.300000,40.000860,-0.001386,0.002455,-0.011836,0.002804,1000.000000
35.200000,-94.450000,-177.300000,60.001200,-0.001397,0.002508,-0.011849,0.002864,1000.000000
35.200000,-94.450000,-177.300000,80.001540,-0.001339,0.002488,-0.011782,0.002841,1000.000000
35.200000,-94.450000,-177.300000,99.998460,-0.001312,0.002498,-0.011752,0.002853,1000.000000
35.200000,-94.450000,-177.300000,119.998800,-0.001364,0.002410,-0.011812,0.002752,1000.000000
35.200000,-94.450000,-177.300000,139.999140,-0.001305,0.002480,-0.011745,0.002832,1000.000000
35.200000,-94.450000,-177.300000,159.999660,-0.001312,0.002448,-0.011752,0.002795,1000.000000
35.200000,-94.450000,-177.300000,180.000000,-0.001339,0.002480,-0.011782,0.002832,1000.000000
35.200000,-94.450000,-177.300000,200.000340,-0.001402,0.002439,-0.011855,0.002785,1000.000000
35.200000,-94.450000,-177.300000,220.000860,-0.001379,0.002435,-0.011829,0.002781,1000.000000
35.200000,-94.450000,-177.300000,240.001200,-0.001358,0.002471,-0.011804,0.002821,1000.000000
35.200000,-94.450000,-177.300000,260.001540,-0.001314,0.002425,-0.011755,0.002769,1000.000000
35.200000,-94.450000,-177.300000,279.998460,-0.001344,0.002539,-0.011788,0.002899,1000.000000
35.200000,-94.450000,-177.300000,299.998800,-0.001406,0.002447,-0.011860,0.002794,1000.000000
35.200000,-94.450000,-177.300000,319.999140,-0.001347,0.002500,-0.011793,0.002855,1000.000000
35.200000,-94.450000,-177.300000,339.999660,-0.001403,0.002446,-0.011857,0.002793,1000.000000
