35.200000,-94.450000,-177.300000,0.000000,-0.001319,0.002442,-0.011761,0.002788,1000.000000
35.200000,-94.450000,-177.300000,0.000000,-0.001378,0.002478,-0.011828,0.002830,1000.000000
35.200000,-94.450000,-177.300000,0.000000,-0.001308,0.002530,-0.011748,0.002889,1000.000000
35.200000,-94.450000,-177.300000,0.000000,-0.001277,0.002536,-0.011713,0.002895,1000.000000
35.200000,-94.450000,-177.300000,0.000000,-0.001290,0.002512,-0.011727,0.002869,1000.000000
35.200000,-94.450000,-177.300000,0.000000,-0.001265,0.002487,-0.011698,0.002840,1000.000000
35.200000,-94.450000,-177.300000,0.000000,-0.001300,0.002466,-0.011739,0.002816,1000.000000
35.200000,-94.450000,-177.300000,0.000000,-0.001299,0.002449,-0.011737,0.002797,1000.000000
35.200000,-94.450000,-177.300000,0.000000,-0.001270,0.002525,-0.011704,0.002883,1000.000000
35.200000,-94.450000,-177.300000,0.000000,-0.001326,0.002536,-0.011768,0.002896,1000.000000
35.200000,-94.450000,-177.300000,0.000000,-0.001392,0.002467,-0.011844,0.002817,1000.000000
35.200000,-94.450000,-177.300000,0.000000,-0.001308,0.002436,-0.011748,0.002781,1000.000000
35.200000,-94.450000,-177.300000,0.000000,-0.001309,0.002476,-0.011749,0.002828,1000.000000
35.200000,-94.450000,-177.300000,0.000000,-0.001281,0.002441,-0.011717,0.002787,1000.000000
35.200000,-94.450000,-177.300000,0.000000,-0.001305,0.002522,-0.011745,0.002880,1000.000000
35.200000,-94.450000,-177.300000,0.000000,-0.001312,0.002430,-0.011752,0.002775,1000.000000
35.200000,-94.450000,-177.300000,0.000000,-0.001290,0.002379,-0.011727,0.002716,1000.000000
35.200000,-94.450000,-177.300000,0.000000,-0.001282,0.002456,-0.011718,0.002805,1000.000000
35.200000,-94.450000,-177.300000,0.000000,-0.001305,0.002416,-0.011745,0.002759,1000.000000
35.200000,-94.450000,-177.300000,0.000000,-0.001299,0.002436,-0.011737,0.002782,1000.000000
35.200000,-94.450000,-177.300000,0.000000,-0.001272,0.002462,-0.011707,0.002811,1000.000000
35.200000,-94.450000,-177.300000,0.000000,-0.001290,0.002458,-0.011727,0.002807,1000.000000
35.200000,-94.450000,-177.300000,0.000000,-0.001370,0.002503,-0.011819,0.002858,1000.000000
35.200000,-94.450000,-177.300000,0.000000,-0.001279,0.002493,-0.011714,0.002847,1000.000000
35.200000,-94.450000,-177.300000,0.000000,-0.001317,0.002494,-0.011758,0.002848,1000.000000
35.200000,-94.450000,-177.300000,0.000000,-0.001286,0.002477,-0.011723,0.002828,1000.000000
35.200000,-94.450000,-177.300000,0.000000,-0.001265,0.002477,-0.011698,0.002828,1000.000000
35.200000,-94.450000,-177.300000,0.000000,-0.001312,0.002443,-0.011752,0.002790,1000.000000
35.200000,-94.450000,-177.300000,0.000000,-0.001318,0.002415,-0.011759,0.002757,1000.000000
35.200000,-94.450000,-177.300000,0.000000,-0.001311,0.002472,-0.011750,0.002822,1000.000000
35.200000,-94.450000,-177.300000,0.000000,-0.001337,0.002452,-0.011781,0.002800,1000.000000
35.200000,-94.450000,-177.300000,0.000000,-0.001284,0.002443,-0.011720,0.002789,1000.000000
35.200000,-94.450000,-177.300000,0.000000,-0.001289,0.002426,-0.011726,0.002770,1000.000000
35.200000,-94.450000,-177.300000,0.000000,-0.001322,0.002512,-0.011764,0.002869,1000.000000
35.200000,-94.450000,-177.300000,0.000000,-0.001327,0.002593,-0.011769,0.002961,1000.000000
35.200000,-94.450000,-177.300000,0.000000,-0.001303,0.002523,-0.011742,0.002881,1000.000000
35.200000,-94.450000,-177.300000,0.000000,-0.001226,0.002566,-0.011654,0.002930,1000.000000
35.200000,-94.450000,-177.300000,0.000000,-0.001336,0.002555,-0.011780,0.002917,1000.000000
35.200000,-94.450000,-177.300000,0.000000,-0.001263,0.002491,-0.011697,0.002844,1000.000000
35.200000,-94.450000,-177.300000,0.000000,-0.001234,0.002456,-0.011663,0.002805,1000.000000
35.200000,-94.450000,-177.300000,0.000000,-0.001409,0.002431,-0.011862,0.002776,1000.000000
35.200000,-94.450000,-177.300000,0.000000,-0.001279,0.002468,-0.011714,0.002818,1000.000000
35.200000,-94.450000,-177.300000,0.000000,-0.001332,0.002521,-0.011775,0.002879,1000.000000
35.200000,-94.450000,-177.300000,0.000000,-0.001303,0.002418,-0.011742,0.002761,1000.000000
35.200000,-94.450000,-177.300000,0.000000,-0.001282,0.002416,-0.011718,0.002758,1000.000000
35.200000,-94.450000,-177.300000,0.000000,-0.001284,0.002462,-0.011720,0.002811,1000.000000
35.200000,-94.450000,-177.300000,0.000000,-0.001312,0.002453,-0.011752,0.002801,1000.000000
35.200000,-94.450000,-177.300000,0.000000,-0.001295,0.002535,-0.011733,0.002895,1000.000000
35.200000,-94.450000,-177.300000,0.000000,-0.001354,0.002488,-0.011800,0.002841,1000.000000
35.200000,-94.450000,-177.300000,0.000000,-0.001304,0.002495,-0.011743,0.002849,1000.000000
35.200000,-94.450000,-177.300000,0.000000,-0.001293,0.002484,-0.011730,0.002836,1000.000000
35.200000,-94.450000,-177.300000,0.000000,-0.001335,0.002440,-0.011778,0.002786,1000.000000
35.200000,-94.450000,-177.300000,0.000000,-0.001284,0.002425,-0.011720,0.002770,1000.000000
35.200000,-94.450000,-177.300000,0.000000,-0.001284,0.002430,-0.011720,0.002775,1000.000000
35.200000,-94.450000,-177.300000,0.000000,-0.001272,0.002472,-0.011707,0.002823,1000.000000
35.200000,-94.450000,-177.300000,0.000000,-0.001327,0.002480,-0.011769,0.002832,1000.000000
35.200000,-94.450000,-177.300000,0.000000,-0.001254,0.002485,-0.011686,0.002837,1000.000000
35.200000,-94.450000,-177.300000,0.000000,-0.001328,0.002542,-0.011771,0.002902,1000.000000
35.200000,-94.450000,-177.300000,0.000000,-0.001350,0.002474,-0.011796,0.002825,1000.000000
35.200000,-94.450000,-177.300000,0.000000,-0.001303,0.002453,-0.011742,0.002801,1000.000000
35.200000,-94.450000,-177.300000,0.000000,-0.001332,0.002481,-0.011775,0.002833,1000.000000
35.200000,-94.450000,-177.300000,0.000000,-0.001262,0.002413,-0.011695,0.002755,1000.000000
35.200000,-94.450000,-177.300000,0.000000,-0.001316,0.002500,-0.011756,0.002854,1000.000000
35.200000,-94.450000,-177.300000,0.000000,-0.001282,0.002473,-0.011718,0.002824,1000.000000
35.200000,-94.450000,-177.300000,0.000000,-0.001239,0.002527,-0.011669,0.002885,1000.000000
35.200000,-94.450000,-177.300000,0.000000,-0.001423,0.002434,-0.011878,0.002780,1000.000000
35.200000,-94.450000,-177.300000,0.000000,-0.001386,0.002433,-0.011836,0.002778,1000.000000
35.200000,-94.450000,-177.300000,0.000000,-0.001275,0.002491,-0.011710,0.002845,1000.000000
35.200000,-94.450000,-177.300000,0.000000,-0.001276,0.002386,-0.011711,0.002725,1000.000000
35.200000,-94.450000,-177.300000,0.000000,-0.001291,0.002449,-0.011729,0.002797,1000.000000
35.200000,-94.450000,-177.300000,0.000000,-0.001347,0.002497,-0.011793,0.002851,1000.000000
35.200000,-94.450000,-177.300000,0.000000,-0.001317,0.002488,-0.011758,0.002842,1000.000000
35.200000,-94.450000,-177.300000,0.000000,-0.001432,0.002509,-0.011889,0.002865,1000.000000
35.200000,-94.450000,-177.300000,0.000000,-0.001265,0.002519,-0.011698,0.002876,1000.000000
35.200000,-94.450000,-177.300000,0.000000,-0.001496,0.002456,-0.011963,0.002804,1000.000000
35.200000,-94.450000,-177.300000,0.000000,-0.001260,0.002512,-0.011692,0.002868,1000.000000
35.200000,-94.450000,-177.300000,0.000000,-0.001235,0.002414,-0.011665,0.002756,1000.000000
35.200000,-94.450000,-177.300000,0.000000,-0.001276,0.002511,-0.011711,0.002868,1000.000000
35.200000,-94.450000,-177.300000,0.000000,-0.001302,0.002492,-0.011740,0.002845,1000.000000
35.200000,-94.450000,-177.300000,0.000000,-0.001407,0.002442,-0.011861,0.002788,1000.000000
35.200000,-94.450000,-177.300000,0.000000,-0.001235,0.002464,-0.011665,0.002813,1000.000000
35.200000,-94.450000,-177.300000,0.000000,-0.001424,0.002394,-0.011880,0.002734,1000.000000
35.200000,-94.450000,-177.300000,0.000000,-0.001365,0.002467,-0.011813,0.002817,1000.000000
35.200000,-94.450000,-177.300000,0.000000,-0.001218,0.002454,-0.011644,0.002802,1000.000000
35.200000,-94.450000,-177.300000,0.000000,-0.001289,0.002477,-0.011726,0.002828,1000.000000
35.200000,-94.450000,-177.300000,0.000000,-0.001375,0.002483,-0.011825,0.002835,1000.000000
35.200000,-94.450000,-177.300000,0.000000,-0.001321,0.002460,-0.011762,0.002809,1000.000000
35.200000,-94.450000,-177.300000,0.000000,-0.001363,0.002498,-0.011810,0.002852,1000.000000
35.200000,-94.450000,-177.300000,0.000000,-0.001274,0.002435,-0.011708,0.002780,1000.000000
35.200000,-94.450000,-177.300000,0.000000,-0.001340,0.002484,-0.011784,0.002837,1000.000000
35.200000,-94.450000,-177.300000,0.000000,-0.001267,0.002468,-0.011701,0.002818,1000.000000
35.200000,-94.450000,-177.300000,0.000000,-0.001331,0.002468,-0.011774,0.002818,1000.000000
35.200000,-94.450000,-177.300000,0.000000,-0.001341,0.002435,-0.011785,0.002780,1000.000000
35.200000,-94.450000,-177.300000,0.000000,-0.001267,0.002459,-0.011701,0.002808,1000.000000
35.200000,-94.450000,-177.300000,0.000000,-0.001308,0.002450,-0.011748,0.002797,1000.000000
35.200000,-94.450000,-177.300000,0.000000,-0.001304,0.002521,-0.011743,0.002878,1000.000000
35.200000,-94.450000,-177.300000,0.000000,-0.001361,0.002449,-0.011809,0.002796,1000.000000
35.200000,-94.450000,-177.300000,0.000000,-0.001327,0.002483,-0.011769,0.002835,1000.000000
35.200000,-94.450000,-177.300000,0.000000,-0.001387,0.002475,-0.011838,0.002826,1000.000000
35.200000,-94.450000,-177.300000,0.000000,-0.001328,0.002481,-0.011771,0.002833,1000.000000
35.200000,-94.450000,-177.300000,0.000000,-0.001238,0.002488,-0.011668,0.002842,1000.000000
