35.200000,-80.450000,-177.700000,0.000000,-0.001179,0.002445,-0.011601,0.002792,1000.000000
35.200000,-80.450000,-177.700000,20.000340,-0.001159,0.002406,-0.011577,0.002748,1000.000000
35.200000,-80.450000,-177.700000,40.000860,-0.001127,0.002443,-0.011541,0.002789,1000.000000
35.200000,-80.450000,-177.700000,60.001200,-0.001094,0.002487,-0.011503,0.002840,1000.000000
35.200000,-80.450000,-177.700000,80.001540,-0.001139,0.002490,-0.011554,0.002843,1000.000000
35.200000,-80.450000,-177.700000,99.998460,-0.001168,0.002470,-0.011588,0.002820,1000.000000
35.200000,-80.450000,-177.700000,119.998800,-0.001158,0.002464,-0.011576,0.002814,1000.000000
35.200000,-80.450000,-177.700000,139.999140,-0.001195,0.002416,-0.011618,0.002759,1000.000000
35.200000,-80.450000,-177.700000,159.999660,-0.001192,0.002422,-0.011615,0.002766,1000.000000
35.200000,-80.450000,-177.700000,180.000000,-0.001210,0.002383,-0.011636,0.002722,1000.000000
35.200000,-80.450000,-177.700000,200.000340,-0.001174,0.002354,-0.011595,0.002688,1000.000000
35.200000,-80.450000,-177.700000,220.000860,-0.001131,0.002379,-0.011545,0.002717,1000.000000
35.200000,-80.450000,-177.700000,240.001200,-0.001132,0.002410,-0.011547,0.002752,1000.000000
35.200000,-80.450000,-177.700000,260.001540,-0.001212,0.002458,-0.011638,0.002806,1000.000000
35.200000,-80.450000,-177.700000,279.998460,-0.001159,0.002378,-0.011577,0.002715,1000.000000
35.200000,-80.450000,-177.700000,299.998800,-0.001151,0.002368,-0.011569,0.002704,1000.000000
35.200000,-80.450000,-177.700000,319.999140,-0.001081,0.002438,-0.011489,0.002784,1000.000000
35.200000,-80.450000,-177.700000,339.999660,-0.001133,0.002412,-0.011548,0.002755,1000.000000
35.200000,-81.450000,-177.700000,0.000000,-0.001105,0.002403,-0.011516,0.002743,1000.000000
35.200000,-81.450000,-177.700000,20.000340,-0.001164,0.002446,-0.011583,0.002793,1000.000000
35.200000,-81.450000,-177.700000,40.000860,-0.001169,0.002424,-0.011589,0.002768,1000.000000
35.200000,-81.450000,-177.700000,60.001200,-0.001151,0.002470,-0.011569,0.002820,1000.000000
35.200000,-81.450000,-177.700000,80.001540,-0.001140,0.002390,-0.011556,0.002729,1000.000000
35.200000,-81.450000,-177.700000,99.998460,-0.001190,0.002404,-0.011612,0.002746,1000.000000
35.200000,-81.450000,-177.700000,119.998800,-0.001169,0.002448,-0.011589,0.002795,1000.000000
35.200000,-81.450000,-177.700000,139.999140,-0.001182,0.002477,-0.011604,0.002828,1000.000000
35.200000,-81.450000,-177.700000,159.999660,-0.001164,0.002425,-0.011583,0.002769,1000.000000
35.200000,-81.450000,-177.700000,180.000000,-0.001209,0.002406,-0.011634,0.002747,1000.000000
35.200000,-81.450000,-177.700000,200.000340,-0.001198,0.002430,-0.011622,0.002775,1000.000000
35.200000,-81.450000,-177.700000,220.000860,-0.001100,0.002448,-0.011510,0.002795,1000.000000
35.200000,-81.450000,-177.700000,240.001200,-0.001074,0.002365,-0.011480,0.002701,1000.000000
35.200000,-81.450000,-177.700000,260.001540,-0.001174,0.002431,-0.011595,0.002776,1000.000000
35.200000,-81.450000,-177.700000,279.998460,-0.001183,0.002436,-0.011605,0.002781,1000.000000
35.200000,-81.450000,-177.700000,299.998800,-0.001098,0.002426,-0.011508,0.002770,1000.000000
35.200000,-81.450000,-177.700000,319.999140,-0.001158,0.002419,-0.011576,0.002762,1000.000000
35.200000,-81.450000,-177.700000,339.999660,-0.001069,0.002435,-0.011474,0.002781,1000.000000
35.200000,-82.450000,-177.700000,0.000000,-0.001212,0.002483,-0.011638,0.002835,1000.000000
35.200000,-82.450000,-177.700000,20.000340,-0.001132,0.002402,-0.011547,0.002743,1000.000000
35.200000,-82.450000,-177.700000,40.000860,-0.001146,0.002465,-0.011563,0.002815,1000.000000
35.200000,-82.450000,-177.700000,60.001200,-0.001177,0.002483,-0.011598,0.002836,1000.000000
35.200000,-82.450000,-177.700000,80.001540,-0.001165,0.002325,-0.011585,0.002655,1000.000000
35.200000,-82.450000,-177.700000,99.998460,-0.001170,0.002484,-0.011590,0.002836,1000.000000
35.200000,-82.450000,-177.700000,119.998800,-0.001145,0.002422,-0.011561,0.002766,1000.000000
35.200000,-82.450000,-177.700000,139.999140,-0.001122,0.002508,-0.011535,0.002864,1000.000000
35.200000,-82.450000,-177.700000,159.999660,-0.001114,0.002520,-0.011526,0.002877,1000.000000
35.200000,-82.450000,-177.700000,180.000000,-0.001153,0.002381,-0.011570,0.002719,1000.000000
35.200000,-82.450000,-177.700000,200.000340,-0.001184,0.002500,-0.011606,0.002855,1000.000000
35.200000,-82.450000,-177.700000,220.000860,-0.001163,0.002548,-0.011582,0.002910,1000.000000
35.200000,-82.450000,-177.700000,240.001200,-0.001135,0.002409,-0.011550,0.002751,1000.000000
35.200000,-82.450000,-177.700000,260.001540,-0.001133,0.002350,-0.011548,0.002683,1000.000000
35.200000,-82.450000,-177.700000,279.998460,-0.001153,0.002330,-0.011570,0.002661,1000.000000
35.200000,-82.450000,-177.700000,299.998800,-0.001183,0.002474,-0.011605,0.002825,1000.000000
35.200000,-82.450000,-177.700000,319.999140,-0.001156,0.002512,-0.011574,0.002868,1000.000000
35.200000,-82.450000,-177.700000,339.999660,-0.001172,0.002414,-0.011592,0.002757,1000.000000
35.200000,-83.450000,-177.700000,0.000000,-0.001156,0.002398,-0.011574,0.002739,1000.000000
35.200000,-83.450000,-177.700000,20.000340,-0.001177,0.002363,-0.011598,0.002699,1000.000000
35.200000,-83.450000,-177.700000,40.000860,-0.001144,0.002450,-0.011560,0.002797,1000.000000
35.200000,-83.450000,-177.700000,60.001200,-0.001170,0.002463,-0.011590,0.002812,1000.000000
35.200000,-83.450000,-177.700000,80.001540,-0.001181,0.002427,-0.011602,0.002771,1000.000000
35.200000,-83.450000,-177.700000,99.998460,-0.001150,0.002529,-0.011567,0.002888,1000.000000
35.200000,-83.450000,-177.700000,119.998800,-0.001160,0.002420,-0.011579,0.002763,1000.000000
35.200000,-83.450000,-177.700000,139.999140,-0.001151,0.002397,-0.011569,0.002737,1000.000000
35.200000,-83.450000,-177.700000,159.999660,-0.001164,0.002470,-0.011583,0.002820,1000.000000
35.200000,-83.450000,-177.700000,180.000000,-0.001174,0.002517,-0.011595,0.002874,1000.000000
35.200000,-83.450000,-177.700000,200.000340,-0.001175,0.002371,-0.011596,0.002707,1000.000000
35.200000,-83.450000,-177.700000,220.000860,-0.001192,0.002392,-0.011615,0.002731,1000.000000
35.200000,-83.450000,-177.700000,240.001200,-0.001172,0.002337,-0.011592,0.002668,1000.000000
35.200000,-83.450000,-177.700000,260.001540,-0.001201,0.002332,-0.011625,0.002663,1000.000000
35.200000,-83.450000,-177.700000,279.998460,-0.001098,0.002462,-0.011508,0.002812,1000.000000
35.200000,-83.450000,-177.700000,299.998800,-0.001144,0.002464,-0.011560,0.002814,1000.000000
35.200000,-83.450000,-177.700000,319.999140,-0.001197,0.002503,-0.011621,0.002858,1000.000000
35.200000,-83.450000,-177.700000,339.999660,-0.001144,0.002428,-0.011560,0.002773,1000.000000
35.200000,-84.450000,-177.700000,0.000000,-0.001151,0.002460,-0.011569,0.002809,1000.000000
35.200000,-84.450000,-177.700000,20.000340,-0.001108,0.002418,-0.011519,0.002761,1000.000000
35.200000,-84.450000,-177.700000,40.000860,-0.001142,0.002543,-0.011558,0.002904,1000.000000
35.200000,-84.450000,-177.700000,60.001200,-0.001154,0.002518,-0.011572,0.002875,1000.000000
35.200000,-84.450000,-177.700000,80.001540,-0.001165,0.002426,-0.011585,0.002770,1000.000000
35.200000,-84.450000,-177.700000,99.998460,-0.001116,0.002404,-0.011528,0.002745,1000.000000
35.200000,-84.450000,-177.700000,119.998800,-0.001190,0.002386,-0.011612,0.002725,1000.000000
35.200000,-84.450000,-177.700000,139.999140,-0.001132,0.002510,-0.011547,0.002866,1000.000000
35.200000,-84.450000,-177.700000,159.999660,-0.001175,0.002444,-0.011596,0.002791,1000.000000
35.200000,-84.450000,-177.700000,180.000000,-0.001147,0.002388,-0.011564,0.002727,1000.000000
35.200000,-84.450000,-177.700000,200.000340,-0.001184,0.002486,-0.011606,0.002839,1000.000000
35.200000,-84.450000,-177.700000,220.000860,-0.001145,0.002428,-0.011561,0.002773,1000.000000
35.200000,-84.450000,-177.700000,240.001200,-0.001146,0.002472,-0.011563,0.002823,1000.000000
35.200000,-84.450000,-177.700000,260.001540,-0.001154,0.002606,-0.011572,0.002975,1000.000000
35.200000,-84.450000,-177.700000,279.998460,-0.001187,0.002504,-0.011609,0.002859,1000.000000
35.200000,-84.450000,-177.700000,299.998800,-0.001083,0.002321,-0.011490,0.002651,1000.000000
35.200000,-84.450000,-177.700000,319.999140,-0.001188,0.002333,-0.011611,0.002664,1000.000000
35.200000,-84.450000,-177.700000,339.999660,-0.001121,0.002421,-0.011534,0.002765,1000.000000
35.200000,-85.450000,-177.700000,0.000000,-0.001173,0.002395,-0.011593,0.002735,1000.000000
35.200000,-85.450000,-177.700000,20.000340,-0.001207,0.002505,-0.011633,0.002860,1000.000000
35.200000,-85.450000,-177.700000,40.000860,-0.001159,0.002463,-0.011577,0.002813,1000.000000
35.200000,-85.450000,-177.700000,60.001200,-0.001153,0.002308,-0.011570,0.002636,1000.000000
35.200000,-85.450000,-177.700000,80.001540,-0.001127,0.002392,-0.011541,0.002732,1000.000000
35.200000,-85.450000,-177.700000,99.998460,-0.001132,0.002436,-0.011547,0.002782,1000.000000
35.200000,-85.450000,-177.700000,119.998800,-0.001154,0.002477,-0.011572,0.002829,1000.000000
35.200000,-85.450000,-177.700000,139.999140,-0.001165,0.002420,-0.011585,0.002763,1000.000000
35.200000,-85.450000,-177.700000,159.999660,-0.001196,0.002396,-0.011620,0.002736,1000.000000
35.200000,-85.450000,-177.700000,180.000000,-0.001165,0.002398,-0.011585,0.002739,1000.000000
35.200000,-85.450000,-177.700000,200.000340,-0.001149,0.002446,-0.011566,0.002793,1000.000000
35.200000,-85.450000,-177.700000,220.000860,-0.001192,0.002417,-0.011615,0.002760,1000.000000
35.200000,-85.450000,-177.700000,240.001200,-0.001183,0.002394,-0.011605,0.002734,1000.000000
35.200000,-85.450000,-177.700000,260.001540,-0.001146,0.002460,-0.011563,0.002809,1000.000000
35.200000,-85.450000,-177.700000,279.998460,-0.001214,0.002473,-0.011640,0.002824,1000.000000
35.200000,-85.450000,-177.700000,299.998800,-0.001156,0.002439,-0.011574,0.002786,1000.000000
35.200000,-85.450000,-177.700000,319.999140,-0.001142,0.002403,-0.011558,0.002744,1000.000000
35.200000,-85.450000,-177.700000,339.999660,-0.001201,0.002433,-0.011625,0.002778,1000.000000
35.200000,-86.450000,-177.700000,0.000000,-0.001226,0.002463,-0.011654,0.002813,1000.000000
35.200000,-86.450000,-177.700000,20.000340,-0.001205,0.002490,-0.011630,0.002843,1000.000000
35.200000,-86.450000,-177.700000,40.000860,-0.001142,0.002460,-0.011558,0.002809,1000.000000
35.200000,-86.450000,-177.700000,60.001200,-0.001125,0.002436,-0.011538,0.002782,1000.000000
35.200000,-86.450000,-177.700000,80.001540,-0.001197,0.002496,-0.011621,0.002850,1000.000000
35.200000,-86.450000,-177.700000,99.998460,-0.001147,0.002472,-0.011564,0.002823,1000.000000
35.200000,-86.450000,-177.700000,119.998800,-0.001136,0.002424,-0.011551,0.002768,1000.000000
35.200000,-86.450000,-177.700000,139.999140,-0.001136,0.002440,-0.011551,0.002786,1000.000000
35.200000,-86.450000,-177.700000,159.999660,-0.001131,0.002496,-0.011545,0.002850,1000.000000
35.200000,-86.450000,-177.700000,180.000000,-0.001139,0.002502,-0.011554,0.002857,1000.000000
35.200000,-86.450000,-177.700000,200.000340,-0.001153,0.002445,-0.011570,0.002792,1000.000000
35.200000,-86.450000,-177.700000,220.000860,-0.001123,0.002396,-0.011537,0.002736,1000.000000
35.200000,-86.450000,-177.700000,240.001200,-0.001147,0.002521,-0.011564,0.002879,1000.000000
35.200000,-86.450000,-177.700000,260.001540,-0.001163,0.002470,-0.011582,0.002820,1000.000000
35.200000,-86.450000,-177.700000,279.998460,-0.001201,0.002500,-0.011625,0.002855,1000.000000
35.200000,-86.450000,-177.700000,299.998800,-0.001163,0.002447,-0.011582,0.002794,1000.000000
35.200000,-86.450000,-177.700000,319.999140,-0.001151,0.002391,-0.011569,0.002731,1000.000000
35.200000,-86.450000,-177.700000,339.999660,-0.001102,0.002440,-0.011512,0.002786,1000.000000
35.200000,-87.450000,-177.700000,0.000000,-0.001188,0.002480,-0.011611,0.002832,1000.000000
35.200000,-87.450000,-177.700000,20.000340,-0.001193,0.002406,-0.011617,0.002747,1000.000000
35.200000,-87.450000,-177.700000,40.000860,-0.001170,0.002436,-0.011590,0.002782,1000.000000
35.200000,-87.450000,-177.700000,60.001200,-0.001168,0.002465,-0.011588,0.002815,1000.000000
35.200000,-87.450000,-177.700000,80.001540,-0.001151,0.002479,-0.011569,0.002830,1000.000000
35.200000,-87.450000,-177.700000,99.998460,-0.001161,0.002500,-0.011580,0.002855,1000.000000
35.200000,-87.450000,-177.700000,119.998800,-0.001150,0.002446,-0.011567,0.002793,1000.000000
35.200000,-87.450000,-177.700000,139.999140,-0.001113,0.002418,-0.011525,0.002761,1000.000000
35.200000,-87.450000,-177.700000,159.999660,-0.001187,0.002451,-0.011609,0.002799,1000.000000
35.200000,-87.450000,-177.700000,180.000000,-0.001111,0.002426,-0.011522,0.002770,1000.000000
35.200000,-87.450000,-177.700000,200.000340,-0.001183,0.002416,-0.011605,0.002759,1000.000000
35.200000,-87.450000,-177.700000,220.000860,-0.001204,0.002418,-0.011628,0.002761,1000.000000
35.200000,-87.450000,-177.700000,240.001200,-0.001117,0.002390,-0.011529,0.002730,1000.000000
35.200000,-87.450000,-177.700000,260.001540,-0.001125,0.002408,-0.011538,0.002750,1000.000000
35.200000,-87.450000,-177.700000,279.998460,-0.001105,0.002443,-0.011516,0.002789,1000.000000
35.200000,-87.450000,-177.700000,299.998800,-0.001113,0.002474,-0.011525,0.002825,1000.000000
35.200000,-87.450000,-177.700000,319.999140,-0.001211,0.002458,-0.011637,0.002807,1000.000000
35.200000,-87.450000,-177.700000,339.999660,-0.001196,0.002479,-0.011620,0.002831,1000.000000
35.200000,-88.450000,-177.700000,0.000000,-0.001117,0.002450,-0.011529,0.002798,1000.000000
35.200000,-88.450000,-177.700000,20.000340,-0.001151,0.002470,-0.011569,0.002821,1000.000000
35.200000,-88.450000,-177.700000,40.000860,-0.001181,0.002521,-0.011602,0.002878,1000.000000
35.200000,-88.450000,-177.700000,60.001200,-0.001155,0.002469,-0.011573,0.002820,1000.000000
35.200000,-88.450000,-177.700000,80.001540,-0.001188,0.002488,-0.011611,0.002841,1000.000000
35.200000,-88.450000,-177.700000,99.998460,-0.001173,0.002515,-0.011593,0.002872,1000.000000
35.200000,-88.450000,-177.700000,119.998800,-0.001181,0.002509,-0.011602,0.002865,1000.000000
35.200000,-88.450000,-177.700000,139.999140,-0.001158,0.002546,-0.011576,0.002907,1000.000000
35.200000,-88.450000,-177.700000,159.999660,-0.001174,0.002337,-0.011595,0.002669,1000.000000
35.200000,-88.450000,-177.700000,180.000000,-0.001183,0.002551,-0.011605,0.002913,1000.000000
35.200000,-88.450000,-177.700000,200.000340,-0.001144,0.002432,-0.011560,0.002777,1000.000000
35.200000,-88.450000,-177.700000,220.000860,-0.001142,0.002450,-0.011558,0.002797,1000.000000
35.200000,-88.450000,-177.700000,240.001200,-0.001151,0.002468,-0.011569,0.002818,1000.000000
35.200000,-88.450000,-177.700000,260.001540,-0.001183,0.002522,-0.011605,0.002879,1000.000000
35.200000,-88.450000,-177.700000,279.998460,-0.001150,0.002549,-0.011567,0.002910,1000.000000
35.200000,-88.450000,-177.700000,299.998800,-0.001169,0.002412,-0.011589,0.002755,1000.000000
35.200000,-88.450000,-177.700000,319.999140,-0.001184,0.002326,-0.011606,0.002656,1000.000000
35.200000,-88.450000,-177.700000,339.999660,-0.001131,0.002359,-0.011545,0.002694,1000.000000
35.200000,-89.450000,-177.700000,0.000000,-0.001172,0.002445,-0.011592,0.002792,1000.000000
35.200000,-89.450000,-177.700000,20.000340,-0.001179,0.002430,-0.011601,0.002775,1000.000000
35.200000,-89.450000,-177.700000,40.000860,-0.001184,0.002541,-0.011606,0.002901,1000.000000
35.200000,-89.450000,-177.700000,60.001200,-0.001160,0.002488,-0.011579,0.002841,1000.000000
35.200000,-89.450000,-177.700000,80.001540,-0.001153,0.002421,-0.011570,0.002764,1000.000000
35.200000,-89.450000,-177.700000,99.998460,-0.001140,0.002545,-0.011556,0.002906,1000.000000
35.200000,-89.450000,-177.700000,119.998800,-0.001155,0.002394,-0.011573,0.002734,1000.000000
35.200000,-89.450000,-177.700000,139.999140,-0.001211,0.002494,-0.011637,0.002848,1000.000000
35.200000,-89.450000,-177.700000,159.999660,-0.001232,0.002544,-0.011660,0.002905,1000.000000
35.200000,-89.450000,-177.700000,180.000000,-0.001181,0.002562,-0.011602,0.002926,1000.000000
35.200000,-89.450000,-177.700000,200.000340,-0.001181,0.002459,-0.011602,0.002808,1000.000000
35.200000,-89.450000,-177.700000,220.000860,-0.001204,0.002457,-0.011628,0.002805,1000.000000
35.200000,-89.450000,-177.700000,240.001200,-0.001174,0.002537,-0.011595,0.002897,1000.000000
35.200000,-89.450000,-177.700000,260.001540,-0.001210,0.002547,-0.011636,0.002909,1000.000000
35.200000,-89.450000,-177.700000,279.998460,-0.001156,0.002355,-0.011574,0.002690,1000.000000
35.200000,-89.450000,-177.700000,299.998800,-0.001173,0.002435,-0.011593,0.002781,1000.000000
35.200000,-89.450000,-177.700000,319.999140,-0.001099,0.002522,-0.011509,0.002879,1000.000000
35.200000,-89.450000,-177.700000,339.999660,-0.001155,0.002525,-0.011573,0.002883,1000.000000
35.200000,-90.450000,-177.700000,0.000000,-0.001204,0.002512,-0.011628,0.002869,1000.000000
35.200000,-90.450000,-177.700000,20.000340,-0.001155,0.002473,-0.011573,0.002824,1000.000000
35.200000,-90.450000,-177.700000,40.000860,-0.001118,0.002482,-0.011531,0.002834,1000.000000
35.200000,-90.450000,-177.700000,60.001200,-0.001122,0.002487,-0.011535,0.002840,1000.000000
35.200000,-90.450000,-177.700000,80.001540,-0.001139,0.002366,-0.011554,0.002701,1000.000000
35.200000,-90.450000,-177.700000,99.998460,-0.001160,0.002420,-0.011579,0.002764,1000.000000
35.200000,-90.450000,-177.700000,119.998800,-0.001156,0.002330,-0.011574,0.002661,1000.000000
35.200000,-90.450000,-177.700000,139.999140,-0.001173,0.002600,-0.011593,0.002969,1000.000000
35.200000,-90.450000,-177.700000,159.999660,-0.001174,0.002491,-0.011595,0.002845,1000.000000
35.200000,-90.450000,-177.700000,180.000000,-0.001247,0.002421,-0.011678,0.002764,1000.000000
35.200000,-90.450000,-177.700000,200.000340,-0.001196,0.002495,-0.011620,0.002849,1000.000000
35.200000,-90.450000,-177.700000,220.000860,-0.001175,0.002463,-0.011596,0.002812,1000.000000
35.200000,-90.450000,-177.700000,240.001200,-0.001164,0.002616,-0.011583,0.002987,1000.000000
35.200000,-90.450000,-177.700000,260.001540,-0.001154,0.002498,-0.011572,0.002853,1000.000000
35.200000,-90.450000,-177.700000,279.998460,-0.001163,0.002351,-0.011582,0.002684,1000.000000
35.200000,-90.450000,-177.700000,299.998800,-0.001195,0.002437,-0.011618,0.002783,1000.000000
35.200000,-90.450000,-177.700000,319.999140,-0.001088,0.002465,-0.011496,0.002815,1000.000000
35.200000,-90.450000,-177.700000,339.999660,-0.001132,0.002449,-0.011547,0.002797,1000.000000
35.200000,-91.450000,-177.700000,0.000000,-0.001211,0.002418,-0.011637,0.002761,1000.000000
35.200000,-91.450000,-177.700000,20.000340,-0.001153,0.002474,-0.011570,0.002825,1000.000000
35.200000,-91.450000,-177.700000,40.000860,-0.001091,0.002365,-0.011500,0.002701,1000.000000
35.200000,-91.450000,-177.700000,60.001200,-0.001156,0.002486,-0.011574,0.002839,1000.000000
35.200000,-91.450000,-177.700000,80.001540,-0.001156,0.002472,-0.011574,0.002823,1000.000000
35.200000,-91.450000,-177.700000,99.998460,-0.001155,0.002423,-0.011573,0.002767,1000.000000
35.200000,-91.450000,-177.700000,119.998800,-0.001196,0.002563,-0.011620,0.002927,1000.000000
35.200000,-91.450000,-177.700000,139.999140,-0.001029,0.002407,-0.011429,0.002749,1000.000000
35.200000,-91.450000,-177.700000,159.999660,-0.001184,0.002386,-0.011606,0.002724,1000.000000
35.200000,-91.450000,-177.700000,180.000000,-0.001168,0.002359,-0.011588,0.002694,1000.000000
35.200000,-91.450000,-177.700000,200.000340,-0.001136,0.002459,-0.011551,0.002808,1000.000000
35.200000,-91.450000,-177.700000,220.000860,-0.001150,0.002508,-0.011567,0.002864,1000.000000
35.200000,-91.450000,-177.700000,240.001200,-0.001161,0.002474,-0.011580,0.002825,1000.000000
35.200000,-91.450000,-177.700000,260.001540,-0.001195,0.002352,-0.011618,0.002686,1000.000000
35.200000,-91.450000,-177.700000,279.998460,-0.001156,0.002488,-0.011574,0.002841,1000.000000
35.200000,-91.450000,-177.700000,299.998800,-0.001113,0.002438,-0.011525,0.002784,1000.000000
35.200000,-91.450000,-177.700000,319.999140,-0.001223,0.002411,-0.011650,0.002753,1000.000000
35.200000,-91.450000,-177.700000,339.999660,-0.001119,0.002437,-0.011532,0.002783,1000.000000
35.200000,-92.450000,-177.700000,0.000000,-0.001163,0.002530,-0.011582,0.002889,1000.000000
35.200000,-92.450000,-177.700000,20.000340,-0.001168,0.002629,-0.011588,0.003003,1000.000000
35.200000,-92.450000,-177.700000,40.000860,-0.001209,0.002481,-0.011634,0.002833,1000.000000
35.200000,-92.450000,-177.700000,60.001200,-0.001196,0.002474,-0.011620,0.002825,1000.000000
35.200000,-92.450000,-177.700000,80.001540,-0.001137,0.002456,-0.011553,0.002805,1000.000000
35.200000,-92.450000,-177.700000,99.998460,-0.001119,0.002498,-0.011532,0.002852,1000.000000
35.200000,-92.450000,-177.700000,119.998800,-0.001224,0.002500,-0.011652,0.002855,1000.000000
35.200000,-92.450000,-177.700000,139.999140,-0.001190,0.002425,-0.011612,0.002769,1000.000000
35.200000,-92.450000,-177.700000,159.999660,-0.001130,0.002464,-0.011544,0.002814,1000.000000
35.200000,-92.450000,-177.700000,180.000000,-0.001066,0.002475,-0.011471,0.002826,1000.000000
35.200000,-92.450000,-177.700000,200.000340,-0.001183,0.002350,-0.011605,0.002684,1000.000000
35.200000,-92.450000,-177.700000,220.000860,-0.001153,0.002428,-0.011570,0.002772,1000.000000
35.200000,-92.450000,-177.700000,240.001200,-0.001139,0.002540,-0.011554,0.002900,1000.000000
35.200000,-92.450000,-177.700000,260.001540,-0.001202,0.002436,-0.011627,0.002782,1000.000000
35.200000,-92.450000,-177.700000,279.998460,-0.001173,0.002550,-0.011593,0.002912,1000.000000
35.200000,-92.450000,-177.700000,299.998800,-0.001155,0.002400,-0.011573,0.002740,1000.000000
35.200000,-92.450000,-177.700000,319.999140,-0.001163,0.002407,-0.011582,0.002749,1000.000000
35.200000,-92.450000,-177.700000,339.999660,-0.001131,0.002470,-0.011545,0.002820,1000.000000
35.200000,-93.450000,-177.700000,0.000000,-0.001175,0.002438,-0.011596,0.002784,1000.000000
35.200000,-93.450000,-177.700000,20.000340,-0.001145,0.002402,-0.011561,0.002743,1000.000000
35.200000,-93.450000,-177.700000,40.000860,-0.001170,0.002544,-0.011590,0.002905,1000.000000
35.200000,-93.450000,-177.700000,60.001200,-0.001188,0.002330,-0.011611,0.002661,1000.000000
35.200000,-93.450000,-177.700000,80.001540,-0.001207,0.002378,-0.011633,0.002716,1000.000000
35.200000,-93.450000,-177.700000,99.998460,-0.001206,0.002420,-0.011631,0.002764,1000.000000
35.200000,-93.450000,-177.700000,119.998800,-0.001212,0.002491,-0.011638,0.002845,1000.000000
35.200000,-93.450000,-177.700000,139.999140,-0.001197,0.002542,-0.011621,0.002902,1000.000000
35.200000,-93.450000,-177.700000,159.999660,-0.001123,0.002410,-0.011537,0.002751,1000.000000
35.200000,-93.450000,-177.700000,180.000000,-0.001198,0.002529,-0.011622,0.002888,1000.000000
35.200000,-93.450000,-177.700000,200.000340,-0.001159,0.002367,-0.011577,0.002703,1000.000000
35.200000,-93.450000,-177.700000,220.000860,-0.001158,0.002403,-0.011576,0.002744,1000.000000
35.200000,-93.450000,-177.700000,240.001200,-0.001121,0.002325,-0.011534,0.002655,1000.000000
35.200000,-93.450000,-177.700000,260.001540,-0.001173,0.002397,-0.011593,0.002737,1000.000000
35.200000,-93.450000,-177.700000,279.998460,-0.001167,0.002389,-0.011586,0.002728,1000.000000
35.200000,-93.450000,-177.700000,299.998800,-0.001181,0.002536,-0.011602,0.002896,1000.000000
35.200000,-93.450000,-177.700000,319.999140,-0.001173,0.002559,-0.011593,0.002922,1000.000000
35.200000,-93.450000,-177.700000,339.999660,-0.001233,0.002408,-0.011662,0.002750,1000.000000
35.200000,-94.450000,-177.700000,0.000000,-0.001214,0.002430,-0.011640,0.002775,1000.000000
35.200000,-94.450000,-177.700000,20.000340,-0.001168,0.002516,-0.011588,0.002873,1000.000000
35.200000,-94.450000,-177.700000,40.000860,-0.001140,0.002483,-0.011556,0.002836,1000.000000
35.200000,-94.450000,-177.700000,60.001200,-0.001172,0.002502,-0.011592,0.002857,1000.000000
35.200000,-94.450000,-177.700000,80.001540,-0.001160,0.002466,-0.011579,0.002815,1000.000000
35.200000,-94.450000,-177.700000,99.998460,-0.001156,0.002486,-0.011574,0.002838,1000.000000
35.200000,-94.450000,-177.700000,119.998800,-0.001126,0.002519,-0.011540,0.002877,1000.000000
35.200000,-94.450000,-177.700000,139.999140,-0.001170,0.002557,-0.011590,0.002919,1000.000000
35.200000,-94.450000,-177.700000,159.999660,-0.001229,0.002484,-0.011657,0.002837,1000.000000
35.200000,-94.450000,-177.700000,180.000000,-0.001181,0.002465,-0.011602,0.002814,1000.000000
35.200000,-94.450000,-177.700000,200.000340,-0.001119,0.002459,-0.011532,0.002808,1000.000000
35.200000,-94.450000,-177.700000,220.000860,-0.001178,0.002545,-0.011599,0.002906,1000.000000
35.200000,-94.450000,-177.700000,240.001200,-0.001223,0.002504,-0.011650,0.002859,1000.000000
35.200000,-94.450000,-177.700000,260.001540,-0.001111,0.002519,-0.011522,0.002877,1000.000000
35.200000,-94.450000,-177.700000,279.998460,-0.001144,0.002466,-0.011560,0.002816,1000.000000
35.200000,-94.450000,-177.700000,299.998800,-0.001139,0.002493,-0.011554,0.002846,1000.000000
35.200000,-94.450000,-177.700000,319.999140,-0.001090,0.002534,-0.011499,0.002894,1000.000000
35.200000,-94.450000,-177.700000,339.999660,-0.001177,0.002479,-0.011598,0.002831,1000.000000
