35.200000,-22.600000,-180.200000,0.000000,0.010394,0.002563,0.001615,0.002926,1000.000000
35.200000,-22.600000,-180.200000,180.000000,0.010382,0.002472,0.001602,0.002823,1000.000000
35.200000,-23.100000,-180.200000,0.000000,0.010398,0.002539,0.001619,0.002899,1000.000000
35.200000,-23.100000,-180.200000,180.000000,0.010219,0.002452,0.001415,0.002799,1000.000000
35.200000,-23.600000,-180.200000,0.000000,0.010203,0.002421,0.001396,0.002765,1000.000000
35.200000,-23.600000,-180.200000,180.000000,0.010214,0.002494,0.001410,0.002848,1000.000000
35.200000,-24.100000,-180.200000,0.000000,0.010167,0.002410,0.001356,0.002752,1000.000000
35.200000,-24.100000,-180.200000,180.000000,0.010266,0.002421,0.001469,0.002765,1000.000000
35.200000,-24.600000,-180.200000,0.000000,0.010148,0.002522,0.001334,0.002880,1000.000000
35.200000,-24.600000,-180.200000,180.000000,0.010297,0.002519,0.001504,0.002876,1000.000000
35.200000,-25.100000,-180.200000,0.000000,0.010177,0.002491,0.001367,0.002845,1000.000000
35.200000,-25.100000,-180.200000,180.000000,0.010216,0.002450,0.001411,0.002797,1000.000000
35.200000,-25.600000,-180.200000,0.000000,0.010143,0.002481,0.001328,0.002833,1000.000000
35.200000,-25.600000,-180.200000,180.000000,0.010180,0.002555,0.001370,0.002918,1000.000000
35.200000,-26.100000,-180.200000,0.000000,0.010093,0.002519,0.001271,0.002876,1000.000000
35.200000,-26.100000,-180.200000,180.000000,0.010138,0.002541,0.001322,0.002902,1000.000000
35.200000,-26.600000,-180.200000,0.000000,0.010176,0.002502,0.001366,0.002857,1000.000000
35.200000,-26.600000,-180.200000,180.000000,0.010151,0.002494,0.001337,0.002848,1000.000000
35.200000,-27.100000,-180.200000,0.000000,0.010126,0.002519,0.001309,0.002876,1000.000000
35.200000,-27.100000,-180.200000,180.000000,0.010144,0.002568,0.001330,0.002933,1000.000000
35.200000,-27.600000,-180.200000,0.000000,0.010125,0.002442,0.001308,0.002789,1000.000000
35.200000,-27.600000,-180.200000,180.000000,0.010121,0.002460,0.001303,0.002810,1000.000000
35.200000,-28.100000,-180.200000,0.000000,0.010044,0.002471,0.001215,0.002822,1000.000000
35.200000,-28.100000,-180.200000,180.000000,0.010114,0.002465,0.001295,0.002814,1000.000000
35.200000,-28.600000,-180.200000,0.000000,0.010030,0.002478,0.001199,0.002829,1000.000000
35.200000,-28.600000,-180.200000,180.000000,0.010121,0.002504,0.001303,0.002859,1000.000000
35.200000,-29.100000,-180.200000,0.000000,0.010017,0.002503,0.001184,0.002858,1000.000000
35.200000,-29.100000,-180.200000,180.000000,0.010115,0.002465,0.001296,0.002814,1000.000000
35.200000,-29.600000,-180.200000,0.000000,0.010017,0.002414,0.001184,0.002757,1000.000000
35.200000,-29.600000,-180.200000,180.000000,0.010009,0.002437,0.001175,0.002783,1000.000000
35.200000,-30.100000,-180.200000,0.000000,0.010042,0.002523,0.001213,0.002881,1000.000000
35.200000,-30.100000,-180.200000,180.000000,0.010133,0.002503,0.001316,0.002858,1000.000000
35.200000,-30.600000,-180.200000,0.000000,0.010007,0.002472,0.001172,0.002823,1000.000000
35.200000,-30.600000,-180.200000,180.000000,0.010072,0.002509,0.001247,0.002865,1000.000000
35.200000,-31.100000,-180.200000,0.000000,0.009910,0.002457,0.001062,0.002805,1000.000000
35.200000,-31.100000,-180.200000,180.000000,0.010046,0.002440,0.001218,0.002787,1000.000000
35.200000,-31.600000,-180.200000,0.000000,0.009979,0.002445,0.001140,0.002792,1000.000000
35.200000,-31.600000,-180.200000,180.000000,0.010031,0.002478,0.001200,0.002830,1000.000000
35.200000,-32.100000,-180.200000,0.000000,0.009934,0.002465,0.001090,0.002815,1000.000000
35.200000,-32.100000,-180.200000,180.000000,0.009980,0.002479,0.001142,0.002831,1000.000000
35.200000,-32.600000,-180.200000,0.000000,0.009938,0.002479,0.001094,0.002831,1000.000000
35.200000,-32.600000,-180.200000,180.000000,0.009901,0.002455,0.001052,0.002803,1000.000000
35.200000,-33.100000,-180.200000,0.000000,0.009998,0.002431,0.001162,0.002776,1000.000000
35.200000,-33.100000,-180.200000,180.000000,0.009845,0.002418,0.000988,0.002761,1000.000000
35.200000,-33.600000,-180.200000,0.000000,0.009945,0.002492,0.001103,0.002846,1000.000000
35.200000,-33.600000,-180.200000,180.000000,0.009864,0.002500,0.001010,0.002855,1000.000000
35.200000,-34.100000,-180.200000,0.000000,0.009867,0.002425,0.001012,0.002769,1000.000000
35.200000,-34.100000,-180.200000,180.000000,0.009831,0.002401,0.000972,0.002742,1000.000000
35.200000,-34.600000,-180.200000,0.000000,0.009818,0.002450,0.000957,0.002798,1000.000000
35.200000,-34.600000,-180.200000,180.000000,0.009916,0.002466,0.001069,0.002816,1000.000000
35.200000,-35.100000,-180.200000,0.000000,0.009779,0.002348,0.000912,0.002681,1000.000000
35.200000,-35.100000,-180.200000,180.000000,0.009895,0.002481,0.001044,0.002833,1000.000000
35.200000,-35.600000,-180.200000,0.000000,0.009858,0.002453,0.001002,0.002801,1000.000000
35.200000,-35.600000,-180.200000,180.000000,0.009854,0.002463,0.000998,0.002812,1000.000000
35.200000,-36.100000,-180.200000,0.000000,0.009886,0.002416,0.001034,0.002759,1000.000000
35.200000,-36.100000,-180.200000,180.000000,0.009842,0.002497,0.000985,0.002851,1000.000000
35.200000,-36.600000,-180.200000,0.000000,0.009715,0.002406,0.000839,0.002747,1000.000000
35.200000,-36.600000,-180.200000,180.000000,0.009707,0.002450,0.000831,0.002797,1000.000000
35.200000,-37.100000,-180.200000,0.000000,0.009740,0.002464,0.000868,0.002814,1000.000000
35.200000,-37.100000,-180.200000,180.000000,0.009789,0.002451,0.000924,0.002798,1000.000000
35.200000,-37.600000,-180.200000,0.000000,0.009760,0.002463,0.000890,0.002812,1000.000000
35.200000,-37.600000,-180.200000,180.000000,0.009712,0.002404,0.000836,0.002745,1000.000000
35.200000,-38.100000,-180.200000,0.000000,0.009791,0.002465,0.000927,0.002815,1000.000000
35.200000,-38.100000,-180.200000,180.000000,0.009717,0.002386,0.000842,0.002725,1000.000000
35.200000,-38.600000,-180.200000,0.000000,0.009766,0.002451,0.000898,0.002799,1000.000000
35.200000,-38.600000,-180.200000,180.000000,0.009677,0.002442,0.000796,0.002788,1000.000000
35.200000,-39.100000,-180.200000,0.000000,0.009711,0.002433,0.000835,0.002778,1000.000000
35.200000,-39.100000,-180.200000,180.000000,0.009775,0.002478,0.000908,0.002829,1000.000000
35.200000,-39.600000,-180.200000,0.000000,0.009679,0.002426,0.000799,0.002771,1000.000000
35.200000,-39.600000,-180.200000,180.000000,0.009698,0.002437,0.000820,0.002783,1000.000000
35.200000,-40.100000,-180.200000,0.000000,0.009642,0.002456,0.000756,0.002804,1000.000000
35.200000,-40.100000,-180.200000,180.000000,0.009684,0.002437,0.000804,0.002783,1000.000000
35.200000,-40.600000,-180.200000,0.000000,0.009610,0.002448,0.000720,0.002796,1000.000000
35.200000,-40.600000,-180.200000,180.000000,0.009636,0.002427,0.000749,0.002772,1000.000000
35.200000,-41.100000,-180.200000,0.000000,0.009540,0.002424,0.000640,0.002769,1000.000000
35.200000,-41.100000,-180.200000,180.000000,0.009514,0.002415,0.000610,0.002758,1000.000000
35.200000,-41.600000,-180.200000,0.000000,0.009449,0.002402,0.000535,0.002743,1000.000000
35.200000,-41.600000,-180.200000,180.000000,0.009636,0.002422,0.000749,0.002766,1000.000000
35.200000,-42.100000,-180.200000,0.000000,0.009524,0.002460,0.000621,0.002809,1000.000000
35.200000,-42.100000,-180.200000,180.000000,0.009487,0.002418,0.000579,0.002761,1000.000000
35.200000,-42.600000,-180.200000,0.000000,0.009580,0.002468,0.000685,0.002818,1000.000000
35.200000,-42.600000,-180.200000,180.000000,0.009567,0.002352,0.000671,0.002686,1000.000000
35.200000,-43.100000,-180.200000,0.000000,0.009568,0.002462,0.000672,0.002811,1000.000000
35.200000,-43.100000,-180.200000,180.000000,0.009566,0.002336,0.000669,0.002667,1000.000000
35.200000,-43.600000,-180.200000,0.000000,0.009519,0.002470,0.000615,0.002821,1000.000000
35.200000,-43.600000,-180.200000,180.000000,0.009463,0.002420,0.000551,0.002763,1000.000000
35.200000,-44.100000,-180.200000,0.000000,0.009478,0.002391,0.000569,0.002731,1000.000000
35.200000,-44.100000,-180.200000,180.000000,0.009461,0.002441,0.000550,0.002787,1000.000000
35.200000,-44.600000,-180.200000,0.000000,0.009339,0.002417,0.000410,0.002760,1000.000000
35.200000,-44.600000,-180.200000,180.000000,0.009414,0.002335,0.000496,0.002666,1000.000000
35.200000,-45.100000,-180.200000,0.000000,0.009413,0.002389,0.000495,0.002728,1000.000000
35.200000,-45.100000,-180.200000,180.000000,0.009425,0.002444,0.000508,0.002790,1000.000000
35.200000,-45.600000,-180.200000,0.000000,0.009344,0.002344,0.000416,0.002676,1000.000000
35.200000,-45.600000,-180.200000,180.000000,0.009357,0.002357,0.000431,0.002691,1000.000000
35.200000,-46.100000,-180.200000,0.000000,0.009307,0.002321,0.000374,0.002650,1000.000000
35.200000,-46.100000,-180.200000,180.000000,0.009274,0.002360,0.000336,0.002694,1000.000000
35.200000,-46.600000,-180.200000,0.000000,0.009334,0.002415,0.000405,0.002757,1000.000000
35.200000,-46.600000,-180.200000,180.000000,0.009290,0.002395,0.000354,0.002735,1000.000000
35.200000,-47.100000,-180.200000,0.000000,0.009207,0.002417,0.000259,0.002759,1000.000000
35.200000,-47.100000,-180.200000,180.000000,0.009181,0.002407,0.000230,0.002748,1000.000000
35.200000,-47.600000,-180.200000,0.000000,0.009149,0.002420,0.000194,0.002763,1000.000000
35.200000,-47.600000,-180.200000,180.000000,0.009255,0.002428,0.000314,0.002773,1000.000000
35.200000,-48.100000,-180.200000,0.000000,0.009143,0.002362,0.000186,0.002697,1000.000000
35.200000,-48.100000,-180.200000,180.000000,0.009198,0.002342,0.000249,0.002674,1000.000000
35.200000,-48.600000,-180.200000,0.000000,0.009091,0.002398,0.000127,0.002738,1000.000000
35.200000,-48.600000,-180.200000,180.000000,0.009086,0.002374,0.000121,0.002711,1000.000000
35.200000,-49.100000,-180.200000,0.000000,0.009143,0.002388,0.000186,0.002727,1000.000000
35.200000,-49.100000,-180.200000,180.000000,0.009072,0.002353,0.000105,0.002686,1000.000000
35.200000,-49.600000,-180.200000,0.000000,0.009014,0.002328,0.000039,0.002658,1000.000000
35.200000,-49.600000,-180.200000,180.000000,0.009048,0.002357,0.000077,0.002692,1000.000000
35.200000,-50.100000,-180.200000,0.000000,0.008836,0.002312,-0.000164,0.002640,1000.000000
35.200000,-50.100000,-180.200000,180.000000,0.008999,0.002340,0.000022,0.002672,1000.000000
35.200000,-50.600000,-180.200000,0.000000,0.008846,0.002379,-0.000153,0.002717,1000.000000
35.200000,-50.600000,-180.200000,180.000000,0.008970,0.002294,-0.000011,0.002620,1000.000000
35.200000,-51.100000,-180.200000,0.000000,0.008876,0.002366,-0.000119,0.002702,1000.000000
35.200000,-51.100000,-180.200000,180.000000,0.008906,0.002336,-0.000084,0.002668,1000.000000
35.200000,-51.600000,-180.200000,0.000000,0.008749,0.002339,-0.000263,0.002671,1000.000000
35.200000,-51.600000,-180.200000,180.000000,0.008844,0.002286,-0.000155,0.002610,1000.000000
35.200000,-52.100000,-180.200000,0.000000,0.008683,0.002286,-0.000339,0.002610,1000.000000
35.200000,-52.100000,-180.200000,180.000000,0.008684,0.002343,-0.000337,0.002675,1000.000000
35.200000,-52.600000,-180.200000,0.000000,0.008690,0.002320,-0.000331,0.002650,1000.000000
35.200000,-52.600000,-180.200000,180.000000,0.008656,0.002358,-0.000369,0.002692,1000.000000
35.200000,-53.100000,-180.200000,0.000000,0.008523,0.002330,-0.000522,0.002660,1000.000000
35.200000,-53.100000,-180.200000,180.000000,0.008546,0.002297,-0.000496,0.002623,1000.000000
35.200000,-53.600000,-180.200000,0.000000,0.008521,0.002345,-0.000523,0.002678,1000.000000
35.200000,-53.600000,-180.200000,180.000000,0.008634,0.002293,-0.000395,0.002619,1000.000000
35.200000,-54.100000,-180.200000,0.000000,0.008500,0.002253,-0.000548,0.002573,1000.000000
35.200000,-54.100000,-180.200000,180.000000,0.008425,0.002334,-0.000634,0.002665,1000.000000
35.200000,-54.600000,-180.200000,0.000000,0.008430,0.002352,-0.000628,0.002686,1000.000000
35.200000,-54.600000,-180.200000,180.000000,0.008414,0.002298,-0.000646,0.002624,1000.000000
35.200000,-55.100000,-180.200000,0.000000,0.008333,0.002281,-0.000739,0.002605,1000.000000
35.200000,-55.100000,-180.200000,180.000000,0.008378,0.002271,-0.000688,0.002593,1000.000000
35.200000,-55.600000,-180.200000,0.000000,0.008241,0.002259,-0.000843,0.002579,1000.000000
35.200000,-55.600000,-180.200000,180.000000,0.008379,0.002328,-0.000686,0.002659,1000.000000
35.200000,-56.100000,-180.200000,0.000000,0.008105,0.002231,-0.000999,0.002548,1000.000000
35.200000,-56.100000,-180.200000,180.000000,0.008211,0.002306,-0.000878,0.002633,1000.000000
35.200000,-56.600000,-180.200000,0.000000,0.008015,0.002325,-0.001102,0.002654,1000.000000
35.200000,-56.600000,-180.200000,180.000000,0.008132,0.002324,-0.000969,0.002654,1000.000000
35.200000,-57.100000,-180.200000,0.000000,0.007979,0.002293,-0.001143,0.002618,1000.000000
35.200000,-57.100000,-180.200000,180.000000,0.008017,0.002281,-0.001099,0.002605,1000.000000
35.200000,-57.600000,-180.200000,0.000000,0.007881,0.002266,-0.001255,0.002587,1000.000000
35.200000,-57.600000,-180.200000,180.000000,0.007909,0.002354,-0.001223,0.002688,1000.000000
35.200000,-58.100000,-180.200000,0.000000,0.007729,0.002312,-0.001428,0.002640,1000.000000
35.200000,-58.100000,-180.200000,180.000000,0.007844,0.002297,-0.001297,0.002623,1000.000000
35.200000,-58.600000,-180.200000,0.000000,0.007651,0.002323,-0.001517,0.002653,1000.000000
35.200000,-58.600000,-180.200000,180.000000,0.007719,0.002262,-0.001440,0.002583,1000.000000
35.200000,-59.100000,-180.200000,0.000000,0.007520,0.002266,-0.001667,0.002588,1000.000000
35.200000,-59.100000,-180.200000,180.000000,0.007637,0.002333,-0.001533,0.002664,1000.000000
35.200000,-59.600000,-180.200000,0.000000,0.007492,0.002298,-0.001699,0.002624,1000.000000
35.200000,-59.600000,-180.200000,180.000000,0.007543,0.002259,-0.001640,0.002580,1000.000000
35.200000,-60.100000,-180.200000,0.000000,0.007264,0.002244,-0.001959,0.002563,1000.000000
35.200000,-60.100000,-180.200000,180.000000,0.007452,0.002316,-0.001745,0.002644,1000.000000
35.200000,-60.600000,-180.200000,0.000000,0.007288,0.002254,-0.001931,0.002574,1000.000000
35.200000,-60.600000,-180.200000,180.000000,0.007332,0.002281,-0.001882,0.002605,1000.000000
35.200000,-61.100000,-180.200000,0.000000,0.007139,0.002291,-0.002102,0.002616,1000.000000
35.200000,-61.100000,-180.200000,180.000000,0.007194,0.002240,-0.002039,0.002558,1000.000000
35.200000,-61.600000,-180.200000,0.000000,0.007073,0.002308,-0.002177,0.002635,1000.000000
35.200000,-61.600000,-180.200000,180.000000,0.007069,0.002314,-0.002182,0.002643,1000.000000
35.200000,-62.100000,-180.200000,0.000000,0.006818,0.002328,-0.002468,0.002658,1000.000000
35.200000,-62.100000,-180.200000,180.000000,0.007040,0.002304,-0.002215,0.002631,1000.000000
35.200000,-62.600000,-180.200000,0.000000,0.006728,0.002288,-0.002571,0.002613,1000.000000
35.200000,-62.600000,-180.200000,180.000000,0.006737,0.002270,-0.002561,0.002592,1000.000000
35.200000,-63.100000,-180.200000,0.000000,0.006583,0.002273,-0.002737,0.002595,1000.000000
35.200000,-63.100000,-180.200000,180.000000,0.006627,0.002318,-0.002686,0.002647,1000.000000
35.200000,-63.600000,-180.200000,0.000000,0.006393,0.002265,-0.002954,0.002586,1000.000000
35.200000,-63.600000,-180.200000,180.000000,0.006492,0.002227,-0.002840,0.002543,1000.000000
35.200000,-64.100000,-180.200000,0.000000,0.006320,0.002260,-0.003037,0.002581,1000.000000
35.200000,-64.100000,-180.200000,180.000000,0.006286,0.002275,-0.003076,0.002598,1000.000000
35.200000,-64.600000,-180.200000,0.000000,0.006108,0.002197,-0.003280,0.002509,1000.000000
35.200000,-64.600000,-180.200000,180.000000,0.006169,0.002266,-0.003210,0.002588,1000.000000
35.200000,-65.100000,-180.200000,0.000000,0.005927,0.002294,-0.003486,0.002620,1000.000000
35.200000,-65.100000,-180.200000,180.000000,0.006092,0.002206,-0.003297,0.002519,1000.000000
35.200000,-65.600000,-180.200000,0.000000,0.005821,0.002251,-0.003607,0.002571,1000.000000
35.200000,-65.600000,-180.200000,180.000000,0.005928,0.002253,-0.003485,0.002573,1000.000000
35.200000,-66.100000,-180.200000,0.000000,0.005612,0.002223,-0.003845,0.002538,1000.000000
35.200000,-66.100000,-180.200000,180.000000,0.005788,0.002254,-0.003645,0.002574,1000.000000
35.200000,-66.600000,-180.200000,0.000000,0.005415,0.002241,-0.004071,0.002559,1000.000000
35.200000,-66.600000,-180.200000,180.000000,0.005527,0.002287,-0.003943,0.002611,1000.000000
35.200000,-67.100000,-180.200000,0.000000,0.005240,0.002249,-0.004270,0.002568,1000.000000
35.200000,-67.100000,-180.200000,180.000000,0.005392,0.002295,-0.004097,0.002621,1000.000000
35.200000,-67.600000,-180.200000,0.000000,0.004899,0.002365,-0.004660,0.002701,1000.000000
35.200000,-67.600000,-180.200000,180.000000,0.005189,0.002253,-0.004328,0.002573,1000.000000
35.200000,-68.100000,-180.200000,0.000000,0.004695,0.002363,-0.004893,0.002699,1000.000000
35.200000,-68.100000,-180.200000,180.000000,0.004938,0.002378,-0.004615,0.002715,1000.000000
35.200000,-68.600000,-180.200000,0.000000,0.004454,0.002357,-0.005168,0.002692,1000.000000
35.200000,-68.600000,-180.200000,180.000000,0.004759,0.002350,-0.004820,0.002683,1000.000000
35.200000,-69.100000,-180.200000,0.000000,0.004184,0.002350,-0.005476,0.002683,1000.000000
35.200000,-69.100000,-180.200000,180.000000,0.004363,0.002346,-0.005272,0.002678,1000.000000
35.200000,-69.600000,-180.200000,0.000000,0.003963,0.002400,-0.005729,0.002741,1000.000000
35.200000,-69.600000,-180.200000,180.000000,0.004251,0.002369,-0.005400,0.002705,1000.000000
35.200000,-70.100000,-180.200000,0.000000,0.003742,0.002407,-0.005981,0.002748,1000.000000
35.200000,-70.100000,-180.200000,180.000000,0.003933,0.002320,-0.005762,0.002649,1000.000000
35.200000,-70.600000,-180.200000,0.000000,0.003378,0.002433,-0.006397,0.002778,1000.000000
35.200000,-70.600000,-180.200000,180.000000,0.003602,0.002366,-0.006141,0.002701,1000.000000
35.200000,-71.100000,-180.200000,0.000000,0.002954,0.002494,-0.006881,0.002848,1000.000000
35.200000,-71.100000,-180.200000,180.000000,0.003290,0.002419,-0.006497,0.002763,1000.000000
35.200000,-71.600000,-180.200000,0.000000,0.002688,0.002544,-0.007185,0.002905,1000.000000
35.200000,-71.600000,-180.200000,180.000000,0.003024,0.002514,-0.006801,0.002871,1000.000000
35.200000,-72.100000,-180.200000,0.000000,0.002343,0.002492,-0.007579,0.002845,1000.000000
35.200000,-72.100000,-180.200000,180.000000,0.002667,0.002527,-0.007208,0.002886,1000.000000
35.200000,-72.600000,-180.200000,0.000000,0.001981,0.002498,-0.007992,0.002853,1000.000000
35.200000,-72.600000,-180.200000,180.000000,0.002288,0.002511,-0.007642,0.002867,1000.000000
35.200000,-73.100000,-180.200000,0.000000,0.001548,0.002563,-0.008487,0.002927,1000.000000
35.200000,-73.100000,-180.200000,180.000000,0.001881,0.002507,-0.008106,0.002863,1000.000000
35.200000,-73.600000,-180.200000,0.000000,0.001111,0.002479,-0.008986,0.002830,1000.000000
35.200000,-73.600000,-180.200000,180.000000,0.001550,0.002591,-0.008484,0.002959,1000.000000
35.200000,-74.100000,-180.200000,0.000000,0.000684,0.002529,-0.009473,0.002888,1000.000000
35.200000,-74.100000,-180.200000,180.000000,0.001187,0.002527,-0.008898,0.002886,1000.000000
35.200000,-74.600000,-180.200000,0.000000,0.000223,0.002581,-0.009999,0.002947,1000.000000
35.200000,-74.600000,-180.200000,180.000000,0.000769,0.002530,-0.009375,0.002889,1000.000000
35.200000,-75.100000,-180.200000,0.000000,-0.000238,0.002531,-0.010526,0.002890,1000.000000
35.200000,-75.100000,-180.200000,180.000000,0.000450,0.002495,-0.009740,0.002849,1000.000000
35.200000,-75.600000,-180.200000,0.000000,-0.000655,0.002515,-0.011001,0.002871,1000.000000
35.200000,-75.600000,-180.200000,180.000000,-0.000179,0.002469,-0.010459,0.002820,1000.000000
35.200000,-76.100000,-180.200000,0.000000,-0.001253,0.002491,-0.011685,0.002845,1000.000000
35.200000,-76.100000,-180.200000,180.000000,-0.000425,0.002506,-0.010740,0.002861,1000.000000
35.200000,-76.600000,-180.200000,0.000000,-0.001704,0.002514,-0.012200,0.002871,1000.000000
35.200000,-76.600000,-180.200000,180.000000,-0.001090,0.002481,-0.011499,0.002833,1000.000000
35.200000,-77.100000,-180.200000,0.000000,-0.002198,0.002520,-0.012764,0.002878,1000.000000
35.200000,-77.100000,-180.200000,180.000000,-0.001540,0.002457,-0.012012,0.002806,1000.000000
35.200000,-77.600000,-180.200000,0.000000,-0.002732,0.002459,-0.013374,0.002808,1000.000000
35.200000,-77.600000,-180.200000,180.000000,-0.001859,0.002571,-0.012377,0.002936,1000.000000
35.200000,-78.100000,-180.200000,0.000000,-0.003211,0.002487,-0.013921,0.002840,1000.000000
35.200000,-78.100000,-180.200000,180.000000,-0.002165,0.002495,-0.012726,0.002850,1000.000000
35.200000,-78.600000,-180.200000,0.000000,-0.003610,0.002514,-0.014376,0.002870,1000.000000
35.200000,-78.600000,-180.200000,180.000000,-0.002615,0.002549,-0.013240,0.002911,1000.000000
35.200000,-79.100000,-180.200000,0.000000,-0.003923,0.002412,-0.014734,0.002754,1000.000000
35.200000,-79.100000,-180.200000,180.000000,-0.003028,0.002446,-0.013711,0.002793,1000.000000
35.200000,-79.600000,-180.200000,0.000000,-0.004220,0.002434,-0.015072,0.002779,1000.000000
35.200000,-79.600000,-180.200000,180.000000,-0.003092,0.002531,-0.013785,0.002890,1000.000000
35.200000,-80.100000,-180.200000,0.000000,-0.004468,0.002404,-0.015356,0.002745,1000.000000
35.200000,-80.100000,-180.200000,180.000000,-0.003314,0.002410,-0.014038,0.002752,1000.000000
35.200000,-80.600000,-180.200000,0.000000,-0.004581,0.002525,-0.015486,0.002883,1000.000000
35.200000,-80.600000,-180.200000,180.000000,-0.003320,0.002403,-0.014046,0.002744,1000.000000
35.200000,-81.100000,-180.200000,0.000000,-0.004497,0.002483,-0.015390,0.002836,1000.000000
35.200000,-81.100000,-180.200000,180.000000,-0.003175,0.002554,-0.013880,0.002916,1000.000000
35.200000,-81.600000,-180.200000,0.000000,-0.004389,0.002518,-0.015266,0.002876,1000.000000
35.200000,-81.600000,-180.200000,180.000000,-0.002793,0.002463,-0.013443,0.002813,1000.000000
35.200000,-82.100000,-180.200000,0.000000,-0.003887,0.002458,-0.014693,0.002807,1000.000000
35.200000,-82.100000,-180.200000,180.000000,-0.002200,0.002564,-0.012766,0.002928,1000.000000
35.200000,-82.600000,-180.200000,0.000000,-0.002937,0.002517,-0.013608,0.002874,1000.000000
35.200000,-82.600000,-180.200000,180.000000,-0.001131,0.002481,-0.011545,0.002833,1000.000000
35.200000,-83.100000,-180.200000,0.000000,-0.001617,0.002431,-0.012101,0.002776,1000.000000
35.200000,-83.100000,-180.200000,180.000000,0.000302,0.002554,-0.009909,0.002916,1000.000000
35.200000,-83.600000,-180.200000,0.000000,0.000263,0.002539,-0.009954,0.002899,1000.000000
35.200000,-83.600000,-180.200000,180.000000,0.002599,0.002472,-0.007287,0.002823,1000.000000
35.200000,-84.100000,-180.200000,0.000000,0.003021,0.002474,-0.006804,0.002825,1000.000000
35.200000,-84.100000,-180.200000,180.000000,0.005303,0.002306,-0.004199,0.002633,1000.000000
35.200000,-84.600000,-180.200000,0.000000,0.006568,0.002262,-0.002755,0.002583,1000.000000
35.200000,-84.600000,-180.200000,180.000000,0.008799,0.002333,-0.000206,0.002664,1000.000000
35.200000,-85.100000,-180.200000,0.000000,0.011227,0.002614,0.002566,0.002985,1000.000000
35.200000,-85.100000,-180.200000,180.000000,0.014072,0.002468,0.005815,0.002818,1000.000000
35.200000,-85.600000,-180.200000,0.000000,0.018153,0.002547,0.010475,0.002908,1000.000000
35.200000,-85.600000,-180.200000,180.000000,0.021086,0.002522,0.013823,0.002880,1000.000000
35.200000,-86.100000,-180.200000,0.000000,0.027750,0.002497,0.021433,0.002852,1000.000000
35.200000,-86.100000,-180.200000,180.000000,0.030957,0.002461,0.025096,0.002810,1000.000000
35.200000,-86.600000,-180.200000,0.000000,0.040041,0.002563,0.035469,0.002926,1000.000000
35.200000,-86.600000,-180.200000,180.000000,0.043578,0.002578,0.039508,0.002943,1000.000000
35.200000,-87.100000,-180.200000,0.000000,0.056132,0.002486,0.053843,0.002839,1000.000000
35.200000,-87.100000,-180.200000,180.000000,0.059991,0.002535,0.058249,0.002895,1000.000000
35.200000,-87.600000,-180.200000,0.000000,0.076470,0.002451,0.077066,0.002799,1000.000000
35.200000,-87.600000,-180.200000,180.000000,0.080899,0.002535,0.082124,0.002895,1000.000000
35.200000,-88.100000,-180.200000,0.000000,0.101161,0.002536,0.105261,0.002896,1000.000000
35.200000,-88.100000,-180.200000,180.000000,0.106455,0.002568,0.111306,0.002932,1000.000000
35.200000,-88.600000,-180.200000,0.000000,0.129801,0.002496,0.137965,0.002850,1000.000000
35.200000,-88.600000,-180.200000,180.000000,0.135207,0.002547,0.144138,0.002908,1000.000000
35.200000,-89.100000,-180.200000,0.000000,0.161049,0.002629,0.173646,0.003002,1000.000000
35.200000,-89.100000,-180.200000,180.000000,0.166786,0.002533,0.180197,0.002893,1000.000000
35.200000,-89.600000,-180.200000,0.000000,0.191435,0.002597,0.208344,0.002966,1000.000000
35.200000,-89.600000,-180.200000,180.000000,0.196954,0.002602,0.214646,0.002971,1000.000000
35.200000,-90.100000,-180.200000,0.000000,0.219293,0.002620,0.240154,0.002992,1000.000000
35.200000,-90.100000,-180.200000,180.000000,0.224793,0.002671,0.246435,0.003050,1000.000000
35.200000,-90.600000,-180.200000,0.000000,0.243537,0.002567,0.267839,0.002932,1000.000000
35.200000,-90.600000,-180.200000,180.000000,0.248880,0.002734,0.273940,0.003122,1000.000000
35.200000,-91.100000,-180.200000,0.000000,0.262986,0.002681,0.290047,0.003061,1000.000000
35.200000,-91.100000,-180.200000,180.000000,0.268115,0.002667,0.295904,0.003045,1000.000000
35.200000,-91.600000,-180.200000,0.000000,0.278557,0.002611,0.307828,0.002981,1000.000000
35.200000,-91.600000,-180.200000,180.000000,0.283424,0.002717,0.313385,0.003102,1000.000000
35.200000,-92.100000,-180.200000,0.000000,0.290440,0.002591,0.321396,0.002958,1000.000000
35.200000,-92.100000,-180.200000,180.000000,0.294955,0.002653,0.326552,0.003029,1000.000000
35.200000,-92.600000,-180.200000,0.000000,0.299318,0.002671,0.331534,0.003051,1000.000000
35.200000,-92.600000,-180.200000,180.000000,0.303535,0.002636,0.336350,0.003010,1000.000000
35.200000,-93.100000,-180.200000,0.000000,0.306247,0.002740,0.339446,0.003129,1000.000000
35.200000,-93.100000,-180.200000,180.000000,0.310164,0.002658,0.343919,0.003035,1000.000000
35.200000,-93.600000,-180.200000,0.000000,0.311380,0.002653,0.345308,0.003030,1000.000000
35.200000,-93.600000,-180.200000,180.000000,0.314827,0.002637,0.349243,0.003012,1000.000000
35.200000,-94.100000,-180.200000,0.000000,0.315340,0.002714,0.349830,0.003099,1000.000000
35.200000,-94.100000,-180.200000,180.000000,0.318480,0.002809,0.353415,0.003207,1000.000000
35.200000,-94.600000,-180.200000,0.000000,0.318258,0.002722,0.353162,0.003108,1000.000000
35.200000,-94.600000,-180.200000,180.000000,0.321146,0.002683,0.356459,0.003063,1000.000000
35.200000,-95.100000,-180.200000,0.000000,0.320443,0.002656,0.355656,0.003033,1000.000000
35.200000,-95.100000,-180.200000,180.000000,0.323436,0.002697,0.359074,0.003080,1000.000000
35.200000,-95.600000,-180.200000,0.000000,0.322073,0.002672,0.357518,0.003051,1000.000000
35.200000,-95.600000,-180.200000,180.000000,0.324982,0.002756,0.360840,0.003147,1000.000000
35.200000,-96.100000,-180.200000,0.000000,0.322952,0.002726,0.358522,0.003113,1000.000000
35.200000,-96.100000,-180.200000,180.000000,0.326112,0.002748,0.362130,0.003138,1000.000000
35.200000,-96.600000,-180.200000,0.000000,0.323433,0.002658,0.359071,0.003035,1000.000000
35.200000,-96.600000,-180.200000,180.000000,0.326811,0.002737,0.362929,0.003125,1000.000000
35.200000,-97.100000,-180.200000,0.000000,0.323334,0.002672,0.358958,0.003052,1000.000000
35.200000,-97.100000,-180.200000,180.000000,0.327048,0.002808,0.363199,0.003206,1000.000000
35.200000,-97.600000,-180.200000,0.000000,0.322851,0.002749,0.358407,0.003139,1000.000000
35.200000,-97.600000,-180.200000,180.000000,0.326713,0.002726,0.362817,0.003113,1000.000000
35.200000,-98.100000,-180.200000,0.000000,0.321733,0.002695,0.357130,0.003078,1000.000000
35.200000,-98.100000,-180.200000,180.000000,0.325769,0.002693,0.361739,0.003075,1000.000000
35.200000,-98.600000,-180.200000,0.000000,0.320318,0.002656,0.355514,0.003033,1000.000000
35.200000,-98.600000,-180.200000,180.000000,0.324384,0.002750,0.360156,0.003141,1000.000000
35.200000,-99.100000,-180.200000,0.000000,0.318459,0.002805,0.353392,0.003203,1000.000000
35.200000,-99.100000,-180.200000,180.000000,0.322381,0.002724,0.357870,0.003111,1000.000000
35.200000,-99.600000,-180.200000,0.000000,0.316005,0.002784,0.350589,0.003179,1000.000000
35.200000,-99.600000,-180.200000,180.000000,0.319617,0.002639,0.354714,0.003013,1000.000000
35.200000,-100.100000,-180.200000,0.000000,0.312865,0.002746,0.347004,0.003135,1000.000000
35.200000,-100.100000,-180.200000,180.000000,0.315889,0.002679,0.350456,0.003059,1000.000000
35.200000,-100.600000,-180.200000,0.000000,0.308821,0.002686,0.342386,0.003067,1000.000000
35.200000,-100.600000,-180.200000,180.000000,0.311353,0.002712,0.345277,0.003097,1000.000000
35.200000,-101.100000,-180.200000,0.000000,0.303522,0.002701,0.336335,0.003085,1000.000000
35.200000,-101.100000,-180.200000,180.000000,0.305186,0.002728,0.338235,0.003115,1000.000000
35.200000,-101.600000,-180.200000,0.000000,0.296144,0.002811,0.327909,0.003209,1000.000000
35.200000,-101.600000,-180.200000,180.000000,0.297438,0.002683,0.329387,0.003063,1000.000000
35.200000,-102.100000,-180.200000,0.000000,0.287198,0.002672,0.317695,0.003051,1000.000000
35.200000,-102.100000,-180.200000,180.000000,0.287995,0.002660,0.318605,0.003038,1000.000000
35.200000,-102.600000,-180.200000,0.000000,0.275447,0.002645,0.304276,0.003020,1000.000000
35.200000,-102.600000,-180.200000,180.000000,0.275836,0.002678,0.304721,0.003059,1000.000000
35.200000,-103.100000,-180.200000,0.000000,0.260257,0.002621,0.286931,0.002992,1000.000000
35.200000,-103.100000,-180.200000,180.000000,0.260169,0.002659,0.286831,0.003036,1000.000000
35.200000,-103.600000,-180.200000,0.000000,0.241586,0.002669,0.265610,0.003047,1000.000000
35.200000,-103.600000,-180.200000,180.000000,0.241145,0.002708,0.265107,0.003092,1000.000000
35.200000,-104.100000,-180.200000,0.000000,0.219159,0.002577,0.240001,0.002942,1000.000000
35.200000,-104.100000,-180.200000,180.000000,0.217884,0.002632,0.238546,0.003005,1000.000000
35.200000,-104.600000,-180.200000,0.000000,0.191798,0.002660,0.208758,0.003038,1000.000000
35.200000,-104.600000,-180.200000,180.000000,0.190027,0.002568,0.206736,0.002933,1000.000000
35.200000,-105.100000,-180.200000,0.000000,0.160999,0.002662,0.173589,0.003040,1000.000000
35.200000,-105.100000,-180.200000,180.000000,0.158551,0.002621,0.170794,0.002993,1000.000000
35.200000,-105.600000,-180.200000,0.000000,0.130861,0.002519,0.139175,0.002877,1000.000000
35.200000,-105.600000,-180.200000,180.000000,0.128283,0.002524,0.136231,0.002882,1000.000000
35.200000,-106.100000,-180.200000,0.000000,0.101337,0.002547,0.105462,0.002908,1000.000000
35.200000,-106.100000,-180.200000,180.000000,0.098978,0.002558,0.102768,0.002921,1000.000000
35.200000,-106.600000,-180.200000,0.000000,0.075524,0.002550,0.075986,0.002912,1000.000000
35.200000,-106.600000,-180.200000,180.000000,0.073598,0.002520,0.073787,0.002877,1000.000000
35.200000,-107.100000,-180.200000,0.000000,0.054647,0.002475,0.052147,0.002826,1000.000000
35.200000,-107.100000,-180.200000,180.000000,0.052749,0.002614,0.049980,0.002984,1000.000000
35.200000,-107.600000,-180.200000,0.000000,0.038091,0.002515,0.033242,0.002871,1000.000000
35.200000,-107.600000,-180.200000,180.000000,0.036563,0.002480,0.031497,0.002831,1000.000000
35.200000,-108.100000,-180.200000,0.000000,0.025485,0.002465,0.018847,0.002815,1000.000000
35.200000,-108.100000,-180.200000,180.000000,0.024223,0.002443,0.017406,0.002789,1000.000000
35.200000,-108.600000,-180.200000,0.000000,0.016305,0.002511,0.008365,0.002867,1000.000000
35.200000,-108.600000,-180.200000,180.000000,0.015233,0.002513,0.007140,0.002870,1000.000000
35.200000,-109.100000,-180.200000,0.000000,0.009554,0.002417,0.000656,0.002759,1000.000000
35.200000,-109.100000,-180.200000,180.000000,0.008552,0.002305,-0.000489,0.002632,1000.000000
35.200000,-109.600000,-180.200000,0.000000,0.004960,0.002340,-0.004590,0.002671,1000.000000
35.200000,-109.600000,-180.200000,180.000000,0.004005,0.002349,-0.005681,0.002683,1000.000000
35.200000,-110.100000,-180.200000,0.000000,0.001303,0.002555,-0.008766,0.002917,1000.000000
35.200000,-110.100000,-180.200000,180.000000,0.000395,0.002571,-0.009803,0.002935,1000.000000
35.200000,-110.600000,-180.200000,0.000000,-0.001388,0.002483,-0.011839,0.002836,1000.000000
35.200000,-110.600000,-180.200000,180.000000,-0.002287,0.002518,-0.012866,0.002876,1000.000000
35.200000,-111.100000,-180.200000,0.000000,-0.003346,0.002517,-0.014075,0.002875,1000.000000
35.200000,-111.100000,-180.200000,180.000000,-0.004133,0.002423,-0.014974,0.002767,1000.000000
35.200000,-111.600000,-180.200000,0.000000,-0.004644,0.002458,-0.015557,0.002807,1000.000000
35.200000,-111.600000,-180.200000,180.000000,-0.005409,0.002445,-0.016431,0.002792,1000.000000
35.200000,-112.100000,-180.200000,0.000000,-0.005343,0.002469,-0.016355,0.002819,1000.000000
35.200000,-112.100000,-180.200000,180.000000,-0.006049,0.002490,-0.017161,0.002843,1000.000000
35.200000,-112.600000,-180.200000,0.000000,-0.005709,0.002481,-0.016773,0.002833,1000.000000
35.200000,-112.600000,-180.200000,180.000000,-0.006464,0.002460,-0.017635,0.002809,1000.000000
35.200000,-113.100000,-180.200000,0.000000,-0.005928,0.002560,-0.017023,0.002924,1000.000000
35.200000,-113.100000,-180.200000,180.000000,-0.006454,0.002518,-0.017624,0.002875,1000.000000
35.200000,-113.600000,-180.200000,0.000000,-0.005848,0.002485,-0.016931,0.002838,1000.000000
35.200000,-113.600000,-180.200000,180.000000,-0.006483,0.002473,-0.017657,0.002824,1000.000000
35.200000,-114.100000,-180.200000,0.000000,-0.005669,0.002446,-0.016728,0.002793,1000.000000
35.200000,-114.100000,-180.200000,180.000000,-0.006076,0.002528,-0.017192,0.002886,1000.000000
35.200000,-114.600000,-180.200000,0.000000,-0.005329,0.002530,-0.016339,0.002889,1000.000000
35.200000,-114.600000,-180.200000,180.000000,-0.005758,0.002520,-0.016829,0.002877,1000.000000
35.200000,-115.100000,-180.200000,0.000000,-0.004895,0.002426,-0.015843,0.002770,1000.000000
35.200000,-115.100000,-180.200000,180.000000,-0.005304,0.002426,-0.016310,0.002770,1000.000000
35.200000,-115.600000,-180.200000,0.000000,-0.004448,0.002484,-0.015333,0.002836,1000.000000
35.200000,-115.600000,-180.200000,180.000000,-0.004790,0.002437,-0.015724,0.002782,1000.000000
35.200000,-116.100000,-180.200000,0.000000,-0.004036,0.002456,-0.014863,0.002804,1000.000000
35.200000,-116.100000,-180.200000,180.000000,-0.004385,0.002531,-0.015262,0.002890,1000.000000
35.200000,-116.600000,-180.200000,0.000000,-0.003449,0.002452,-0.014193,0.002800,1000.000000
35.200000,-116.600000,-180.200000,180.000000,-0.003729,0.002419,-0.014512,0.002762,1000.000000
35.200000,-117.100000,-180.200000,0.000000,-0.002923,0.002488,-0.013592,0.002841,1000.000000
35.200000,-117.100000,-180.200000,180.000000,-0.003238,0.002418,-0.013951,0.002761,1000.000000
35.200000,-117.600000,-180.200000,0.000000,-0.002369,0.002512,-0.012959,0.002868,1000.000000
35.200000,-117.600000,-180.200000,180.000000,-0.002684,0.002539,-0.013318,0.002899,1000.000000
35.200000,-118.100000,-180.200000,0.000000,-0.001849,0.002404,-0.012366,0.002745,1000.000000
35.200000,-118.100000,-180.200000,180.000000,-0.002099,0.002458,-0.012651,0.002807,1000.000000
35.200000,-118.600000,-180.200000,0.000000,-0.001335,0.002491,-0.011778,0.002845,1000.000000
35.200000,-118.600000,-180.200000,180.000000,-0.001589,0.002537,-0.012069,0.002896,1000.000000
35.200000,-119.100000,-180.200000,0.000000,-0.000838,0.002500,-0.011211,0.002855,1000.000000
35.200000,-119.100000,-180.200000,180.000000,-0.000964,0.002433,-0.011355,0.002779,1000.000000
35.200000,-119.600000,-180.200000,0.000000,-0.000300,0.002540,-0.010597,0.002900,1000.000000
35.200000,-119.600000,-180.200000,180.000000,-0.000544,0.002473,-0.010875,0.002824,1000.000000
35.200000,-120.100000,-180.200000,0.000000,0.000250,0.002574,-0.009969,0.002939,1000.000000
35.200000,-120.100000,-180.200000,180.000000,-0.000067,0.002499,-0.010331,0.002853,1000.000000
35.200000,-120.600000,-180.200000,0.000000,0.000729,0.002539,-0.009422,0.002899,1000.000000
35.200000,-120.600000,-180.200000,180.000000,0.000493,0.002552,-0.009691,0.002914,1000.000000
35.200000,-121.100000,-180.200000,0.000000,0.001126,0.002632,-0.008968,0.003005,1000.000000
35.200000,-121.100000,-180.200000,180.000000,0.000926,0.002532,-0.009196,0.002891,1000.000000
35.200000,-121.600000,-180.200000,0.000000,0.001592,0.002567,-0.008436,0.002931,1000.000000
35.200000,-121.600000,-180.200000,180.000000,0.001327,0.002513,-0.008738,0.002870,1000.000000
35.200000,-122.100000,-180.200000,0.000000,0.001968,0.002552,-0.008007,0.002914,1000.000000
35.200000,-122.100000,-180.200000,180.000000,0.001848,0.002529,-0.008143,0.002888,1000.000000
35.200000,-122.600000,-180.200000,0.000000,0.002415,0.002559,-0.007496,0.002923,1000.000000
35.200000,-122.600000,-180.200000,180.000000,0.002222,0.002517,-0.007717,0.002875,1000.000000
35.200000,-123.100000,-180.200000,0.000000,0.002758,0.002508,-0.007105,0.002864,1000.000000
35.200000,-123.100000,-180.200000,180.000000,0.002526,0.002587,-0.007370,0.002954,1000.000000
35.200000,-123.600000,-180.200000,0.000000,0.003172,0.002456,-0.006632,0.002804,1000.000000
35.200000,-123.600000,-180.200000,180.000000,0.003021,0.002511,-0.006804,0.002867,1000.000000
35.200000,-124.100000,-180.200000,0.000000,0.003425,0.002470,-0.006343,0.002820,1000.000000
35.200000,-124.100000,-180.200000,180.000000,0.003302,0.002480,-0.006484,0.002831,1000.000000
35.200000,-124.600000,-180.200000,0.000000,0.003770,0.002392,-0.005949,0.002732,1000.000000
35.200000,-124.600000,-180.200000,180.000000,0.003630,0.002451,-0.006109,0.002799,1000.000000
35.200000,-125.100000,-180.200000,0.000000,0.004047,0.002389,-0.005633,0.002728,1000.000000
35.200000,-125.100000,-180.200000,180.000000,0.003996,0.002388,-0.005691,0.002727,1000.000000
35.200000,-125.600000,-180.200000,0.000000,0.004317,0.002384,-0.005325,0.002722,1000.000000
35.200000,-125.600000,-180.200000,180.000000,0.004177,0.002458,-0.005485,0.002807,1000.000000
35.200000,-126.100000,-180.200000,0.000000,0.004502,0.002429,-0.005114,0.002774,1000.000000
35.200000,-126.100000,-180.200000,180.000000,0.004488,0.002431,-0.005130,0.002776,1000.000000
35.200000,-126.600000,-180.200000,0.000000,0.004754,0.002328,-0.004826,0.002659,1000.000000
35.200000,-126.600000,-180.200000,180.000000,0.004700,0.002238,-0.004887,0.002555,1000.000000
35.200000,-127.100000,-180.200000,0.000000,0.005049,0.002267,-0.004488,0.002589,1000.000000
35.200000,-127.100000,-180.200000,180.000000,0.004944,0.002396,-0.004609,0.002736,1000.000000
35.200000,-127.600000,-180.200000,0.000000,0.005226,0.002322,-0.004286,0.002652,1000.000000
35.200000,-127.600000,-180.200000,180.000000,0.005212,0.002291,-0.004302,0.002616,1000.000000
35.200000,-128.100000,-180.200000,0.000000,0.005540,0.002238,-0.003928,0.002556,1000.000000
35.200000,-128.100000,-180.200000,180.000000,0.005442,0.002321,-0.004040,0.002650,1000.000000
35.200000,-128.600000,-180.200000,0.000000,0.005654,0.002283,-0.003797,0.002607,1000.000000
35.200000,-128.600000,-180.200000,180.000000,0.005600,0.002235,-0.003860,0.002552,1000.000000
35.200000,-129.100000,-180.200000,0.000000,0.005756,0.002328,-0.003681,0.002659,1000.000000
35.200000,-129.100000,-180.200000,180.000000,0.005829,0.002221,-0.003598,0.002536,1000.000000
35.200000,-129.600000,-180.200000,0.000000,0.006008,0.002319,-0.003393,0.002648,1000.000000
35.200000,-129.600000,-180.200000,180.000000,0.006001,0.002371,-0.003402,0.002708,1000.000000
35.200000,-130.100000,-180.200000,0.000000,0.006193,0.002207,-0.003182,0.002520,1000.000000
35.200000,-130.100000,-180.200000,180.000000,0.006118,0.002334,-0.003268,0.002665,1000.000000
35.200000,-130.600000,-180.200000,0.000000,0.006303,0.002278,-0.003057,0.002601,1000.000000
35.200000,-130.600000,-180.200000,180.000000,0.006264,0.002243,-0.003101,0.002561,1000.000000
35.200000,-131.100000,-180.200000,0.000000,0.006466,0.002281,-0.002871,0.002604,1000.000000
35.200000,-131.100000,-180.200000,180.000000,0.006440,0.002319,-0.002900,0.002648,1000.000000
35.200000,-131.600000,-180.200000,0.000000,0.006631,0.002293,-0.002682,0.002618,1000.000000
35.200000,-131.600000,-180.200000,180.000000,0.006648,0.002297,-0.002663,0.002623,1000.000000
35.200000,-132.100000,-180.200000,0.000000,0.006757,0.002306,-0.002538,0.002634,1000.000000
35.200000,-132.100000,-180.200000,180.000000,0.006725,0.002290,-0.002574,0.002615,1000.000000
35.200000,-132.600000,-180.200000,0.000000,0.006931,0.002339,-0.002340,0.002670,1000.000000
35.200000,-132.600000,-180.200000,180.000000,0.006854,0.002226,-0.002427,0.002541,1000.000000
35.200000,-133.100000,-180.200000,0.000000,0.007027,0.002322,-0.002230,0.002652,1000.000000
35.200000,-133.100000,-180.200000,180.000000,0.006970,0.002212,-0.002295,0.002526,1000.000000
35.200000,-133.600000,-180.200000,0.000000,0.007210,0.002272,-0.002022,0.002594,1000.000000
35.200000,-133.600000,-180.200000,180.000000,0.007063,0.002232,-0.002189,0.002548,1000.000000
35.200000,-134.100000,-180.200000,0.000000,0.007245,0.002350,-0.001981,0.002684,1000.000000
35.200000,-134.100000,-180.200000,180.000000,0.007236,0.002303,-0.001991,0.002630,1000.000000
35.200000,-134.600000,-180.200000,0.000000,0.007430,0.002346,-0.001770,0.002679,1000.000000
35.200000,-134.600000,-180.200000,180.000000,0.007334,0.002265,-0.001879,0.002586,1000.000000
35.200000,-135.100000,-180.200000,0.000000,0.007472,0.002280,-0.001722,0.002603,1000.000000
35.200000,-135.100000,-180.200000,180.000000,0.007485,0.002294,-0.001707,0.002619,1000.000000
35.200000,-135.600000,-180.200000,0.000000,0.007612,0.002249,-0.001562,0.002568,1000.000000
35.200000,-135.600000,-180.200000,180.000000,0.007534,0.002335,-0.001651,0.002667,1000.000000
35.200000,-136.100000,-180.200000,0.000000,0.007739,0.002279,-0.001416,0.002603,1000.000000
35.200000,-136.100000,-180.200000,180.000000,0.007719,0.002281,-0.001440,0.002605,1000.000000
35.200000,-136.600000,-180.200000,0.000000,0.007822,0.002291,-0.001322,0.002616,1000.000000
35.200000,-136.600000,-180.200000,180.000000,0.007843,0.002271,-0.001299,0.002593,1000.000000
35.200000,-137.100000,-180.200000,0.000000,0.007839,0.002274,-0.001303,0.002597,1000.000000
35.200000,-137.100000,-180.200000,180.000000,0.007950,0.002252,-0.001176,0.002572,1000.000000
35.200000,-137.600000,-180.200000,0.000000,0.008082,0.002279,-0.001025,0.002602,1000.000000
35.200000,-137.600000,-180.200000,180.000000,0.008013,0.002274,-0.001104,0.002596,1000.000000
35.200000,-138.100000,-180.200000,0.000000,0.008050,0.002311,-0.001062,0.002639,1000.000000
35.200000,-138.100000,-180.200000,180.000000,0.008023,0.002246,-0.001092,0.002565,1000.000000
35.200000,-138.600000,-180.200000,0.000000,0.008189,0.002375,-0.000903,0.002712,1000.000000
35.200000,-138.600000,-180.200000,180.000000,0.008172,0.002382,-0.000922,0.002720,1000.000000
35.200000,-139.100000,-180.200000,0.000000,0.008327,0.002324,-0.000746,0.002654,1000.000000
35.200000,-139.100000,-180.200000,180.000000,0.008151,0.002268,-0.000947,0.002590,1000.000000
35.200000,-139.600000,-180.200000,0.000000,0.008397,0.002291,-0.000666,0.002616,1000.000000
35.200000,-139.600000,-180.200000,180.000000,0.008314,0.002313,-0.000761,0.002642,1000.000000
35.200000,-140.100000,-180.200000,0.000000,0.008408,0.002318,-0.000653,0.002647,1000.000000
35.200000,-140.100000,-180.200000,180.000000,0.008393,0.002403,-0.000670,0.002743,1000.000000
35.200000,-140.600000,-180.200000,0.000000,0.008465,0.002291,-0.000587,0.002616,1000.000000
35.200000,-140.600000,-180.200000,180.000000,0.008379,0.002262,-0.000686,0.002583,1000.000000
35.200000,-141.100000,-180.200000,0.000000,0.008486,0.002337,-0.000564,0.002669,1000.000000
35.200000,-141.100000,-180.200000,180.000000,0.008514,0.002322,-0.000532,0.002651,1000.000000
35.200000,-141.600000,-180.200000,0.000000,0.008579,0.002336,-0.000458,0.002667,1000.000000
35.200000,-141.600000,-180.200000,180.000000,0.008608,0.002281,-0.000425,0.002605,1000.000000
35.200000,-142.100000,-180.200000,0.000000,0.008611,0.002341,-0.000422,0.002674,1000.000000
35.200000,-142.100000,-180.200000,180.000000,0.008635,0.002353,-0.000394,0.002687,1000.000000
35.200000,-142.600000,-180.200000,0.000000,0.008710,0.002310,-0.000308,0.002637,1000.000000
35.200000,-142.600000,-180.200000,180.000000,0.008640,0.002250,-0.000388,0.002569,1000.000000
35.200000,-143.100000,-180.200000,0.000000,0.008658,0.002346,-0.000368,0.002679,1000.000000
35.200000,-143.100000,-180.200000,180.000000,0.008676,0.002292,-0.000347,0.002618,1000.000000
35.200000,-143.600000,-180.200000,0.000000,0.008820,0.002329,-0.000183,0.002660,1000.000000
35.200000,-143.600000,-180.200000,180.000000,0.008834,0.002298,-0.000167,0.002625,1000.000000
35.200000,-144.100000,-180.200000,0.000000,0.008906,0.002298,-0.000084,0.002624,1000.000000
35.200000,-144.100000,-180.200000,180.000000,0.008828,0.002373,-0.000173,0.002709,1000.000000
35.200000,-144.600000,-180.200000,0.000000,0.008975,0.002342,-0.000006,0.002674,1000.000000
35.200000,-144.600000,-180.200000,180.000000,0.008865,0.002332,-0.000131,0.002663,1000.000000
35.200000,-145.100000,-180.200000,0.000000,0.008985,0.002382,0.000006,0.002720,1000.000000
35.200000,-145.100000,-180.200000,180.000000,0.008898,0.002374,-0.000093,0.002711,1000.000000
35.200000,-145.600000,-180.200000,0.000000,0.008970,0.002391,-0.000011,0.002730,1000.000000
35.200000,-145.600000,-180.200000,180.000000,0.008984,0.002377,0.000005,0.002714,1000.000000
35.200000,-146.100000,-180.200000,0.000000,0.009045,0.002356,0.000074,0.002691,1000.000000
35.200000,-146.100000,-180.200000,180.000000,0.009063,0.002312,0.000095,0.002640,1000.000000
35.200000,-146.600000,-180.200000,0.000000,0.009124,0.002415,0.000165,0.002758,1000.000000
35.200000,-146.600000,-180.200000,180.000000,0.009046,0.002365,0.000076,0.002701,1000.000000
35.200000,-147.100000,-180.200000,0.000000,0.009151,0.002379,0.000195,0.002717,1000.000000
35.200000,-147.100000,-180.200000,180.000000,0.009129,0.002354,0.000170,0.002687,1000.000000
35.200000,-147.600000,-180.200000,0.000000,0.009275,0.002443,0.000338,0.002790,1000.000000
35.200000,-147.600000,-180.200000,180.000000,0.009125,0.002428,0.000166,0.002773,1000.000000
35.200000,-148.100000,-180.200000,0.000000,0.009143,0.002454,0.000186,0.002802,1000.000000
35.200000,-148.100000,-180.200000,180.000000,0.009153,0.002356,0.000198,0.002691,1000.000000
35.200000,-148.600000,-180.200000,0.000000,0.009279,0.002379,0.000342,0.002717,1000.000000
35.200000,-148.600000,-180.200000,180.000000,0.009230,0.002440,0.000285,0.002786,1000.000000
35.200000,-149.100000,-180.200000,0.000000,0.009300,0.002439,0.000365,0.002785,1000.000000
35.200000,-149.100000,-180.200000,180.000000,0.009302,0.002446,0.000368,0.002793,1000.000000
35.200000,-149.600000,-180.200000,0.000000,0.009368,0.002445,0.000444,0.002792,1000.000000
35.200000,-149.600000,-180.200000,180.000000,0.009391,0.002358,0.000470,0.002692,1000.000000
35.200000,-150.100000,-180.200000,0.000000,0.009352,0.002387,0.000425,0.002725,1000.000000
35.200000,-150.100000,-180.200000,180.000000,0.009353,0.002436,0.000426,0.002782,1000.000000
35.200000,-150.600000,-180.200000,0.000000,0.009324,0.002406,0.000393,0.002748,1000.000000
35.200000,-150.600000,-180.200000,180.000000,0.009365,0.002396,0.000439,0.002736,1000.000000
35.200000,-151.100000,-180.200000,0.000000,0.009419,0.002429,0.000502,0.002774,1000.000000
35.200000,-151.100000,-180.200000,180.000000,0.009377,0.002310,0.000454,0.002638,1000.000000
35.200000,-151.600000,-180.200000,0.000000,0.009447,0.002327,0.000534,0.002657,1000.000000
35.200000,-151.600000,-180.200000,180.000000,0.009426,0.002431,0.000509,0.002776,1000.000000
35.200000,-152.100000,-180.200000,0.000000,0.009553,0.002431,0.000655,0.002776,1000.000000
35.200000,-152.100000,-180.200000,180.000000,0.009365,0.002425,0.000439,0.002769,1000.000000
35.200000,-152.600000,-180.200000,0.000000,0.009481,0.002378,0.000572,0.002716,1000.000000
35.200000,-152.600000,-180.200000,180.000000,0.009530,0.002423,0.000628,0.002767,1000.000000
35.200000,-153.100000,-180.200000,0.000000,0.009540,0.002422,0.000640,0.002766,1000.000000
35.200000,-153.100000,-180.200000,180.000000,0.009553,0.002476,0.000655,0.002828,1000.000000
35.200000,-153.600000,-180.200000,0.000000,0.009547,0.002445,0.000647,0.002792,1000.000000
35.200000,-153.600000,-180.200000,180.000000,0.009533,0.002362,0.000631,0.002698,1000.000000
35.200000,-154.100000,-180.200000,0.000000,0.009590,0.002348,0.000697,0.002681,1000.000000
35.200000,-154.100000,-180.200000,180.000000,0.009523,0.002479,0.000620,0.002831,1000.000000
35.200000,-154.600000,-180.200000,0.000000,0.009608,0.002357,0.000717,0.002691,1000.000000
35.200000,-154.600000,-180.200000,180.000000,0.009552,0.002452,0.000653,0.002799,1000.000000
35.200000,-155.100000,-180.200000,0.000000,0.009645,0.002476,0.000759,0.002828,1000.000000
35.200000,-155.100000,-180.200000,180.000000,0.009568,0.002489,0.000672,0.002842,1000.000000
35.200000,-155.600000,-180.200000,0.000000,0.009689,0.002380,0.000810,0.002717,1000.000000
35.200000,-155.600000,-180.200000,180.000000,0.009656,0.002495,0.000772,0.002849,1000.000000
35.200000,-156.100000,-180.200000,0.000000,0.009701,0.002435,0.000823,0.002780,1000.000000
35.200000,-156.100000,-180.200000,180.000000,0.009633,0.002410,0.000746,0.002752,1000.000000
35.200000,-156.600000,-180.200000,0.000000,0.009681,0.002407,0.000800,0.002749,1000.000000
35.200000,-156.600000,-180.200000,180.000000,0.009636,0.002514,0.000749,0.002871,1000.000000
35.200000,-157.100000,-180.200000,0.000000,0.009735,0.002453,0.000863,0.002801,1000.000000
35.200000,-157.100000,-180.200000,180.000000,0.009618,0.002470,0.000729,0.002821,1000.000000
35.200000,-157.600000,-180.200000,0.000000,0.009743,0.002416,0.000871,0.002758,1000.000000
35.200000,-157.600000,-180.200000,180.000000,0.009796,0.002417,0.000932,0.002760,1000.000000
35.200000,-158.100000,-180.200000,0.000000,0.009753,0.002486,0.000883,0.002839,1000.000000
35.200000,-158.100000,-180.200000,180.000000,0.009775,0.002432,0.000908,0.002777,1000.000000
35.200000,-158.600000,-180.200000,0.000000,0.009747,0.002454,0.000876,0.002802,1000.000000
35.200000,-158.600000,-180.200000,180.000000,0.009789,0.002432,0.000924,0.002777,1000.000000
35.200000,-159.100000,-180.200000,0.000000,0.009737,0.002432,0.000864,0.002777,1000.000000
35.200000,-159.100000,-180.200000,180.000000,0.009853,0.002454,0.000996,0.002802,1000.000000
35.200000,-159.600000,-180.200000,0.000000,0.009754,0.002467,0.000884,0.002817,1000.000000
35.200000,-159.600000,-180.200000,180.000000,0.009729,0.002437,0.000855,0.002782,1000.000000
35.200000,-160.100000,-180.200000,0.000000,0.009846,0.002422,0.000989,0.002766,1000.000000
35.200000,-160.100000,-180.200000,180.000000,0.009822,0.002504,0.000962,0.002860,1000.000000
35.200000,-160.600000,-180.200000,0.000000,0.009823,0.002418,0.000963,0.002761,1000.000000
35.200000,-160.600000,-180.200000,180.000000,0.009865,0.002483,0.001011,0.002836,1000.000000
35.200000,-161.100000,-180.200000,0.000000,0.009945,0.002519,0.001103,0.002876,1000.000000
35.200000,-161.100000,-180.200000,180.000000,0.009840,0.002477,0.000982,0.002829,1000.000000
35.200000,-161.600000,-180.200000,0.000000,0.009845,0.002530,0.000988,0.002890,1000.000000
35.200000,-161.600000,-180.200000,180.000000,0.009882,0.002558,0.001030,0.002921,1000.000000
35.200000,-162.100000,-180.200000,0.000000,0.009891,0.002405,0.001040,0.002746,1000.000000
35.200000,-162.100000,-180.200000,180.000000,0.009827,0.002526,0.000967,0.002884,1000.000000
35.200000,-162.600000,-180.200000,0.000000,0.009891,0.002427,0.001040,0.002772,1000.000000
35.200000,-162.600000,-180.200000,180.000000,0.009870,0.002450,0.001017,0.002797,1000.000000
35.200000,-163.100000,-180.200000,0.000000,0.009921,0.002459,0.001075,0.002808,1000.000000
35.200000,-163.100000,-180.200000,180.000000,0.009886,0.002492,0.001034,0.002846,1000.000000
35.200000,-163.600000,-180.200000,0.000000,0.009984,0.002451,0.001146,0.002799,1000.000000
35.200000,-163.600000,-180.200000,180.000000,0.009873,0.002427,0.001020,0.002771,1000.000000
35.200000,-164.100000,-180.200000,0.000000,0.009959,0.002490,0.001119,0.002844,1000.000000
35.200000,-164.100000,-180.200000,180.000000,0.009965,0.002514,0.001124,0.002871,1000.000000
35.200000,-164.600000,-180.200000,0.000000,0.009888,0.002448,0.001037,0.002796,1000.000000
35.200000,-164.600000,-180.200000,180.000000,0.009971,0.002386,0.001132,0.002725,1000.000000
35.200000,-165.100000,-180.200000,0.000000,0.009989,0.002452,0.001152,0.002800,1000.000000
35.200000,-165.100000,-180.200000,180.000000,0.009959,0.002467,0.001119,0.002818,1000.000000
35.200000,-165.600000,-180.200000,0.000000,0.010002,0.002528,0.001167,0.002887,1000.000000
35.200000,-165.600000,-180.200000,180.000000,0.009900,0.002418,0.001050,0.002761,1000.000000
35.200000,-166.100000,-180.200000,0.000000,0.009974,0.002431,0.001135,0.002776,1000.000000
35.200000,-166.100000,-180.200000,180.000000,0.009938,0.002504,0.001094,0.002859,1000.000000
35.200000,-166.600000,-180.200000,0.000000,0.010056,0.002486,0.001229,0.002839,1000.000000
35.200000,-166.600000,-180.200000,180.000000,0.010035,0.002468,0.001204,0.002818,1000.000000
35.200000,-167.100000,-180.200000,0.000000,0.009943,0.002460,0.001100,0.002810,1000.000000
35.200000,-167.100000,-180.200000,180.000000,0.009994,0.002479,0.001158,0.002830,1000.000000
35.200000,-167.600000,-180.200000,0.000000,0.009975,0.002504,0.001136,0.002859,1000.000000
35.200000,-167.600000,-180.200000,180.000000,0.010028,0.002464,0.001197,0.002814,1000.000000
35.200000,-168.100000,-180.200000,0.000000,0.010016,0.002455,0.001183,0.002803,1000.000000
35.200000,-168.100000,-180.200000,180.000000,0.010060,0.002469,0.001234,0.002819,1000.000000
35.200000,-168.600000,-180.200000,0.000000,0.010058,0.002519,0.001231,0.002876,1000.000000
35.200000,-168.600000,-180.200000,180.000000,0.010028,0.002454,0.001197,0.002803,1000.000000
35.200000,-169.100000,-180.200000,0.000000,0.010107,0.002498,0.001287,0.002853,1000.000000
35.200000,-169.100000,-180.200000,180.000000,0.010040,0.002499,0.001210,0.002854,1000.000000
35.200000,-169.600000,-180.200000,0.000000,0.010087,0.002482,0.001264,0.002834,1000.000000
35.200000,-169.600000,-180.200000,180.000000,0.010079,0.002460,0.001255,0.002809,1000.000000
35.200000,-170.100000,-180.200000,0.000000,0.010038,0.002487,0.001209,0.002840,1000.000000
35.200000,-170.100000,-180.200000,180.000000,0.010093,0.002421,0.001271,0.002765,1000.000000
35.200000,-170.600000,-180.200000,0.000000,0.010133,0.002379,0.001316,0.002716,1000.000000
35.200000,-170.600000,-180.200000,180.000000,0.010084,0.002454,0.001261,0.002802,1000.000000
35.200000,-171.100000,-180.200000,0.000000,0.010105,0.002458,0.001284,0.002807,1000.000000
35.200000,-171.100000,-180.200000,180.000000,0.010140,0.002413,0.001325,0.002756,1000.000000
35.200000,-171.600000,-180.200000,0.000000,0.010101,0.002484,0.001280,0.002836,1000.000000
35.200000,-171.600000,-180.200000,180.000000,0.010135,0.002449,0.001319,0.002796,1000.000000
35.200000,-172.100000,-180.200000,0.000000,0.010138,0.002416,0.001322,0.002759,1000.000000
35.200000,-172.100000,-180.200000,180.000000,0.010154,0.002523,0.001341,0.002881,1000.000000
35.200000,-172.600000,-180.200000,0.000000,0.010075,0.002492,0.001251,0.002845,1000.000000
35.200000,-172.600000,-180.200000,180.000000,0.010114,0.002506,0.001295,0.002861,1000.000000
35.200000,-173.100000,-180.200000,0.000000,0.010177,0.002558,0.001367,0.002921,1000.000000
35.200000,-173.100000,-180.200000,180.000000,0.010131,0.002497,0.001315,0.002851,1000.000000
35.200000,-173.600000,-180.200000,0.000000,0.010087,0.002442,0.001264,0.002788,1000.000000
35.200000,-173.600000,-180.200000,180.000000,0.010148,0.002456,0.001334,0.002804,1000.000000
35.200000,-174.100000,-180.200000,0.000000,0.010175,0.002459,0.001364,0.002808,1000.000000
35.200000,-174.100000,-180.200000,180.000000,0.010083,0.002473,0.001260,0.002824,1000.000000
35.200000,-174.600000,-180.200000,0.000000,0.010135,0.002548,0.001319,0.002910,1000.000000
35.200000,-174.600000,-180.200000,180.000000,0.010050,0.002524,0.001222,0.002882,1000.000000
35.200000,-175.100000,-180.200000,0.000000,0.010156,0.002534,0.001343,0.002893,1000.000000
35.200000,-175.100000,-180.200000,180.000000,0.010218,0.002476,0.001414,0.002827,1000.000000
35.200000,-175.600000,-180.200000,0.000000,0.010222,0.002445,0.001418,0.002791,1000.000000
35.200000,-175.600000,-180.200000,180.000000,0.010142,0.002466,0.001327,0.002816,1000.000000
35.200000,-176.100000,-180.200000,0.000000,0.010159,0.002532,0.001347,0.002892,1000.000000
35.200000,-176.100000,-180.200000,180.000000,0.010139,0.002514,0.001324,0.002871,1000.000000
35.200000,-176.600000,-180.200000,0.000000,0.010157,0.002503,0.001344,0.002859,1000.000000
35.200000,-176.600000,-180.200000,180.000000,0.010161,0.002454,0.001348,0.002802,1000.000000
35.200000,-177.100000,-180.200000,0.000000,0.010193,0.002450,0.001385,0.002798,1000.000000
35.200000,-177.100000,-180.200000,180.000000,0.010208,0.002434,0.001402,0.002779,1000.000000
35.200000,-177.600000,-180.200000,0.000000,0.010189,0.002452,0.001380,0.002800,1000.000000
35.200000,-177.600000,-180.200000,180.000000,0.010194,0.002517,0.001386,0.002874,1000.000000
35.200000,-178.100000,-180.200000,0.000000,0.010246,0.002488,0.001446,0.002841,1000.000000
35.200000,-178.100000,-180.200000,180.000000,0.010138,0.002462,0.001322,0.002811,1000.000000
35.200000,-178.600000,-180.200000,0.000000,0.010203,0.002470,0.001396,0.002821,1000.000000
35.200000,-178.600000,-180.200000,180.000000,0.010235,0.002500,0.001433,0.002855,1000.000000
35.200000,-179.100000,-180.200000,0.000000,0.010213,0.002559,0.001408,0.002922,1000.000000
35.200000,-179.100000,-180.200000,180.000000,0.010231,0.002527,0.001428,0.002885,1000.000000
35.200000,-179.600000,-180.200000,0.000000,0.010227,0.002477,0.001424,0.002829,1000.000000
35.200000,-179.600000,-180.200000,180.000000,0.010200,0.002446,0.001394,0.002793,1000.000000
35.200000,-180.100000,-180.200000,0.000000,0.010190,0.002454,0.001382,0.002802,1000.000000
35.200000,-180.100000,-180.200000,180.000000,0.010187,0.002527,0.001379,0.002885,1000.000000
35.200000,-180.600000,-180.200000,0.000000,0.010282,0.002481,0.001487,0.002833,1000.000000
35.200000,-180.600000,-180.200000,180.000000,0.010255,0.002524,0.001456,0.002882,1000.000000
35.200000,-181.100000,-180.200000,0.000000,0.010264,0.002490,0.001466,0.002843,1000.000000
35.200000,-181.100000,-180.200000,180.000000,0.010227,0.002517,0.001424,0.002874,1000.000000
35.200000,-181.600000,-180.200000,0.000000,0.010270,0.002438,0.001474,0.002784,1000.000000
35.200000,-181.600000,-180.200000,180.000000,0.010249,0.002440,0.001449,0.002786,1000.000000
35.200000,-182.100000,-180.200000,0.000000,0.010282,0.002435,0.001487,0.002780,1000.000000
35.200000,-182.100000,-180.200000,180.000000,0.010245,0.002490,0.001444,0.002843,1000.000000
35.200000,-182.600000,-180.200000,0.000000,0.010232,0.002492,0.001430,0.002845,1000.000000
35.200000,-182.600000,-180.200000,180.000000,0.010232,0.002496,0.001430,0.002850,1000.000000
35.200000,-183.100000,-180.200000,0.000000,0.010254,0.002551,0.001455,0.002913,1000.000000
35.200000,-183.100000,-180.200000,180.000000,0.010258,0.002464,0.001459,0.002813,1000.000000
35.200000,-183.600000,-180.200000,0.000000,0.010278,0.002379,0.001482,0.002716,1000.000000
35.200000,-183.600000,-180.200000,180.000000,0.010227,0.002551,0.001424,0.002913,1000.000000
35.200000,-184.100000,-180.200000,0.000000,0.010231,0.002501,0.001428,0.002856,1000.000000
35.200000,-184.100000,-180.200000,180.000000,0.010275,0.002478,0.001479,0.002829,1000.000000
35.200000,-184.600000,-180.200000,0.000000,0.010284,0.002506,0.001490,0.002861,1000.000000
35.200000,-184.600000,-180.200000,180.000000,0.010334,0.002507,0.001546,0.002863,1000.000000
35.200000,-185.100000,-180.200000,0.000000,0.010311,0.002554,0.001520,0.002916,1000.000000
35.200000,-185.100000,-180.200000,180.000000,0.010263,0.002550,0.001465,0.002911,1000.000000
35.200000,-185.600000,-180.200000,0.000000,0.010256,0.002528,0.001458,0.002887,1000.000000
35.200000,-185.600000,-180.200000,180.000000,0.010282,0.002494,0.001487,0.002848,1000.000000
35.200000,-186.100000,-180.200000,0.000000,0.010270,0.002491,0.001474,0.002844,1000.000000
35.200000,-186.100000,-180.200000,180.000000,0.010312,0.002439,0.001522,0.002785,1000.000000
35.200000,-186.600000,-180.200000,0.000000,0.010291,0.002514,0.001497,0.002871,1000.000000
35.200000,-186.600000,-180.200000,180.000000,0.010287,0.002527,0.001492,0.002885,1000.000000
35.200000,-187.100000,-180.200000,0.000000,0.010316,0.002510,0.001526,0.002866,1000.000000
35.200000,-187.100000,-180.200000,180.000000,0.010270,0.002517,0.001474,0.002874,1000.000000
35.200000,-187.600000,-180.200000,0.000000,0.010302,0.002475,0.001510,0.002827,1000.000000
35.200000,-187.600000,-180.200000,180.000000,0.010272,0.002416,0.001475,0.002758,1000.000000
35.200000,-188.100000,-180.200000,0.000000,0.010272,0.002522,0.001475,0.002880,1000.000000
35.200000,-188.100000,-180.200000,180.000000,0.010306,0.002531,0.001514,0.002890,1000.000000
35.200000,-188.600000,-180.200000,0.000000,0.010279,0.002491,0.001484,0.002845,1000.000000
35.200000,-188.600000,-180.200000,180.000000,0.010338,0.002501,0.001551,0.002856,1000.000000
35.200000,-189.100000,-180.200000,0.000000,0.010294,0.002456,0.001501,0.002804,1000.000000
35.200000,-189.100000,-180.200000,180.000000,0.010291,0.002530,0.001497,0.002889,1000.000000
35.200000,-189.600000,-180.200000,0.000000,0.010396,0.002514,0.001618,0.002871,1000.000000
35.200000,-189.600000,-180.200000,180.000000,0.010288,0.002452,0.001494,0.002800,1000.000000
35.200000,-190.100000,-180.200000,0.000000,0.010266,0.002463,0.001469,0.002813,1000.000000
35.200000,-190.100000,-180.200000,180.000000,0.010348,0.002499,0.001562,0.002854,1000.000000
35.200000,-190.600000,-180.200000,0.000000,0.010255,0.002530,0.001456,0.002889,1000.000000
35.200000,-190.600000,-180.200000,180.000000,0.010246,0.002504,0.001446,0.002859,1000.000000
35.200000,-191.100000,-180.200000,0.000000,0.010245,0.002536,0.001444,0.002896,1000.000000
35.200000,-191.100000,-180.200000,180.000000,0.010328,0.002530,0.001539,0.002889,1000.000000
35.200000,-191.600000,-180.200000,0.000000,0.010237,0.002532,0.001436,0.002892,1000.000000
35.200000,-191.600000,-180.200000,180.000000,0.010242,0.002528,0.001442,0.002886,1000.000000
35.200000,-192.100000,-180.200000,0.000000,0.010386,0.002586,0.001606,0.002953,1000.000000
35.200000,-192.100000,-180.200000,180.000000,0.010319,0.002554,0.001529,0.002916,1000.000000
35.200000,-192.600000,-180.200000,0.000000,0.010300,0.002496,0.001507,0.002850,1000.000000
35.200000,-192.600000,-180.200000,180.000000,0.010382,0.002508,0.001602,0.002863,1000.000000
