35.200000,-94.450000,-178.300000,0.000000,0.240373,0.002597,0.264226,0.002966,1000.000000
35.200000,-94.450000,-178.300000,20.000340,0.240476,0.002566,0.264343,0.002930,1000.000000
35.200000,-94.450000,-178.300000,40.000860,0.240341,0.002595,0.264189,0.002964,1000.000000
35.200000,-94.450000,-178.300000,60.001200,0.240402,0.002621,0.264259,0.002993,1000.000000
35.200000,-94.450000,-178.300000,80.001540,0.240298,0.002512,0.264140,0.002868,1000.000000
35.200000,-94.450000,-178.300000,99.998460,0.240280,0.002559,0.264119,0.002922,1000.000000
35.200000,-94.450000,-178.300000,119.998800,0.240233,0.002594,0.264066,0.002962,1000.000000
35.200000,-94.450000,-178.300000,139.999140,0.240314,0.002533,0.264159,0.002893,1000.000000
35.200000,-94.450000,-178.300000,159.999660,0.240458,0.002668,0.264323,0.003046,1000.000000
35.200000,-94.450000,-178.300000,180.000000,0.240507,0.002632,0.264378,0.003005,1000.000000
35.200000,-94.450000,-178.300000,200.000340,0.240556,0.002626,0.264435,0.002998,1000.000000
35.200000,-94.450000,-178.300000,220.000860,0.240456,0.002640,0.264320,0.003015,1000.000000
35.200000,-94.450000,-178.300000,240.001200,0.240396,0.002603,0.264252,0.002972,1000.000000
35.200000,-94.450000,-178.300000,260.001540,0.240289,0.002681,0.264130,0.003062,1000.000000
35.200000,-94.450000,-178.300000,279.998460,0.240325,0.002571,0.264170,0.002935,1000.000000
35.200000,-94.450000,-178.300000,299.998800,0.240348,0.002570,0.264197,0.002935,1000.000000
35.200000,-94.450000,-178.300000,319.999140,0.240266,0.002600,0.264103,0.002969,1000.000000
35.200000,-94.450000,-178.300000,339.999660,0.240281,0.002544,0.264121,0.002905,1000.000000
