35.200000,-20.000000,-180.200000,0.000000,0.010204,0.002415,0.001398,0.002758,1000.000000
42.000000,-20.000000,-180.200000,0.000000,0.010102,0.002481,0.001282,0.002833,1000.000000
48.800000,-20.000000,-180.200000,0.000000,0.010181,0.002522,0.001372,0.002879,1000.000000
55.600000,-20.000000,-180.200000,0.000000,0.010209,0.002464,0.001404,0.002814,1000.000000
62.400000,-20.000000,-180.200000,0.000000,0.010207,0.002455,0.001401,0.002804,1000.000000
69.200000,-20.000000,-180.200000,0.000000,0.010333,0.002452,0.001545,0.002800,1000.000000
76.000000,-20.000000,-180.200000,0.000000,0.010297,0.002462,0.001504,0.002812,1000.000000
82.800000,-20.000000,-180.200000,0.000000,0.010357,0.002557,0.001572,0.002920,1000.000000
89.600000,-20.000000,-180.200000,0.000000,0.010415,0.002467,0.001639,0.002816,1000.000000
96.400000,-20.000000,-180.200000,0.000000,0.010413,0.002502,0.001636,0.002857,1000.000000
103.200000,-20.000000,-180.200000,0.000000,0.010348,0.002523,0.001562,0.002881,1000.000000
110.000000,-20.000000,-180.200000,0.000000,0.010382,0.002478,0.001602,0.002829,1000.000000
35.200000,-54.000000,-180.200000,0.000000,0.008413,0.002287,-0.000647,0.002612,1000.000000
42.000000,-54.000000,-180.200000,0.000000,0.008514,0.002300,-0.000532,0.002626,1000.000000
48.800000,-54.000000,-180.200000,0.000000,0.008704,0.002314,-0.000315,0.002643,1000.000000
55.600000,-54.000000,-180.200000,0.000000,0.008933,0.002374,-0.000054,0.002711,1000.000000
62.400000,-54.000000,-180.200000,0.000000,0.009208,0.002348,0.000261,0.002681,1000.000000
69.200000,-54.000000,-180.200000,0.000000,0.009498,0.002402,0.000592,0.002743,1000.000000
76.000000,-54.000000,-180.200000,0.000000,0.009725,0.002444,0.000851,0.002791,1000.000000
82.800000,-54.000000,-180.200000,0.000000,0.009911,0.002488,0.001063,0.002841,1000.000000
89.600000,-54.000000,-180.200000,0.000000,0.010051,0.002515,0.001223,0.002872,1000.000000
96.400000,-54.000000,-180.200000,0.000000,0.010193,0.002505,0.001385,0.002860,1000.000000
103.200000,-54.000000,-180.200000,0.000000,0.010277,0.002484,0.001481,0.002837,1000.000000
110.000000,-54.000000,-180.200000,0.000000,0.010268,0.002442,0.001471,0.002788,1000.000000
35.200000,-88.000000,-180.200000,0.000000,0.141646,0.002644,0.151490,0.003019,1000.000000
42.000000,-88.000000,-180.200000,0.000000,0.017117,0.002492,0.009291,0.002845,1000.000000
48.800000,-88.000000,-180.200000,0.000000,-0.006353,0.002426,-0.017509,0.002770,1000.000000
55.600000,-88.000000,-180.200000,0.000000,-0.000196,0.002557,-0.010478,0.002919,1000.000000
62.400000,-88.000000,-180.200000,0.000000,0.004633,0.002420,-0.004964,0.002763,1000.000000
69.200000,-88.000000,-180.200000,0.000000,0.006956,0.002239,-0.002311,0.002557,1000.000000
76.000000,-88.000000,-180.200000,0.000000,0.008333,0.002310,-0.000739,0.002638,1000.000000
82.800000,-88.000000,-180.200000,0.000000,0.009054,0.002340,0.000085,0.002672,1000.000000
89.600000,-88.000000,-180.200000,0.000000,0.009520,0.002347,0.000617,0.002680,1000.000000
96.400000,-88.000000,-180.200000,0.000000,0.009822,0.002512,0.000962,0.002869,1000.000000
103.200000,-88.000000,-180.200000,0.000000,0.010024,0.002409,0.001193,0.002751,1000.000000
110.000000,-88.000000,-180.200000,0.000000,0.010168,0.002532,0.001357,0.002891,1000.000000
35.200000,-122.000000,-180.200000,0.000000,0.002090,0.002450,-0.007867,0.002797,1000.000000
42.000000,-122.000000,-180.200000,0.000000,0.002835,0.002425,-0.007016,0.002769,1000.000000
48.800000,-122.000000,-180.200000,0.000000,0.004406,0.002316,-0.005223,0.002645,1000.000000
55.600000,-122.000000,-180.200000,0.000000,0.006120,0.002236,-0.003265,0.002553,1000.000000
62.400000,-122.000000,-180.200000,0.000000,0.007412,0.002303,-0.001790,0.002629,1000.000000
69.200000,-122.000000,-180.200000,0.000000,0.008301,0.002269,-0.000775,0.002591,1000.000000
76.000000,-122.000000,-180.200000,0.000000,0.009087,0.002446,0.000122,0.002793,1000.000000
82.800000,-122.000000,-180.200000,0.000000,0.009431,0.002440,0.000515,0.002786,1000.000000
89.600000,-122.000000,-180.200000,0.000000,0.009795,0.002476,0.000931,0.002827,1000.000000
96.400000,-122.000000,-180.200000,0.000000,0.010018,0.002491,0.001186,0.002845,1000.000000
103.200000,-122.000000,-180.200000,0.000000,0.010121,0.002427,0.001303,0.002772,1000.000000
110.000000,-122.000000,-180.200000,0.000000,0.010191,0.002424,0.001383,0.002767,1000.000000
35.200000,-156.000000,-180.200000,0.000000,0.009720,0.002458,0.000845,0.002806,1000.000000
42.000000,-156.000000,-180.200000,0.000000,0.009709,0.002371,0.000832,0.002708,1000.000000
48.800000,-156.000000,-180.200000,0.000000,0.009809,0.002483,0.000947,0.002835,1000.000000
55.600000,-156.000000,-180.200000,0.000000,0.009878,0.002453,0.001026,0.002801,1000.000000
62.400000,-156.000000,-180.200000,0.000000,0.009914,0.002454,0.001066,0.002802,1000.000000
69.200000,-156.000000,-180.200000,0.000000,0.010017,0.002468,0.001184,0.002818,1000.000000
76.000000,-156.000000,-180.200000,0.000000,0.010054,0.002470,0.001226,0.002821,1000.000000
82.800000,-156.000000,-180.200000,0.000000,0.010222,0.002458,0.001418,0.002807,1000.000000
89.600000,-156.000000,-180.200000,0.000000,0.010242,0.002496,0.001442,0.002850,1000.000000
96.400000,-156.000000,-180.200000,0.000000,0.010302,0.002454,0.001510,0.002802,1000.000000
103.200000,-156.000000,-180.200000,0.000000,0.010356,0.002549,0.001571,0.002911,1000.000000
110.000000,-156.000000,-180.200000,0.000000,0.010357,0.002440,0.001572,0.002786,1000.000000
35.200000,-190.000000,-180.200000,0.000000,0.010338,0.002510,0.001551,0.002866,1000.000000
42.000000,-190.000000,-180.200000,0.000000,0.010387,0.002494,0.001607,0.002848,1000.000000
48.800000,-190.000000,-180.200000,0.000000,0.010311,0.002514,0.001520,0.002871,1000.000000
55.600000,-190.000000,-180.200000,0.000000,0.010382,0.002484,0.001602,0.002836,1000.000000
62.400000,-190.000000,-180.200000,0.000000,0.010321,0.002513,0.001532,0.002870,1000.000000
69.200000,-190.000000,-180.200000,0.000000,0.010337,0.002479,0.001549,0.002831,1000.000000
76.000000,-190.000000,-180.200000,0.000000,0.010422,0.002457,0.001647,0.002806,1000.000000
82.800000,-190.000000,-180.200000,0.000000,0.010358,0.002527,0.001574,0.002886,1000.000000
89.600000,-190.000000,-180.200000,0.000000,0.010415,0.002470,0.001639,0.002820,1000.000000
96.400000,-190.000000,-180.200000,0.000000,0.010507,0.002506,0.001744,0.002861,1000.000000
103.200000,-190.000000,-180.200000,0.000000,0.010521,0.002540,0.001760,0.002901,1000.000000
110.000000,-190.000000,-180.200000,0.000000,0.010501,0.002472,0.001737,0.002822,1000.000000
