0.000000,-20.000000,-180.200000,0.000000,0.008120,0.002315,-0.000982,0.002643,1000.000000
0.500000,-20.000000,-180.200000,0.000000,0.008107,0.002331,-0.000996,0.002661,1000.000000
1.000000,-20.000000,-180.200000,0.000000,0.008124,0.002314,-0.000977,0.002642,1000.000000
1.500000,-20.000000,-180.200000,0.000000,0.008099,0.002200,-0.001006,0.002512,1000.000000
2.000000,-20.000000,-180.200000,0.000000,0.008092,0.002305,-0.001014,0.002632,1000.000000
2.500000,-20.000000,-180.200000,0.000000,0.008105,0.002270,-0.000999,0.002592,1000.000000
3.000000,-20.000000,-180.200000,0.000000,0.008081,0.002306,-0.001027,0.002633,1000.000000
3.500000,-20.000000,-180.200000,0.000000,0.008109,0.002214,-0.000995,0.002528,1000.000000
4.000000,-20.000000,-180.200000,0.000000,0.008012,0.002282,-0.001105,0.002606,1000.000000
4.500000,-20.000000,-180.200000,0.000000,0.008087,0.002364,-0.001019,0.002700,1000.000000
5.000000,-20.000000,-180.200000,0.000000,0.008086,0.002301,-0.001021,0.002628,1000.000000
5.500000,-20.000000,-180.200000,0.000000,0.008046,0.002300,-0.001066,0.002627,1000.000000
6.000000,-20.000000,-180.200000,0.000000,0.008139,0.002255,-0.000960,0.002575,1000.000000
6.500000,-20.000000,-180.200000,0.000000,0.008046,0.002311,-0.001066,0.002639,1000.000000
7.000000,-20.000000,-180.200000,0.000000,0.008062,0.002290,-0.001049,0.002615,1000.000000
7.500000,-20.000000,-180.200000,0.000000,0.008077,0.002296,-0.001031,0.002622,1000.000000
8.000000,-20.000000,-180.200000,0.000000,0.008119,0.002282,-0.000983,0.002606,1000.000000
8.500000,-20.000000,-180.200000,0.000000,0.008046,0.002242,-0.001066,0.002561,1000.000000
9.000000,-20.000000,-180.200000,0.000000,0.008059,0.002255,-0.001051,0.002575,1000.000000
9.500000,-20.000000,-180.200000,0.000000,0.008099,0.002309,-0.001006,0.002637,1000.000000
10.000000,-20.000000,-180.200000,0.000000,0.008064,0.002280,-0.001046,0.002603,1000.000000
10.500000,-20.000000,-180.200000,0.000000,0.008062,0.002332,-0.001049,0.002663,1000.000000
11.000000,-20.000000,-180.200000,0.000000,0.008002,0.002345,-0.001117,0.002678,1000.000000
11.500000,-20.000000,-180.200000,0.000000,0.008003,0.002307,-0.001115,0.002635,1000.000000
12.000000,-20.000000,-180.200000,0.000000,0.008077,0.002217,-0.001031,0.002531,1000.000000
12.500000,-20.000000,-180.200000,0.000000,0.008060,0.002245,-0.001050,0.002563,1000.000000
13.000000,-20.000000,-180.200000,0.000000,0.008029,0.002317,-0.001086,0.002646,1000.000000
13.500000,-20.000000,-180.200000,0.000000,0.008124,0.002307,-0.000977,0.002634,1000.000000
14.000000,-20.000000,-180.200000,0.000000,0.008055,0.002253,-0.001056,0.002573,1000.000000
14.500000,-20.000000,-180.200000,0.000000,0.008055,0.002265,-0.001056,0.002586,1000.000000
15.000000,-20.000000,-180.200000,0.000000,0.008046,0.002301,-0.001066,0.002627,1000.000000
15.500000,-20.000000,-180.200000,0.000000,0.008045,0.002162,-0.001067,0.002469,1000.000000
16.000000,-20.000000,-180.200000,0.000000,0.008026,0.002329,-0.001089,0.002660,1000.000000
16.500000,-20.000000,-180.200000,0.000000,0.008062,0.002303,-0.001049,0.002630,1000.000000
17.000000,-20.000000,-180.200000,0.000000,0.008050,0.002277,-0.001062,0.002601,1000.000000
17.500000,-20.000000,-180.200000,0.000000,0.008037,0.002279,-0.001076,0.002603,1000.000000
18.000000,-20.000000,-180.200000,0.000000,0.008020,0.002287,-0.001097,0.002612,1000.000000
18.500000,-20.000000,-180.200000,0.000000,0.008031,0.002221,-0.001083,0.002536,1000.000000
19.000000,-20.000000,-180.200000,0.000000,0.008035,0.002296,-0.001079,0.002622,1000.000000
19.500000,-20.000000,-180.200000,0.000000,0.007975,0.002299,-0.001147,0.002625,1000.000000
20.000000,-20.000000,-180.200000,0.000000,0.008037,0.002253,-0.001076,0.002572,1000.000000
20.500000,-20.000000,-180.200000,0.000000,0.007985,0.002256,-0.001136,0.002576,1000.000000
21.000000,-20.000000,-180.200000,0.000000,0.007958,0.002268,-0.001166,0.002590,1000.000000
21.500000,-20.000000,-180.200000,0.000000,0.008030,0.002328,-0.001085,0.002659,1000.000000
22.000000,-20.000000,-180.200000,0.000000,0.008041,0.002303,-0.001072,0.002630,1000.000000
22.500000,-20.000000,-180.200000,0.000000,0.007997,0.002191,-0.001123,0.002502,1000.000000
23.000000,-20.000000,-180.200000,0.000000,0.007965,0.002248,-0.001159,0.002567,1000.000000
23.500000,-20.000000,-180.200000,0.000000,0.007955,0.002320,-0.001171,0.002649,1000.000000
24.000000,-20.000000,-180.200000,0.000000,0.008013,0.002265,-0.001104,0.002587,1000.000000
24.500000,-20.000000,-180.200000,0.000000,0.008003,0.002260,-0.001115,0.002580,1000.000000
25.000000,-20.000000,-180.200000,0.000000,0.008018,0.002308,-0.001098,0.002636,1000.000000
25.500000,-20.000000,-180.200000,0.000000,0.008011,0.002307,-0.001107,0.002635,1000.000000
26.000000,-20.000000,-180.200000,0.000000,0.007992,0.002258,-0.001129,0.002579,1000.000000
26.500000,-20.000000,-180.200000,0.000000,0.008006,0.002332,-0.001113,0.002663,1000.000000
27.000000,-20.000000,-180.200000,0.000000,0.007986,0.002276,-0.001134,0.002599,1000.000000
27.500000,-20.000000,-180.200000,0.000000,0.007950,0.002220,-0.001176,0.002535,1000.000000
28.000000,-20.000000,-180.200000,0.000000,0.007957,0.002255,-0.001168,0.002574,1000.000000
28.500000,-20.000000,-180.200000,0.000000,0.007962,0.002335,-0.001162,0.002666,1000.000000
29.000000,-20.000000,-180.200000,0.000000,0.008023,0.002306,-0.001092,0.002633,1000.000000
29.500000,-20.000000,-180.200000,0.000000,0.008030,0.002193,-0.001085,0.002504,1000.000000
30.000000,-20.000000,-180.200000,0.000000,0.007990,0.002281,-0.001130,0.002605,1000.000000
30.500000,-20.000000,-180.200000,0.000000,0.008004,0.002360,-0.001114,0.002694,1000.000000
31.000000,-20.000000,-180.200000,0.000000,0.008081,0.002302,-0.001027,0.002629,1000.000000
31.500000,-20.000000,-180.200000,0.000000,0.007971,0.002299,-0.001152,0.002625,1000.000000
32.000000,-20.000000,-180.200000,0.000000,0.008000,0.002273,-0.001118,0.002596,1000.000000
32.500000,-20.000000,-180.200000,0.000000,0.007969,0.002312,-0.001155,0.002640,1000.000000
33.000000,-20.000000,-180.200000,0.000000,0.008012,0.002323,-0.001105,0.002652,1000.000000
33.500000,-20.000000,-180.200000,0.000000,0.008018,0.002284,-0.001098,0.002608,1000.000000
34.000000,-20.000000,-180.200000,0.000000,0.008004,0.002281,-0.001114,0.002605,1000.000000
34.500000,-20.000000,-180.200000,0.000000,0.008026,0.002340,-0.001089,0.002671,1000.000000
35.000000,-20.000000,-180.200000,0.000000,0.007997,0.002283,-0.001123,0.002607,1000.000000
35.500000,-20.000000,-180.200000,0.000000,0.008015,0.002199,-0.001102,0.002511,1000.000000
36.000000,-20.000000,-180.200000,0.000000,0.007953,0.002232,-0.001172,0.002549,1000.000000
36.500000,-20.000000,-180.200000,0.000000,0.008071,0.002293,-0.001038,0.002618,1000.000000
37.000000,-20.000000,-180.200000,0.000000,0.007942,0.002334,-0.001185,0.002665,1000.000000
37.500000,-20.000000,-180.200000,0.000000,0.008037,0.002186,-0.001076,0.002496,1000.000000
38.000000,-20.000000,-180.200000,0.000000,0.008020,0.002254,-0.001097,0.002574,1000.000000
38.500000,-20.000000,-180.200000,0.000000,0.007981,0.002318,-0.001140,0.002647,1000.000000
39.000000,-20.000000,-180.200000,0.000000,0.008034,0.002275,-0.001081,0.002598,1000.000000
39.500000,-20.000000,-180.200000,0.000000,0.008015,0.002304,-0.001102,0.002630,1000.000000
40.000000,-20.000000,-180.200000,0.000000,0.008026,0.002275,-0.001089,0.002598,1000.000000
40.500000,-20.000000,-180.200000,0.000000,0.008029,0.002233,-0.001086,0.002550,1000.000000
41.000000,-20.000000,-180.200000,0.000000,0.008058,0.002431,-0.001053,0.002776,1000.000000
41.500000,-20.000000,-180.200000,0.000000,0.008043,0.002299,-0.001070,0.002625,1000.000000
42.000000,-20.000000,-180.200000,0.000000,0.008015,0.002290,-0.001102,0.002615,1000.000000
42.500000,-20.000000,-180.200000,0.000000,0.008006,0.002266,-0.001113,0.002588,1000.000000
43.000000,-20.000000,-180.200000,0.000000,0.008067,0.002298,-0.001043,0.002624,1000.000000
43.500000,-20.000000,-180.200000,0.000000,0.008121,0.002339,-0.000980,0.002671,1000.000000
44.000000,-20.000000,-180.200000,0.000000,0.008022,0.002246,-0.001094,0.002565,1000.000000
44.500000,-20.000000,-180.200000,0.000000,0.008064,0.002330,-0.001046,0.002661,1000.000000
45.000000,-20.000000,-180.200000,0.000000,0.008057,0.002237,-0.001054,0.002554,1000.000000
45.500000,-20.000000,-180.200000,0.000000,0.008040,0.002263,-0.001073,0.002584,1000.000000
46.000000,-20.000000,-180.200000,0.000000,0.007966,0.002271,-0.001158,0.002593,1000.000000
46.500000,-20.000000,-180.200000,0.000000,0.007974,0.002294,-0.001149,0.002620,1000.000000
47.000000,-20.000000,-180.200000,0.000000,0.008081,0.002282,-0.001027,0.002606,1000.000000
47.500000,-20.000000,-180.200000,0.000000,0.008009,0.002256,-0.001108,0.002576,1000.000000
48.000000,-20.000000,-180.200000,0.000000,0.008044,0.002315,-0.001069,0.002644,1000.000000
48.500000,-20.000000,-180.200000,0.000000,0.008074,0.002312,-0.001034,0.002640,1000.000000
49.000000,-20.000000,-180.200000,0.000000,0.008034,0.002183,-0.001081,0.002492,1000.000000
49.500000,-20.000000,-180.200000,0.000000,0.008054,0.002325,-0.001057,0.002654,1000.000000
50.000000,-20.000000,-180.200000,0.000000,0.008077,0.002203,-0.001031,0.002515,1000.000000
50.500000,-20.000000,-180.200000,0.000000,0.008000,0.002289,-0.001118,0.002614,1000.000000
51.000000,-20.000000,-180.200000,0.000000,0.008081,0.002306,-0.001027,0.002634,1000.000000
51.500000,-20.000000,-180.200000,0.000000,0.008046,0.002233,-0.001066,0.002550,1000.000000
52.000000,-20.000000,-180.200000,0.000000,0.008043,0.002258,-0.001070,0.002578,1000.000000
52.500000,-20.000000,-180.200000,0.000000,0.008083,0.002274,-0.001024,0.002597,1000.000000
53.000000,-20.000000,-180.200000,0.000000,0.008106,0.002256,-0.000998,0.002576,1000.000000
53.500000,-20.000000,-180.200000,0.000000,0.008102,0.002238,-0.001002,0.002555,1000.000000
54.000000,-20.000000,-180.200000,0.000000,0.008125,0.002281,-0.000976,0.002604,1000.000000
54.500000,-20.000000,-180.200000,0.000000,0.008016,0.002294,-0.001101,0.002619,1000.000000
55.000000,-20.000000,-180.200000,0.000000,0.008043,0.002218,-0.001070,0.002532,1000.000000
55.500000,-20.000000,-180.200000,0.000000,0.008018,0.002237,-0.001098,0.002554,1000.000000
56.000000,-20.000000,-180.200000,0.000000,0.008062,0.002290,-0.001049,0.002615,1000.000000
56.500000,-20.000000,-180.200000,0.000000,0.008102,0.002262,-0.001002,0.002583,1000.000000
57.000000,-20.000000,-180.200000,0.000000,0.008071,0.002191,-0.001038,0.002501,1000.000000
57.500000,-20.000000,-180.200000,0.000000,0.008087,0.002289,-0.001019,0.002614,1000.000000
58.000000,-20.000000,-180.200000,0.000000,0.008058,0.002286,-0.001053,0.002611,1000.000000
58.500000,-20.000000,-180.200000,0.000000,0.008090,0.002285,-0.001017,0.002609,1000.000000
59.000000,-20.000000,-180.200000,0.000000,0.008051,0.002278,-0.001060,0.002601,1000.000000
59.500000,-20.000000,-180.200000,0.000000,0.008063,0.002260,-0.001047,0.002581,1000.000000
60.000000,-20.000000,-180.200000,0.000000,0.008050,0.002249,-0.001062,0.002569,1000.000000
60.500000,-20.000000,-180.200000,0.000000,0.008081,0.002248,-0.001027,0.002567,1000.000000
61.000000,-20.000000,-180.200000,0.000000,0.008104,0.002308,-0.001001,0.002636,1000.000000
61.500000,-20.000000,-180.200000,0.000000,0.008142,0.002275,-0.000957,0.002598,1000.000000
62.000000,-20.000000,-180.200000,0.000000,0.008046,0.002331,-0.001066,0.002662,1000.000000
62.500000,-20.000000,-180.200000,0.000000,0.008127,0.002291,-0.000974,0.002616,1000.000000
63.000000,-20.000000,-180.200000,0.000000,0.008116,0.002290,-0.000986,0.002615,1000.000000
63.500000,-20.000000,-180.200000,0.000000,0.008064,0.002193,-0.001046,0.002504,1000.000000
64.000000,-20.000000,-180.200000,0.000000,0.008078,0.002276,-0.001030,0.002599,1000.000000
64.500000,-20.000000,-180.200000,0.000000,0.008134,0.002264,-0.000966,0.002585,1000.000000
65.000000,-20.000000,-180.200000,0.000000,0.008181,0.002243,-0.000912,0.002562,1000.000000
65.500000,-20.000000,-180.200000,0.000000,0.008096,0.002296,-0.001009,0.002622,1000.000000
66.000000,-20.000000,-180.200000,0.000000,0.008086,0.002216,-0.001021,0.002531,1000.000000
66.500000,-20.000000,-180.200000,0.000000,0.008113,0.002294,-0.000990,0.002620,1000.000000
67.000000,-20.000000,-180.200000,0.000000,0.008105,0.002200,-0.000999,0.002512,1000.000000
67.500000,-20.000000,-180.200000,0.000000,0.008160,0.002288,-0.000937,0.002613,1000.000000
68.000000,-20.000000,-180.200000,0.000000,0.008091,0.002309,-0.001015,0.002637,1000.000000
68.500000,-20.000000,-180.200000,0.000000,0.008099,0.002323,-0.001006,0.002653,1000.000000
69.000000,-20.000000,-180.200000,0.000000,0.008152,0.002237,-0.000945,0.002554,1000.000000
69.500000,-20.000000,-180.200000,0.000000,0.008193,0.002241,-0.000899,0.002558,1000.000000
70.000000,-20.000000,-180.200000,0.000000,0.008111,0.002206,-0.000992,0.002519,1000.000000
70.500000,-20.000000,-180.200000,0.000000,0.008161,0.002296,-0.000935,0.002622,1000.000000
71.000000,-20.000000,-180.200000,0.000000,0.008243,0.002333,-0.000842,0.002664,1000.000000
71.500000,-20.000000,-180.200000,0.000000,0.008081,0.002246,-0.001027,0.002565,1000.000000
72.000000,-20.000000,-180.200000,0.000000,0.008186,0.002254,-0.000906,0.002574,1000.000000
72.500000,-20.000000,-180.200000,0.000000,0.008203,0.002269,-0.000887,0.002591,1000.000000
73.000000,-20.000000,-180.200000,0.000000,0.008212,0.002293,-0.000877,0.002618,1000.000000
73.500000,-20.000000,-180.200000,0.000000,0.008155,0.002259,-0.000942,0.002579,1000.000000
74.000000,-20.000000,-180.200000,0.000000,0.008158,0.002252,-0.000938,0.002572,1000.000000
74.500000,-20.000000,-180.200000,0.000000,0.008271,0.002329,-0.000810,0.002659,1000.000000
75.000000,-20.000000,-180.200000,0.000000,0.008185,0.002291,-0.000907,0.002616,1000.000000
75.500000,-20.000000,-180.200000,0.000000,0.008273,0.002366,-0.000807,0.002702,1000.000000
76.000000,-20.000000,-180.200000,0.000000,0.008246,0.002259,-0.000838,0.002580,1000.000000
76.500000,-20.000000,-180.200000,0.000000,0.008179,0.002279,-0.000915,0.002603,1000.000000
77.000000,-20.000000,-180.200000,0.000000,0.008174,0.002281,-0.000921,0.002605,1000.000000
77.500000,-20.000000,-180.200000,0.000000,0.008171,0.002292,-0.000923,0.002617,1000.000000
78.000000,-20.000000,-180.200000,0.000000,0.008228,0.002294,-0.000858,0.002620,1000.000000
78.500000,-20.000000,-180.200000,0.000000,0.008166,0.002235,-0.000929,0.002553,1000.000000
79.000000,-20.000000,-180.200000,0.000000,0.008293,0.002291,-0.000784,0.002616,1000.000000
79.500000,-20.000000,-180.200000,0.000000,0.008251,0.002279,-0.000832,0.002602,1000.000000
80.000000,-20.000000,-180.200000,0.000000,0.008164,0.002195,-0.000932,0.002506,1000.000000
80.500000,-20.000000,-180.200000,0.000000,0.008246,0.002291,-0.000838,0.002617,1000.000000
81.000000,-20.000000,-180.200000,0.000000,0.008171,0.002284,-0.000923,0.002609,1000.000000
81.500000,-20.000000,-180.200000,0.000000,0.008206,0.002306,-0.000884,0.002634,1000.000000
82.000000,-20.000000,-180.200000,0.000000,0.008279,0.002338,-0.000800,0.002670,1000.000000
82.500000,-20.000000,-180.200000,0.000000,0.008220,0.002249,-0.000868,0.002568,1000.000000
83.000000,-20.000000,-180.200000,0.000000,0.008249,0.002343,-0.000835,0.002675,1000.000000
83.500000,-20.000000,-180.200000,0.000000,0.008127,0.002276,-0.000974,0.002599,1000.000000
84.000000,-20.000000,-180.200000,0.000000,0.008202,0.002196,-0.000889,0.002508,1000.000000
84.500000,-20.000000,-180.200000,0.000000,0.008243,0.002297,-0.000842,0.002623,1000.000000
85.000000,-20.000000,-180.200000,0.000000,0.008250,0.002264,-0.000833,0.002585,1000.000000
85.500000,-20.000000,-180.200000,0.000000,0.008207,0.002222,-0.000883,0.002538,1000.000000
86.000000,-20.000000,-180.200000,0.000000,0.008283,0.002333,-0.000795,0.002664,1000.000000
86.500000,-20.000000,-180.200000,0.000000,0.008276,0.002295,-0.000804,0.002621,1000.000000
87.000000,-20.000000,-180.200000,0.000000,0.008251,0.002322,-0.000832,0.002652,1000.000000
87.500000,-20.000000,-180.200000,0.000000,0.008264,0.002294,-0.000817,0.002620,1000.000000
88.000000,-20.000000,-180.200000,0.000000,0.008217,0.002307,-0.000871,0.002634,1000.000000
88.500000,-20.000000,-180.200000,0.000000,0.008236,0.002179,-0.000849,0.002489,1000.000000
89.000000,-20.000000,-180.200000,0.000000,0.008193,0.002272,-0.000899,0.002594,1000.000000
89.500000,-20.000000,-180.200000,0.000000,0.008297,0.002266,-0.000779,0.002588,1000.000000
90.000000,-20.000000,-180.200000,0.000000,0.008268,0.002251,-0.000813,0.002571,1000.000000
90.500000,-20.000000,-180.200000,0.000000,0.008287,0.002221,-0.000791,0.002536,1000.000000
91.000000,-20.000000,-180.200000,0.000000,0.008338,0.002325,-0.000733,0.002655,1000.000000
91.500000,-20.000000,-180.200000,0.000000,0.008234,0.002314,-0.000852,0.002642,1000.000000
92.000000,-20.000000,-180.200000,0.000000,0.008263,0.002326,-0.000819,0.002656,1000.000000
92.500000,-20.000000,-180.200000,0.000000,0.008254,0.002260,-0.000829,0.002581,1000.000000
93.000000,-20.000000,-180.200000,0.000000,0.008325,0.002287,-0.000747,0.002611,1000.000000
93.500000,-20.000000,-180.200000,0.000000,0.008240,0.002257,-0.000845,0.002577,1000.000000
94.000000,-20.000000,-180.200000,0.000000,0.008263,0.002306,-0.000819,0.002633,1000.000000
94.500000,-20.000000,-180.200000,0.000000,0.008281,0.002315,-0.000798,0.002643,1000.000000
95.000000,-20.000000,-180.200000,0.000000,0.008291,0.002231,-0.000787,0.002548,1000.000000
95.500000,-20.000000,-180.200000,0.000000,0.008309,0.002321,-0.000766,0.002651,1000.000000
96.000000,-20.000000,-180.200000,0.000000,0.008254,0.002282,-0.000829,0.002606,1000.000000
96.500000,-20.000000,-180.200000,0.000000,0.008302,0.002316,-0.000774,0.002645,1000.000000
97.000000,-20.000000,-180.200000,0.000000,0.008334,0.002328,-0.000737,0.002658,1000.000000
97.500000,-20.000000,-180.200000,0.000000,0.008259,0.002273,-0.000823,0.002596,1000.000000
98.000000,-20.000000,-180.200000,0.000000,0.008304,0.002297,-0.000772,0.002623,1000.000000
98.500000,-20.000000,-180.200000,0.000000,0.008342,0.002328,-0.000729,0.002659,1000.000000
99.000000,-20.000000,-180.200000,0.000000,0.008319,0.002294,-0.000755,0.002620,1000.000000
99.500000,-20.000000,-180.200000,0.000000,0.008262,0.002272,-0.000820,0.002595,1000.000000
100.000000,-20.000000,-180.200000,0.000000,0.008283,0.002269,-0.000795,0.002591,1000.000000
100.500000,-20.000000,-180.200000,0.000000,0.008333,0.002332,-0.000739,0.002663,1000.000000
101.000000,-20.000000,-180.200000,0.000000,0.008283,0.002210,-0.000795,0.002523,1000.000000
101.500000,-20.000000,-180.200000,0.000000,0.008392,0.002301,-0.000672,0.002627,1000.000000
102.000000,-20.000000,-180.200000,0.000000,0.008304,0.002268,-0.000772,0.002590,1000.000000
102.500000,-20.000000,-180.200000,0.000000,0.008273,0.002265,-0.000807,0.002586,1000.000000
103.000000,-20.000000,-180.200000,0.000000,0.008367,0.002252,-0.000699,0.002571,1000.000000
103.500000,-20.000000,-180.200000,0.000000,0.008321,0.002278,-0.000752,0.002602,1000.000000
104.000000,-20.000000,-180.200000,0.000000,0.008318,0.002327,-0.000756,0.002657,1000.000000
104.500000,-20.000000,-180.200000,0.000000,0.008362,0.002196,-0.000705,0.002507,1000.000000
105.000000,-20.000000,-180.200000,0.000000,0.008358,0.002329,-0.000710,0.002660,1000.000000
105.500000,-20.000000,-180.200000,0.000000,0.008358,0.002323,-0.000710,0.002652,1000.000000
106.000000,-20.000000,-180.200000,0.000000,0.008265,0.002265,-0.000816,0.002587,1000.000000
106.500000,-20.000000,-180.200000,0.000000,0.008339,0.002286,-0.000731,0.002610,1000.000000
107.000000,-20.000000,-180.200000,0.000000,0.008292,0.002291,-0.000785,0.002616,1000.000000
107.500000,-20.000000,-180.200000,0.000000,0.008344,0.002278,-0.000726,0.002601,1000.000000
108.000000,-20.000000,-180.200000,0.000000,0.008307,0.002290,-0.000768,0.002615,1000.000000
108.500000,-20.000000,-180.200000,0.000000,0.008297,0.002340,-0.000779,0.002672,1000.000000
109.000000,-20.000000,-180.200000,0.000000,0.008306,0.002238,-0.000769,0.002556,1000.000000
109.500000,-20.000000,-180.200000,0.000000,0.008316,0.002268,-0.000758,0.002590,1000.000000
110.000000,-20.000000,-180.200000,0.000000,0.008399,0.002322,-0.000663,0.002652,1000.000000
0.000000,-20.000000,-180.200000,0.000000,0.008178,0.002166,-0.000916,0.002474,1000.000000
0.500000,-20.000000,-180.200000,0.000000,0.008185,0.002258,-0.000907,0.002578,1000.000000
1.000000,-20.000000,-180.200000,0.000000,0.008130,0.002272,-0.000970,0.002595,1000.000000
1.500000,-20.000000,-180.200000,0.000000,0.008156,0.002333,-0.000941,0.002664,1000.000000
2.000000,-20.000000,-180.200000,0.000000,0.008178,0.002294,-0.000916,0.002620,1000.000000
2.500000,-20.000000,-180.200000,0.000000,0.008095,0.002280,-0.001011,0.002603,1000.000000
3.000000,-20.000000,-180.200000,0.000000,0.008222,0.002277,-0.000865,0.002601,1000.000000
3.500000,-20.000000,-180.200000,0.000000,0.008251,0.002271,-0.000832,0.002593,1000.000000
4.000000,-20.000000,-180.200000,0.000000,0.008150,0.002187,-0.000948,0.002497,1000.000000
4.500000,-20.000000,-180.200000,0.000000,0.008128,0.002239,-0.000973,0.002556,1000.000000
5.000000,-20.000000,-180.200000,0.000000,0.008146,0.002321,-0.000953,0.002650,1000.000000
5.500000,-20.000000,-180.200000,0.000000,0.008166,0.002348,-0.000929,0.002681,1000.000000
6.000000,-20.000000,-180.200000,0.000000,0.008111,0.002375,-0.000992,0.002712,1000.000000
6.500000,-20.000000,-180.200000,0.000000,0.008119,0.002278,-0.000983,0.002601,1000.000000
7.000000,-20.000000,-180.200000,0.000000,0.008102,0.002334,-0.001002,0.002666,1000.000000
7.500000,-20.000000,-180.200000,0.000000,0.008109,0.002274,-0.000995,0.002597,1000.000000
8.000000,-20.000000,-180.200000,0.000000,0.008192,0.002291,-0.000900,0.002616,1000.000000
8.500000,-20.000000,-180.200000,0.000000,0.008142,0.002204,-0.000957,0.002517,1000.000000
9.000000,-20.000000,-180.200000,0.000000,0.008118,0.002273,-0.000985,0.002596,1000.000000
9.500000,-20.000000,-180.200000,0.000000,0.008139,0.002291,-0.000960,0.002616,1000.000000
10.000000,-20.000000,-180.200000,0.000000,0.008147,0.002267,-0.000951,0.002588,1000.000000
10.500000,-20.000000,-180.200000,0.000000,0.008194,0.002312,-0.000897,0.002641,1000.000000
11.000000,-20.000000,-180.200000,0.000000,0.008124,0.002323,-0.000977,0.002653,1000.000000
11.500000,-20.000000,-180.200000,0.000000,0.008091,0.002263,-0.001015,0.002584,1000.000000
12.000000,-20.000000,-180.200000,0.000000,0.008153,0.002253,-0.000944,0.002573,1000.000000
12.500000,-20.000000,-180.200000,0.000000,0.008181,0.002232,-0.000912,0.002548,1000.000000
13.000000,-20.000000,-180.200000,0.000000,0.008170,0.002280,-0.000925,0.002604,1000.000000
13.500000,-20.000000,-180.200000,0.000000,0.008091,0.002284,-0.001015,0.002608,1000.000000
14.000000,-20.000000,-180.200000,0.000000,0.008054,0.002227,-0.001057,0.002543,1000.000000
14.500000,-20.000000,-180.200000,0.000000,0.008167,0.002253,-0.000928,0.002573,1000.000000
15.000000,-20.000000,-180.200000,0.000000,0.008072,0.002268,-0.001037,0.002590,1000.000000
15.500000,-20.000000,-180.200000,0.000000,0.008092,0.002271,-0.001014,0.002593,1000.000000
16.000000,-20.000000,-180.200000,0.000000,0.008102,0.002271,-0.001002,0.002593,1000.000000
16.500000,-20.000000,-180.200000,0.000000,0.008068,0.002267,-0.001041,0.002589,1000.000000
17.000000,-20.000000,-180.200000,0.000000,0.008114,0.002309,-0.000989,0.002637,1000.000000
17.500000,-20.000000,-180.200000,0.000000,0.008073,0.002291,-0.001035,0.002616,1000.000000
18.000000,-20.000000,-180.200000,0.000000,0.008141,0.002329,-0.000958,0.002660,1000.000000
18.500000,-20.000000,-180.200000,0.000000,0.008021,0.002182,-0.001095,0.002492,1000.000000
19.000000,-20.000000,-180.200000,0.000000,0.008068,0.002267,-0.001041,0.002589,1000.000000
19.500000,-20.000000,-180.200000,0.000000,0.008072,0.002273,-0.001037,0.002596,1000.000000
20.000000,-20.000000,-180.200000,0.000000,0.008109,0.002282,-0.000995,0.002606,1000.000000
20.500000,-20.000000,-180.200000,0.000000,0.008129,0.002256,-0.000971,0.002576,1000.000000
21.000000,-20.000000,-180.200000,0.000000,0.007998,0.002286,-0.001121,0.002610,1000.000000
21.500000,-20.000000,-180.200000,0.000000,0.008097,0.002300,-0.001008,0.002627,1000.000000
22.000000,-20.000000,-180.200000,0.000000,0.008120,0.002275,-0.000982,0.002598,1000.000000
22.500000,-20.000000,-180.200000,0.000000,0.008109,0.002284,-0.000995,0.002608,1000.000000
23.000000,-20.000000,-180.200000,0.000000,0.008142,0.002215,-0.000957,0.002529,1000.000000
23.500000,-20.000000,-180.200000,0.000000,0.008004,0.002214,-0.001114,0.002528,1000.000000
24.000000,-20.000000,-180.200000,0.000000,0.008078,0.002222,-0.001030,0.002537,1000.000000
24.500000,-20.000000,-180.200000,0.000000,0.008077,0.002237,-0.001031,0.002555,1000.000000
25.000000,-20.000000,-180.200000,0.000000,0.008099,0.002305,-0.001006,0.002632,1000.000000
25.500000,-20.000000,-180.200000,0.000000,0.008141,0.002315,-0.000958,0.002644,1000.000000
26.000000,-20.000000,-180.200000,0.000000,0.008064,0.002272,-0.001046,0.002595,1000.000000
26.500000,-20.000000,-180.200000,0.000000,0.008041,0.002298,-0.001072,0.002624,1000.000000
27.000000,-20.000000,-180.200000,0.000000,0.008034,0.002214,-0.001081,0.002529,1000.000000
27.500000,-20.000000,-180.200000,0.000000,0.008037,0.002281,-0.001076,0.002604,1000.000000
28.000000,-20.000000,-180.200000,0.000000,0.008067,0.002267,-0.001043,0.002589,1000.000000
28.500000,-20.000000,-180.200000,0.000000,0.008095,0.002261,-0.001011,0.002582,1000.000000
29.000000,-20.000000,-180.200000,0.000000,0.008104,0.002251,-0.001001,0.002570,1000.000000
29.500000,-20.000000,-180.200000,0.000000,0.008093,0.002315,-0.001012,0.002644,1000.000000
30.000000,-20.000000,-180.200000,0.000000,0.008046,0.002264,-0.001066,0.002585,1000.000000
30.500000,-20.000000,-180.200000,0.000000,0.008130,0.002232,-0.000970,0.002549,1000.000000
31.000000,-20.000000,-180.200000,0.000000,0.008012,0.002240,-0.001105,0.002558,1000.000000
31.500000,-20.000000,-180.200000,0.000000,0.007998,0.002295,-0.001121,0.002620,1000.000000
32.000000,-20.000000,-180.200000,0.000000,0.008072,0.002293,-0.001037,0.002618,1000.000000
32.500000,-20.000000,-180.200000,0.000000,0.008133,0.002284,-0.000967,0.002608,1000.000000
33.000000,-20.000000,-180.200000,0.000000,0.008029,0.002276,-0.001086,0.002599,1000.000000
33.500000,-20.000000,-180.200000,0.000000,0.008063,0.002277,-0.001047,0.002601,1000.000000
34.000000,-20.000000,-180.200000,0.000000,0.008051,0.002291,-0.001060,0.002616,1000.000000
34.500000,-20.000000,-180.200000,0.000000,0.008057,0.002272,-0.001054,0.002594,1000.000000
35.000000,-20.000000,-180.200000,0.000000,0.008020,0.002335,-0.001097,0.002666,1000.000000
35.500000,-20.000000,-180.200000,0.000000,0.008076,0.002320,-0.001033,0.002649,1000.000000
36.000000,-20.000000,-180.200000,0.000000,0.008074,0.002288,-0.001034,0.002613,1000.000000
36.500000,-20.000000,-180.200000,0.000000,0.008036,0.002243,-0.001078,0.002562,1000.000000
37.000000,-20.000000,-180.200000,0.000000,0.008115,0.002291,-0.000987,0.002616,1000.000000
37.500000,-20.000000,-180.200000,0.000000,0.007990,0.002293,-0.001130,0.002619,1000.000000
38.000000,-20.000000,-180.200000,0.000000,0.008078,0.002321,-0.001030,0.002651,1000.000000
38.500000,-20.000000,-180.200000,0.000000,0.008113,0.002285,-0.000990,0.002609,1000.000000
39.000000,-20.000000,-180.200000,0.000000,0.008118,0.002263,-0.000985,0.002584,1000.000000
39.500000,-20.000000,-180.200000,0.000000,0.008068,0.002197,-0.001041,0.002508,1000.000000
40.000000,-20.000000,-180.200000,0.000000,0.008064,0.002235,-0.001046,0.002552,1000.000000
40.500000,-20.000000,-180.200000,0.000000,0.008128,0.002324,-0.000973,0.002654,1000.000000
41.000000,-20.000000,-180.200000,0.000000,0.008111,0.002269,-0.000992,0.002591,1000.000000
41.500000,-20.000000,-180.200000,0.000000,0.008095,0.002274,-0.001011,0.002597,1000.000000
42.000000,-20.000000,-180.200000,0.000000,0.008057,0.002238,-0.001054,0.002555,1000.000000
42.500000,-20.000000,-180.200000,0.000000,0.008017,0.002202,-0.001099,0.002514,1000.000000
43.000000,-20.000000,-180.200000,0.000000,0.008128,0.002289,-0.000973,0.002614,1000.000000
43.500000,-20.000000,-180.200000,0.000000,0.008086,0.002264,-0.001021,0.002585,1000.000000
44.000000,-20.000000,-180.200000,0.000000,0.008139,0.002244,-0.000960,0.002562,1000.000000
44.500000,-20.000000,-180.200000,0.000000,0.008156,0.002279,-0.000941,0.002602,1000.000000
45.000000,-20.000000,-180.200000,0.000000,0.008081,0.002278,-0.001027,0.002601,1000.000000
45.500000,-20.000000,-180.200000,0.000000,0.008073,0.002293,-0.001035,0.002619,1000.000000
46.000000,-20.000000,-180.200000,0.000000,0.008095,0.002238,-0.001011,0.002555,1000.000000
46.500000,-20.000000,-180.200000,0.000000,0.008045,0.002316,-0.001067,0.002645,1000.000000
47.000000,-20.000000,-180.200000,0.000000,0.008106,0.002322,-0.000998,0.002652,1000.000000
47.500000,-20.000000,-180.200000,0.000000,0.007998,0.002232,-0.001121,0.002548,1000.000000
48.000000,-20.000000,-180.200000,0.000000,0.008197,0.002237,-0.000894,0.002554,1000.000000
48.500000,-20.000000,-180.200000,0.000000,0.008036,0.002272,-0.001078,0.002594,1000.000000
49.000000,-20.000000,-180.200000,0.000000,0.008069,0.002275,-0.001040,0.002598,1000.000000
49.500000,-20.000000,-180.200000,0.000000,0.008129,0.002243,-0.000971,0.002561,1000.000000
50.000000,-20.000000,-180.200000,0.000000,0.008162,0.002273,-0.000934,0.002596,1000.000000
50.500000,-20.000000,-180.200000,0.000000,0.008097,0.002267,-0.001008,0.002589,1000.000000
51.000000,-20.000000,-180.200000,0.000000,0.008172,0.002223,-0.000922,0.002538,1000.000000
51.500000,-20.000000,-180.200000,0.000000,0.008119,0.002213,-0.000983,0.002527,1000.000000
52.000000,-20.000000,-180.200000,0.000000,0.008078,0.002222,-0.001030,0.002537,1000.000000
52.500000,-20.000000,-180.200000,0.000000,0.008171,0.002282,-0.000923,0.002606,1000.000000
53.000000,-20.000000,-180.200000,0.000000,0.008102,0.002343,-0.001002,0.002676,1000.000000
53.500000,-20.000000,-180.200000,0.000000,0.008171,0.002311,-0.000923,0.002638,1000.000000
54.000000,-20.000000,-180.200000,0.000000,0.008141,0.002318,-0.000958,0.002646,1000.000000
54.500000,-20.000000,-180.200000,0.000000,0.008157,0.002260,-0.000939,0.002581,1000.000000
55.000000,-20.000000,-180.200000,0.000000,0.008216,0.002282,-0.000873,0.002606,1000.000000
55.500000,-20.000000,-180.200000,0.000000,0.008141,0.002254,-0.000958,0.002573,1000.000000
56.000000,-20.000000,-180.200000,0.000000,0.008134,0.002286,-0.000966,0.002611,1000.000000
56.500000,-20.000000,-180.200000,0.000000,0.008102,0.002248,-0.001002,0.002567,1000.000000
57.000000,-20.000000,-180.200000,0.000000,0.008102,0.002212,-0.001002,0.002526,1000.000000
57.500000,-20.000000,-180.200000,0.000000,0.008143,0.002243,-0.000955,0.002562,1000.000000
58.000000,-20.000000,-180.200000,0.000000,0.008188,0.002276,-0.000905,0.002599,1000.000000
58.500000,-20.000000,-180.200000,0.000000,0.008121,0.002318,-0.000980,0.002647,1000.000000
59.000000,-20.000000,-180.200000,0.000000,0.008157,0.002292,-0.000939,0.002617,1000.000000
59.500000,-20.000000,-180.200000,0.000000,0.008188,0.002257,-0.000905,0.002577,1000.000000
60.000000,-20.000000,-180.200000,0.000000,0.008206,0.002317,-0.000884,0.002646,1000.000000
60.500000,-20.000000,-180.200000,0.000000,0.008180,0.002285,-0.000913,0.002609,1000.000000
61.000000,-20.000000,-180.200000,0.000000,0.008231,0.002257,-0.000855,0.002577,1000.000000
61.500000,-20.000000,-180.200000,0.000000,0.008341,0.002287,-0.000730,0.002612,1000.000000
62.000000,-20.000000,-180.200000,0.000000,0.008157,0.002281,-0.000939,0.002605,1000.000000
62.500000,-20.000000,-180.200000,0.000000,0.008213,0.002239,-0.000875,0.002557,1000.000000
63.000000,-20.000000,-180.200000,0.000000,0.008183,0.002255,-0.000910,0.002575,1000.000000
63.500000,-20.000000,-180.200000,0.000000,0.008197,0.002215,-0.000894,0.002529,1000.000000
64.000000,-20.000000,-180.200000,0.000000,0.008207,0.002281,-0.000883,0.002605,1000.000000
64.500000,-20.000000,-180.200000,0.000000,0.008343,0.002385,-0.000727,0.002724,1000.000000
65.000000,-20.000000,-180.200000,0.000000,0.008217,0.002281,-0.000871,0.002605,1000.000000
65.500000,-20.000000,-180.200000,0.000000,0.008132,0.002254,-0.000969,0.002573,1000.000000
66.000000,-20.000000,-180.200000,0.000000,0.008203,0.002289,-0.000887,0.002614,1000.000000
66.500000,-20.000000,-180.200000,0.000000,0.008169,0.002306,-0.000926,0.002633,1000.000000
67.000000,-20.000000,-180.200000,0.000000,0.008203,0.002234,-0.000887,0.002551,1000.000000
67.500000,-20.000000,-180.200000,0.000000,0.008162,0.002275,-0.000934,0.002598,1000.000000
68.000000,-20.000000,-180.200000,0.000000,0.008176,0.002260,-0.000918,0.002580,1000.000000
68.500000,-20.000000,-180.200000,0.000000,0.008195,0.002261,-0.000896,0.002582,1000.000000
69.000000,-20.000000,-180.200000,0.000000,0.008220,0.002236,-0.000868,0.002553,1000.000000
69.500000,-20.000000,-180.200000,0.000000,0.008240,0.002278,-0.000845,0.002601,1000.000000
70.000000,-20.000000,-180.200000,0.000000,0.008186,0.002301,-0.000906,0.002627,1000.000000
70.500000,-20.000000,-180.200000,0.000000,0.008246,0.002256,-0.000838,0.002576,1000.000000
71.000000,-20.000000,-180.200000,0.000000,0.008286,0.002293,-0.000793,0.002618,1000.000000
71.500000,-20.000000,-180.200000,0.000000,0.008194,0.002283,-0.000897,0.002607,1000.000000
72.000000,-20.000000,-180.200000,0.000000,0.008223,0.002293,-0.000864,0.002618,1000.000000
72.500000,-20.000000,-180.200000,0.000000,0.008202,0.002313,-0.000889,0.002641,1000.000000
73.000000,-20.000000,-180.200000,0.000000,0.008257,0.002257,-0.000826,0.002577,1000.000000
73.500000,-20.000000,-180.200000,0.000000,0.008232,0.002298,-0.000854,0.002623,1000.000000
74.000000,-20.000000,-180.200000,0.000000,0.008253,0.002313,-0.000830,0.002641,1000.000000
74.500000,-20.000000,-180.200000,0.000000,0.008254,0.002281,-0.000829,0.002604,1000.000000
75.000000,-20.000000,-180.200000,0.000000,0.008313,0.002295,-0.000762,0.002620,1000.000000
75.500000,-20.000000,-180.200000,0.000000,0.008227,0.002312,-0.000859,0.002639,1000.000000
76.000000,-20.000000,-180.200000,0.000000,0.008240,0.002200,-0.000845,0.002513,1000.000000
76.500000,-20.000000,-180.200000,0.000000,0.008226,0.002225,-0.000861,0.002541,1000.000000
77.000000,-20.000000,-180.200000,0.000000,0.008241,0.002292,-0.000843,0.002617,1000.000000
77.500000,-20.000000,-180.200000,0.000000,0.008347,0.002285,-0.000723,0.002610,1000.000000
78.000000,-20.000000,-180.200000,0.000000,0.008274,0.002243,-0.000806,0.002561,1000.000000
78.500000,-20.000000,-180.200000,0.000000,0.008279,0.002272,-0.000800,0.002594,1000.000000
79.000000,-20.000000,-180.200000,0.000000,0.008237,0.002173,-0.000848,0.002482,1000.000000
79.500000,-20.000000,-180.200000,0.000000,0.008316,0.002370,-0.000758,0.002706,1000.000000
80.000000,-20.000000,-180.200000,0.000000,0.008262,0.002280,-0.000820,0.002604,1000.000000
80.500000,-20.000000,-180.200000,0.000000,0.008253,0.002249,-0.000830,0.002568,1000.000000
81.000000,-20.000000,-180.200000,0.000000,0.008269,0.002317,-0.000811,0.002646,1000.000000
81.500000,-20.000000,-180.200000,0.000000,0.008299,0.002338,-0.000778,0.002670,1000.000000
82.000000,-20.000000,-180.200000,0.000000,0.008226,0.002297,-0.000861,0.002623,1000.000000
82.500000,-20.000000,-180.200000,0.000000,0.008292,0.002324,-0.000785,0.002654,1000.000000
83.000000,-20.000000,-180.200000,0.000000,0.008257,0.002256,-0.000826,0.002576,1000.000000
83.500000,-20.000000,-180.200000,0.000000,0.008230,0.002320,-0.000857,0.002649,1000.000000
84.000000,-20.000000,-180.200000,0.000000,0.008324,0.002239,-0.000749,0.002557,1000.000000
84.500000,-20.000000,-180.200000,0.000000,0.008297,0.002266,-0.000779,0.002588,1000.000000
85.000000,-20.000000,-180.200000,0.000000,0.008214,0.002345,-0.000874,0.002678,1000.000000
85.500000,-20.000000,-180.200000,0.000000,0.008264,0.002365,-0.000817,0.002701,1000.000000
86.000000,-20.000000,-180.200000,0.000000,0.008307,0.002263,-0.000768,0.002584,1000.000000
86.500000,-20.000000,-180.200000,0.000000,0.008278,0.002271,-0.000801,0.002594,1000.000000
87.000000,-20.000000,-180.200000,0.000000,0.008262,0.002282,-0.000820,0.002606,1000.000000
87.500000,-20.000000,-180.200000,0.000000,0.008259,0.002294,-0.000823,0.002620,1000.000000
88.000000,-20.000000,-180.200000,0.000000,0.008301,0.002234,-0.000775,0.002551,1000.000000
88.500000,-20.000000,-180.200000,0.000000,0.008351,0.002324,-0.000718,0.002654,1000.000000
89.000000,-20.000000,-180.200000,0.000000,0.008254,0.002229,-0.000829,0.002545,1000.000000
89.500000,-20.000000,-180.200000,0.000000,0.008276,0.002286,-0.000804,0.002610,1000.000000
90.000000,-20.000000,-180.200000,0.000000,0.008365,0.002276,-0.000702,0.002599,1000.000000
90.500000,-20.000000,-180.200000,0.000000,0.008328,0.002231,-0.000745,0.002548,1000.000000
91.000000,-20.000000,-180.200000,0.000000,0.008318,0.002304,-0.000756,0.002631,1000.000000
91.500000,-20.000000,-180.200000,0.000000,0.008352,0.002281,-0.000717,0.002605,1000.000000
92.000000,-20.000000,-180.200000,0.000000,0.008341,0.002243,-0.000730,0.002562,1000.000000
92.500000,-20.000000,-180.200000,0.000000,0.008366,0.002315,-0.000701,0.002644,1000.000000
93.000000,-20.000000,-180.200000,0.000000,0.008386,0.002275,-0.000678,0.002598,1000.000000
93.500000,-20.000000,-180.200000,0.000000,0.008378,0.002373,-0.000688,0.002710,1000.000000
94.000000,-20.000000,-180.200000,0.000000,0.008412,0.002382,-0.000649,0.002720,1000.000000
94.500000,-20.000000,-180.200000,0.000000,0.008427,0.002230,-0.000631,0.002547,1000.000000
95.000000,-20.000000,-180.200000,0.000000,0.008335,0.002286,-0.000736,0.002610,1000.000000
95.500000,-20.000000,-180.200000,0.000000,0.008330,0.002357,-0.000742,0.002691,1000.000000
96.000000,-20.000000,-180.200000,0.000000,0.008384,0.002274,-0.000681,0.002597,1000.000000
96.500000,-20.000000,-180.200000,0.000000,0.008394,0.002309,-0.000669,0.002637,1000.000000
97.000000,-20.000000,-180.200000,0.000000,0.008311,0.002311,-0.000763,0.002639,1000.000000
97.500000,-20.000000,-180.200000,0.000000,0.008400,0.002354,-0.000662,0.002688,1000.000000
98.000000,-20.000000,-180.200000,0.000000,0.008446,0.002233,-0.000609,0.002549,1000.000000
98.500000,-20.000000,-180.200000,0.000000,0.008352,0.002346,-0.000717,0.002678,1000.000000
99.000000,-20.000000,-180.200000,0.000000,0.008378,0.002253,-0.000688,0.002573,1000.000000
99.500000,-20.000000,-180.200000,0.000000,0.008469,0.002227,-0.000583,0.002543,1000.000000
100.000000,-20.000000,-180.200000,0.000000,0.008403,0.002272,-0.000659,0.002594,1000.000000
100.500000,-20.000000,-180.200000,0.000000,0.008423,0.002313,-0.000635,0.002641,1000.000000
101.000000,-20.000000,-180.200000,0.000000,0.008351,0.002295,-0.000718,0.002620,1000.000000
101.500000,-20.000000,-180.200000,0.000000,0.008428,0.002317,-0.000630,0.002646,1000.000000
102.000000,-20.000000,-180.200000,0.000000,0.008520,0.002299,-0.000525,0.002625,1000.000000
102.500000,-20.000000,-180.200000,0.000000,0.008465,0.002257,-0.000587,0.002577,1000.000000
103.000000,-20.000000,-180.200000,0.000000,0.008385,0.002285,-0.000679,0.002609,1000.000000
103.500000,-20.000000,-180.200000,0.000000,0.008439,0.002254,-0.000618,0.002574,1000.000000
104.000000,-20.000000,-180.200000,0.000000,0.008392,0.002267,-0.000672,0.002589,1000.000000
104.500000,-20.000000,-180.200000,0.000000,0.008313,0.002234,-0.000762,0.002551,1000.000000
105.000000,-20.000000,-180.200000,0.000000,0.008409,0.002188,-0.000651,0.002498,1000.000000
105.500000,-20.000000,-180.200000,0.000000,0.008428,0.002367,-0.000630,0.002703,1000.000000
106.000000,-20.000000,-180.200000,0.000000,0.008403,0.002283,-0.000659,0.002607,1000.000000
106.500000,-20.000000,-180.200000,0.000000,0.008446,0.002266,-0.000609,0.002588,1000.000000
107.000000,-20.000000,-180.200000,0.000000,0.008388,0.002331,-0.000676,0.002662,1000.000000
107.500000,-20.000000,-180.200000,0.000000,0.008439,0.002337,-0.000618,0.002669,1000.000000
108.000000,-20.000000,-180.200000,0.000000,0.008398,0.002259,-0.000665,0.002579,1000.000000
108.500000,-20.000000,-180.200000,0.000000,0.008409,0.002238,-0.000651,0.002556,1000.000000
109.000000,-20.000000,-180.200000,0.000000,0.008390,0.002211,-0.000673,0.002524,1000.000000
109.500000,-20.000000,-180.200000,0.000000,0.008417,0.002202,-0.000643,0.002515,1000.000000
110.000000,-20.000000,-180.200000,0.000000,0.008467,0.002327,-0.000586,0.002657,1000.000000
0.000000,-21.000000,-180.200000,0.000000,0.008231,0.002263,-0.000855,0.002584,1000.000000
0.500000,-21.000000,-180.200000,0.000000,0.008211,0.002359,-0.000878,0.002693,1000.000000
1.000000,-21.000000,-180.200000,0.000000,0.008267,0.002281,-0.000814,0.002605,1000.000000
1.500000,-21.000000,-180.200000,0.000000,0.008189,0.002255,-0.000903,0.002575,1000.000000
2.000000,-21.000000,-180.200000,0.000000,0.008171,0.002267,-0.000923,0.002588,1000.000000
2.500000,-21.000000,-180.200000,0.000000,0.008216,0.002344,-0.000873,0.002676,1000.000000
3.000000,-21.000000,-180.200000,0.000000,0.008230,0.002280,-0.000857,0.002604,1000.000000
3.500000,-21.000000,-180.200000,0.000000,0.008206,0.002275,-0.000884,0.002598,1000.000000
4.000000,-21.000000,-180.200000,0.000000,0.008195,0.002250,-0.000896,0.002570,1000.000000
4.500000,-21.000000,-180.200000,0.000000,0.008240,0.002246,-0.000845,0.002565,1000.000000
5.000000,-21.000000,-180.200000,0.000000,0.008156,0.002212,-0.000941,0.002526,1000.000000
5.500000,-21.000000,-180.200000,0.000000,0.008258,0.002230,-0.000825,0.002547,1000.000000
6.000000,-21.000000,-180.200000,0.000000,0.008221,0.002333,-0.000867,0.002664,1000.000000
6.500000,-21.000000,-180.200000,0.000000,0.008192,0.002301,-0.000900,0.002628,1000.000000
7.000000,-21.000000,-180.200000,0.000000,0.008236,0.002328,-0.000849,0.002658,1000.000000
7.500000,-21.000000,-180.200000,0.000000,0.008246,0.002272,-0.000838,0.002594,1000.000000
8.000000,-21.000000,-180.200000,0.000000,0.008179,0.002300,-0.000915,0.002626,1000.000000
8.500000,-21.000000,-180.200000,0.000000,0.008186,0.002246,-0.000906,0.002564,1000.000000
9.000000,-21.000000,-180.200000,0.000000,0.008175,0.002265,-0.000919,0.002586,1000.000000
9.500000,-21.000000,-180.200000,0.000000,0.008151,0.002216,-0.000947,0.002531,1000.000000
10.000000,-21.000000,-180.200000,0.000000,0.008184,0.002222,-0.000909,0.002537,1000.000000
10.500000,-21.000000,-180.200000,0.000000,0.008175,0.002298,-0.000919,0.002624,1000.000000
11.000000,-21.000000,-180.200000,0.000000,0.008093,0.002235,-0.001012,0.002553,1000.000000
11.500000,-21.000000,-180.200000,0.000000,0.008218,0.002283,-0.000870,0.002607,1000.000000
12.000000,-21.000000,-180.200000,0.000000,0.008217,0.002334,-0.000871,0.002666,1000.000000
12.500000,-21.000000,-180.200000,0.000000,0.008226,0.002224,-0.000861,0.002540,1000.000000
13.000000,-21.000000,-180.200000,0.000000,0.008162,0.002215,-0.000934,0.002530,1000.000000
13.500000,-21.000000,-180.200000,0.000000,0.008253,0.002260,-0.000830,0.002581,1000.000000
14.000000,-21.000000,-180.200000,0.000000,0.008195,0.002270,-0.000896,0.002592,1000.000000
14.500000,-21.000000,-180.200000,0.000000,0.008146,0.002258,-0.000953,0.002579,1000.000000
15.000000,-21.000000,-180.200000,0.000000,0.008228,0.002302,-0.000858,0.002629,1000.000000
15.500000,-21.000000,-180.200000,0.000000,0.008172,0.002286,-0.000922,0.002610,1000.000000
16.000000,-21.000000,-180.200000,0.000000,0.008175,0.002235,-0.000919,0.002552,1000.000000
16.500000,-21.000000,-180.200000,0.000000,0.008192,0.002332,-0.000900,0.002663,1000.000000
17.000000,-21.000000,-180.200000,0.000000,0.008125,0.002243,-0.000976,0.002561,1000.000000
17.500000,-21.000000,-180.200000,0.000000,0.008155,0.002297,-0.000942,0.002623,1000.000000
18.000000,-21.000000,-180.200000,0.000000,0.008214,0.002230,-0.000874,0.002547,1000.000000
18.500000,-21.000000,-180.200000,0.000000,0.008153,0.002250,-0.000944,0.002569,1000.000000
19.000000,-21.000000,-180.200000,0.000000,0.008113,0.002304,-0.000990,0.002630,1000.000000
19.500000,-21.000000,-180.200000,0.000000,0.008087,0.002351,-0.001019,0.002684,1000.000000
20.000000,-21.000000,-180.200000,0.000000,0.008136,0.002279,-0.000964,0.002602,1000.000000
20.500000,-21.000000,-180.200000,0.000000,0.008081,0.002306,-0.001027,0.002633,1000.000000
21.000000,-21.000000,-180.200000,0.000000,0.008141,0.002264,-0.000958,0.002586,1000.000000
21.500000,-21.000000,-180.200000,0.000000,0.008118,0.002280,-0.000985,0.002603,1000.000000
22.000000,-21.000000,-180.200000,0.000000,0.008175,0.002276,-0.000919,0.002598,1000.000000
22.500000,-21.000000,-180.200000,0.000000,0.008208,0.002349,-0.000881,0.002683,1000.000000
23.000000,-21.000000,-180.200000,0.000000,0.008120,0.002276,-0.000982,0.002599,1000.000000
23.500000,-21.000000,-180.200000,0.000000,0.008040,0.002307,-0.001073,0.002634,1000.000000
24.000000,-21.000000,-180.200000,0.000000,0.008147,0.002175,-0.000951,0.002484,1000.000000
24.500000,-21.000000,-180.200000,0.000000,0.008161,0.002314,-0.000935,0.002643,1000.000000
25.000000,-21.000000,-180.200000,0.000000,0.008155,0.002316,-0.000942,0.002644,1000.000000
25.500000,-21.000000,-180.200000,0.000000,0.008083,0.002265,-0.001024,0.002586,1000.000000
26.000000,-21.000000,-180.200000,0.000000,0.008125,0.002280,-0.000976,0.002603,1000.000000
26.500000,-21.000000,-180.200000,0.000000,0.008150,0.002259,-0.000948,0.002580,1000.000000
27.000000,-21.000000,-180.200000,0.000000,0.008071,0.002342,-0.001038,0.002674,1000.000000
27.500000,-21.000000,-180.200000,0.000000,0.008057,0.002264,-0.001054,0.002585,1000.000000
28.000000,-21.000000,-180.200000,0.000000,0.008172,0.002191,-0.000922,0.002502,1000.000000
28.500000,-21.000000,-180.200000,0.000000,0.008041,0.002344,-0.001072,0.002676,1000.000000
29.000000,-21.000000,-180.200000,0.000000,0.008142,0.002293,-0.000957,0.002618,1000.000000
29.500000,-21.000000,-180.200000,0.000000,0.008178,0.002314,-0.000916,0.002643,1000.000000
30.000000,-21.000000,-180.200000,0.000000,0.008071,0.002247,-0.001038,0.002566,1000.000000
30.500000,-21.000000,-180.200000,0.000000,0.008058,0.002258,-0.001053,0.002579,1000.000000
31.000000,-21.000000,-180.200000,0.000000,0.008142,0.002277,-0.000957,0.002600,1000.000000
31.500000,-21.000000,-180.200000,0.000000,0.008092,0.002343,-0.001014,0.002676,1000.000000
32.000000,-21.000000,-180.200000,0.000000,0.008062,0.002214,-0.001049,0.002528,1000.000000
32.500000,-21.000000,-180.200000,0.000000,0.008127,0.002221,-0.000974,0.002536,1000.000000
33.000000,-21.000000,-180.200000,0.000000,0.008125,0.002298,-0.000976,0.002624,1000.000000
33.500000,-21.000000,-180.200000,0.000000,0.008179,0.002263,-0.000915,0.002584,1000.000000
34.000000,-21.000000,-180.200000,0.000000,0.008040,0.002291,-0.001073,0.002616,1000.000000
34.500000,-21.000000,-180.200000,0.000000,0.008100,0.002223,-0.001005,0.002538,1000.000000
35.000000,-21.000000,-180.200000,0.000000,0.008106,0.002263,-0.000998,0.002585,1000.000000
35.500000,-21.000000,-180.200000,0.000000,0.008063,0.002266,-0.001047,0.002588,1000.000000
36.000000,-21.000000,-180.200000,0.000000,0.008115,0.002275,-0.000987,0.002598,1000.000000
36.500000,-21.000000,-180.200000,0.000000,0.008152,0.002325,-0.000945,0.002655,1000.000000
37.000000,-21.000000,-180.200000,0.000000,0.008104,0.002249,-0.001001,0.002568,1000.000000
37.500000,-21.000000,-180.200000,0.000000,0.008088,0.002278,-0.001018,0.002601,1000.000000
38.000000,-21.000000,-180.200000,0.000000,0.008150,0.002321,-0.000948,0.002650,1000.000000
38.500000,-21.000000,-180.200000,0.000000,0.008144,0.002229,-0.000954,0.002546,1000.000000
39.000000,-21.000000,-180.200000,0.000000,0.008179,0.002325,-0.000915,0.002654,1000.000000
39.500000,-21.000000,-180.200000,0.000000,0.008179,0.002310,-0.000915,0.002638,1000.000000
40.000000,-21.000000,-180.200000,0.000000,0.008100,0.002346,-0.001005,0.002678,1000.000000
40.500000,-21.000000,-180.200000,0.000000,0.008147,0.002289,-0.000951,0.002614,1000.000000
41.000000,-21.000000,-180.200000,0.000000,0.008179,0.002335,-0.000915,0.002666,1000.000000
41.500000,-21.000000,-180.200000,0.000000,0.008152,0.002310,-0.000945,0.002638,1000.000000
42.000000,-21.000000,-180.200000,0.000000,0.008101,0.002225,-0.001003,0.002541,1000.000000
42.500000,-21.000000,-180.200000,0.000000,0.008101,0.002316,-0.001003,0.002645,1000.000000
43.000000,-21.000000,-180.200000,0.000000,0.008132,0.002293,-0.000969,0.002618,1000.000000
43.500000,-21.000000,-180.200000,0.000000,0.008104,0.002248,-0.001001,0.002567,1000.000000
44.000000,-21.000000,-180.200000,0.000000,0.008121,0.002210,-0.000980,0.002524,1000.000000
44.500000,-21.000000,-180.200000,0.000000,0.008105,0.002229,-0.000999,0.002545,1000.000000
45.000000,-21.000000,-180.200000,0.000000,0.008077,0.002237,-0.001031,0.002555,1000.000000
45.500000,-21.000000,-180.200000,0.000000,0.008031,0.002217,-0.001083,0.002531,1000.000000
46.000000,-21.000000,-180.200000,0.000000,0.008164,0.002313,-0.000932,0.002642,1000.000000
46.500000,-21.000000,-180.200000,0.000000,0.008136,0.002338,-0.000964,0.002670,1000.000000
47.000000,-21.000000,-180.200000,0.000000,0.008176,0.002260,-0.000918,0.002581,1000.000000
47.500000,-21.000000,-180.200000,0.000000,0.008102,0.002148,-0.001002,0.002453,1000.000000
48.000000,-21.000000,-180.200000,0.000000,0.008228,0.002314,-0.000858,0.002643,1000.000000
48.500000,-21.000000,-180.200000,0.000000,0.008086,0.002302,-0.001021,0.002628,1000.000000
49.000000,-21.000000,-180.200000,0.000000,0.008069,0.002284,-0.001040,0.002608,1000.000000
49.500000,-21.000000,-180.200000,0.000000,0.008223,0.002370,-0.000864,0.002706,1000.000000
50.000000,-21.000000,-180.200000,0.000000,0.008065,0.002262,-0.001044,0.002583,1000.000000
50.500000,-21.000000,-180.200000,0.000000,0.008180,0.002301,-0.000913,0.002628,1000.000000
51.000000,-21.000000,-180.200000,0.000000,0.008212,0.002286,-0.000877,0.002611,1000.000000
51.500000,-21.000000,-180.200000,0.000000,0.008095,0.002283,-0.001011,0.002607,1000.000000
52.000000,-21.000000,-180.200000,0.000000,0.008213,0.002303,-0.000875,0.002629,1000.000000
52.500000,-21.000000,-180.200000,0.000000,0.008102,0.002274,-0.001002,0.002596,1000.000000
53.000000,-21.000000,-180.200000,0.000000,0.008104,0.002350,-0.001001,0.002683,1000.000000
53.500000,-21.000000,-180.200000,0.000000,0.008128,0.002298,-0.000973,0.002624,1000.000000
54.000000,-21.000000,-180.200000,0.000000,0.008207,0.002187,-0.000883,0.002497,1000.000000
54.500000,-21.000000,-180.200000,0.000000,0.008195,0.002232,-0.000896,0.002549,1000.000000
55.000000,-21.000000,-180.200000,0.000000,0.008283,0.002254,-0.000795,0.002574,1000.000000
55.500000,-21.000000,-180.200000,0.000000,0.008118,0.002333,-0.000985,0.002664,1000.000000
56.000000,-21.000000,-180.200000,0.000000,0.008230,0.002282,-0.000857,0.002605,1000.000000
56.500000,-21.000000,-180.200000,0.000000,0.008408,0.002312,-0.000653,0.002640,1000.000000
57.000000,-21.000000,-180.200000,0.000000,0.008148,0.002313,-0.000950,0.002642,1000.000000
57.500000,-21.000000,-180.200000,0.000000,0.008257,0.002279,-0.000826,0.002602,1000.000000
58.000000,-21.000000,-180.200000,0.000000,0.008207,0.002250,-0.000883,0.002569,1000.000000
58.500000,-21.000000,-180.200000,0.000000,0.008179,0.002261,-0.000915,0.002582,1000.000000
59.000000,-21.000000,-180.200000,0.000000,0.008220,0.002225,-0.000868,0.002541,1000.000000
59.500000,-21.000000,-180.200000,0.000000,0.008230,0.002268,-0.000857,0.002590,1000.000000
60.000000,-21.000000,-180.200000,0.000000,0.008142,0.002256,-0.000957,0.002576,1000.000000
60.500000,-21.000000,-180.200000,0.000000,0.008263,0.002343,-0.000819,0.002675,1000.000000
61.000000,-21.000000,-180.200000,0.000000,0.008208,0.002371,-0.000881,0.002708,1000.000000
61.500000,-21.000000,-180.200000,0.000000,0.008227,0.002187,-0.000859,0.002497,1000.000000
62.000000,-21.000000,-180.200000,0.000000,0.008250,0.002256,-0.000833,0.002576,1000.000000
62.500000,-21.000000,-180.200000,0.000000,0.008225,0.002250,-0.000862,0.002569,1000.000000
63.000000,-21.000000,-180.200000,0.000000,0.008278,0.002336,-0.000801,0.002668,1000.000000
63.500000,-21.000000,-180.200000,0.000000,0.008287,0.002346,-0.000791,0.002679,1000.000000
64.000000,-21.000000,-180.200000,0.000000,0.008272,0.002299,-0.000809,0.002626,1000.000000
64.500000,-21.000000,-180.200000,0.000000,0.008257,0.002259,-0.000826,0.002579,1000.000000
65.000000,-21.000000,-180.200000,0.000000,0.008240,0.002297,-0.000845,0.002622,1000.000000
65.500000,-21.000000,-180.200000,0.000000,0.008225,0.002303,-0.000862,0.002629,1000.000000
66.000000,-21.000000,-180.200000,0.000000,0.008304,0.002245,-0.000772,0.002564,1000.000000
66.500000,-21.000000,-180.200000,0.000000,0.008254,0.002255,-0.000829,0.002575,1000.000000
67.000000,-21.000000,-180.200000,0.000000,0.008246,0.002345,-0.000838,0.002677,1000.000000
67.500000,-21.000000,-180.200000,0.000000,0.008297,0.002314,-0.000779,0.002642,1000.000000
68.000000,-21.000000,-180.200000,0.000000,0.008243,0.002280,-0.000842,0.002603,1000.000000
68.500000,-21.000000,-180.200000,0.000000,0.008268,0.002381,-0.000813,0.002719,1000.000000
69.000000,-21.000000,-180.200000,0.000000,0.008227,0.002324,-0.000859,0.002654,1000.000000
69.500000,-21.000000,-180.200000,0.000000,0.008282,0.002249,-0.000797,0.002568,1000.000000
70.000000,-21.000000,-180.200000,0.000000,0.008323,0.002337,-0.000750,0.002668,1000.000000
70.500000,-21.000000,-180.200000,0.000000,0.008232,0.002247,-0.000854,0.002566,1000.000000
71.000000,-21.000000,-180.200000,0.000000,0.008263,0.002322,-0.000819,0.002652,1000.000000
71.500000,-21.000000,-180.200000,0.000000,0.008165,0.002304,-0.000931,0.002631,1000.000000
72.000000,-21.000000,-180.200000,0.000000,0.008231,0.002278,-0.000855,0.002601,1000.000000
72.500000,-21.000000,-180.200000,0.000000,0.008253,0.002269,-0.000830,0.002591,1000.000000
73.000000,-21.000000,-180.200000,0.000000,0.008314,0.002358,-0.000761,0.002693,1000.000000
73.500000,-21.000000,-180.200000,0.000000,0.008292,0.002336,-0.000785,0.002667,1000.000000
74.000000,-21.000000,-180.200000,0.000000,0.008251,0.002239,-0.000832,0.002557,1000.000000
74.500000,-21.000000,-180.200000,0.000000,0.008181,0.002255,-0.000912,0.002576,1000.000000
75.000000,-21.000000,-180.200000,0.000000,0.008338,0.002269,-0.000733,0.002591,1000.000000
75.500000,-21.000000,-180.200000,0.000000,0.008287,0.002315,-0.000791,0.002644,1000.000000
76.000000,-21.000000,-180.200000,0.000000,0.008309,0.002236,-0.000766,0.002553,1000.000000
76.500000,-21.000000,-180.200000,0.000000,0.008279,0.002318,-0.000800,0.002647,1000.000000
77.000000,-21.000000,-180.200000,0.000000,0.008279,0.002210,-0.000800,0.002524,1000.000000
77.500000,-21.000000,-180.200000,0.000000,0.008255,0.002265,-0.000827,0.002586,1000.000000
78.000000,-21.000000,-180.200000,0.000000,0.008290,0.002234,-0.000788,0.002551,1000.000000
78.500000,-21.000000,-180.200000,0.000000,0.008315,0.002299,-0.000759,0.002625,1000.000000
79.000000,-21.000000,-180.200000,0.000000,0.008310,0.002257,-0.000765,0.002578,1000.000000
79.500000,-21.000000,-180.200000,0.000000,0.008337,0.002311,-0.000734,0.002639,1000.000000
80.000000,-21.000000,-180.200000,0.000000,0.008309,0.002277,-0.000766,0.002601,1000.000000
80.500000,-21.000000,-180.200000,0.000000,0.008346,0.002333,-0.000724,0.002664,1000.000000
81.000000,-21.000000,-180.200000,0.000000,0.008371,0.002337,-0.000695,0.002669,1000.000000
81.500000,-21.000000,-180.200000,0.000000,0.008330,0.002253,-0.000742,0.002573,1000.000000
82.000000,-21.000000,-180.200000,0.000000,0.008263,0.002318,-0.000819,0.002647,1000.000000
82.500000,-21.000000,-180.200000,0.000000,0.008385,0.002310,-0.000679,0.002637,1000.000000
83.000000,-21.000000,-180.200000,0.000000,0.008259,0.002281,-0.000823,0.002605,1000.000000
83.500000,-21.000000,-180.200000,0.000000,0.008293,0.002315,-0.000784,0.002644,1000.000000
84.000000,-21.000000,-180.200000,0.000000,0.008278,0.002346,-0.000801,0.002679,1000.000000
84.500000,-21.000000,-180.200000,0.000000,0.008314,0.002254,-0.000761,0.002574,1000.000000
85.000000,-21.000000,-180.200000,0.000000,0.008383,0.002287,-0.000682,0.002612,1000.000000
85.500000,-21.000000,-180.200000,0.000000,0.008333,0.002184,-0.000739,0.002494,1000.000000
86.000000,-21.000000,-180.200000,0.000000,0.008334,0.002278,-0.000737,0.002601,1000.000000
86.500000,-21.000000,-180.200000,0.000000,0.008316,0.002275,-0.000758,0.002598,1000.000000
87.000000,-21.000000,-180.200000,0.000000,0.008170,0.002316,-0.000925,0.002645,1000.000000
87.500000,-21.000000,-180.200000,0.000000,0.008295,0.002268,-0.000782,0.002589,1000.000000
88.000000,-21.000000,-180.200000,0.000000,0.008388,0.002319,-0.000676,0.002648,1000.000000
88.500000,-21.000000,-180.200000,0.000000,0.008380,0.002301,-0.000685,0.002627,1000.000000
89.000000,-21.000000,-180.200000,0.000000,0.008352,0.002228,-0.000717,0.002544,1000.000000
89.500000,-21.000000,-180.200000,0.000000,0.008388,0.002279,-0.000676,0.002602,1000.000000
90.000000,-21.000000,-180.200000,0.000000,0.008351,0.002297,-0.000718,0.002623,1000.000000
90.500000,-21.000000,-180.200000,0.000000,0.008371,0.002310,-0.000695,0.002638,1000.000000
91.000000,-21.000000,-180.200000,0.000000,0.008348,0.002339,-0.000721,0.002671,1000.000000
91.500000,-21.000000,-180.200000,0.000000,0.008271,0.002243,-0.000810,0.002561,1000.000000
92.000000,-21.000000,-180.200000,0.000000,0.008409,0.002379,-0.000651,0.002717,1000.000000
92.500000,-21.000000,-180.200000,0.000000,0.008365,0.002310,-0.000702,0.002638,1000.000000
93.000000,-21.000000,-180.200000,0.000000,0.008356,0.002320,-0.000713,0.002650,1000.000000
93.500000,-21.000000,-180.200000,0.000000,0.008420,0.002289,-0.000640,0.002613,1000.000000
94.000000,-21.000000,-180.200000,0.000000,0.008353,0.002310,-0.000715,0.002638,1000.000000
94.500000,-21.000000,-180.200000,0.000000,0.008462,0.002267,-0.000592,0.002588,1000.000000
95.000000,-21.000000,-180.200000,0.000000,0.008287,0.002206,-0.000791,0.002519,1000.000000
95.500000,-21.000000,-180.200000,0.000000,0.008346,0.002267,-0.000724,0.002589,1000.000000
96.000000,-21.000000,-180.200000,0.000000,0.008335,0.002249,-0.000736,0.002568,1000.000000
96.500000,-21.000000,-180.200000,0.000000,0.008411,0.002332,-0.000650,0.002663,1000.000000
97.000000,-21.000000,-180.200000,0.000000,0.008411,0.002306,-0.000650,0.002633,1000.000000
97.500000,-21.000000,-180.200000,0.000000,0.008402,0.002220,-0.000660,0.002535,1000.000000
98.000000,-21.000000,-180.200000,0.000000,0.008351,0.002364,-0.000718,0.002699,1000.000000
98.500000,-21.000000,-180.200000,0.000000,0.008402,0.002321,-0.000660,0.002650,1000.000000
99.000000,-21.000000,-180.200000,0.000000,0.008455,0.002339,-0.000599,0.002671,1000.000000
99.500000,-21.000000,-180.200000,0.000000,0.008418,0.002264,-0.000641,0.002585,1000.000000
100.000000,-21.000000,-180.200000,0.000000,0.008446,0.002301,-0.000609,0.002627,1000.000000
100.500000,-21.000000,-180.200000,0.000000,0.008390,0.002294,-0.000673,0.002620,1000.000000
101.000000,-21.000000,-180.200000,0.000000,0.008462,0.002341,-0.000592,0.002674,1000.000000
101.500000,-21.000000,-180.200000,0.000000,0.008442,0.002239,-0.000614,0.002557,1000.000000
102.000000,-21.000000,-180.200000,0.000000,0.008414,0.002275,-0.000646,0.002598,1000.000000
102.500000,-21.000000,-180.200000,0.000000,0.008406,0.002270,-0.000656,0.002592,1000.000000
103.000000,-21.000000,-180.200000,0.000000,0.008421,0.002250,-0.000638,0.002570,1000.000000
103.500000,-21.000000,-180.200000,0.000000,0.008407,0.002216,-0.000654,0.002531,1000.000000
104.000000,-21.000000,-180.200000,0.000000,0.008430,0.002256,-0.000628,0.002576,1000.000000
104.500000,-21.000000,-180.200000,0.000000,0.008371,0.002270,-0.000695,0.002592,1000.000000
105.000000,-21.000000,-180.200000,0.000000,0.008428,0.002360,-0.000630,0.002695,1000.000000
105.500000,-21.000000,-180.200000,0.000000,0.008398,0.002376,-0.000665,0.002714,1000.000000
106.000000,-21.000000,-180.200000,0.000000,0.008339,0.002353,-0.000731,0.002686,1000.000000
106.500000,-21.000000,-180.200000,0.000000,0.008515,0.002243,-0.000531,0.002561,1000.000000
107.000000,-21.000000,-180.200000,0.000000,0.008370,0.002250,-0.000697,0.002570,1000.000000
107.500000,-21.000000,-180.200000,0.000000,0.008445,0.002312,-0.000611,0.002640,1000.000000
108.000000,-21.000000,-180.200000,0.000000,0.008451,0.002185,-0.000603,0.002495,1000.000000
108.500000,-21.000000,-180.200000,0.000000,0.008397,0.002284,-0.000666,0.002608,1000.000000
109.000000,-21.000000,-180.200000,0.000000,0.008458,0.002302,-0.000596,0.002628,1000.000000
109.500000,-21.000000,-180.200000,0.000000,0.008473,0.002179,-0.000579,0.002488,1000.000000
110.000000,-21.000000,-180.200000,0.000000,0.008364,0.002254,-0.000704,0.002574,1000.000000
0.000000,-22.000000,-180.200000,0.000000,0.008292,0.002254,-0.000785,0.002573,1000.000000
0.500000,-22.000000,-180.200000,0.000000,0.008370,0.002238,-0.000697,0.002556,1000.000000
1.000000,-22.000000,-180.200000,0.000000,0.008253,0.002199,-0.000830,0.002512,1000.000000
1.500000,-22.000000,-180.200000,0.000000,0.008300,0.002294,-0.000777,0.002619,1000.000000
2.000000,-22.000000,-180.200000,0.000000,0.008134,0.002311,-0.000966,0.002639,1000.000000
2.500000,-22.000000,-180.200000,0.000000,0.008234,0.002319,-0.000852,0.002648,1000.000000
3.000000,-22.000000,-180.200000,0.000000,0.008217,0.002315,-0.000871,0.002643,1000.000000
3.500000,-22.000000,-180.200000,0.000000,0.008184,0.002276,-0.000909,0.002599,1000.000000
4.000000,-22.000000,-180.200000,0.000000,0.008204,0.002287,-0.000886,0.002611,1000.000000
4.500000,-22.000000,-180.200000,0.000000,0.008226,0.002340,-0.000861,0.002672,1000.000000
5.000000,-22.000000,-180.200000,0.000000,0.008267,0.002185,-0.000814,0.002495,1000.000000
5.500000,-22.000000,-180.200000,0.000000,0.008265,0.002263,-0.000816,0.002584,1000.000000
6.000000,-22.000000,-180.200000,0.000000,0.008222,0.002204,-0.000865,0.002517,1000.000000
6.500000,-22.000000,-180.200000,0.000000,0.008380,0.002336,-0.000685,0.002668,1000.000000
7.000000,-22.000000,-180.200000,0.000000,0.008274,0.002232,-0.000806,0.002548,1000.000000
7.500000,-22.000000,-180.200000,0.000000,0.008282,0.002266,-0.000797,0.002587,1000.000000
8.000000,-22.000000,-180.200000,0.000000,0.008110,0.002267,-0.000993,0.002588,1000.000000
8.500000,-22.000000,-180.200000,0.000000,0.008139,0.002312,-0.000960,0.002640,1000.000000
9.000000,-22.000000,-180.200000,0.000000,0.008232,0.002252,-0.000854,0.002571,1000.000000
9.500000,-22.000000,-180.200000,0.000000,0.008244,0.002257,-0.000841,0.002577,1000.000000
10.000000,-22.000000,-180.200000,0.000000,0.008225,0.002331,-0.000862,0.002661,1000.000000
10.500000,-22.000000,-180.200000,0.000000,0.008258,0.002227,-0.000825,0.002543,1000.000000
11.000000,-22.000000,-180.200000,0.000000,0.008179,0.002288,-0.000915,0.002613,1000.000000
11.500000,-22.000000,-180.200000,0.000000,0.008253,0.002276,-0.000830,0.002599,1000.000000
12.000000,-22.000000,-180.200000,0.000000,0.008206,0.002254,-0.000884,0.002573,1000.000000
12.500000,-22.000000,-180.200000,0.000000,0.008211,0.002233,-0.000878,0.002550,1000.000000
13.000000,-22.000000,-180.200000,0.000000,0.008179,0.002277,-0.000915,0.002600,1000.000000
13.500000,-22.000000,-180.200000,0.000000,0.008165,0.002244,-0.000931,0.002563,1000.000000
14.000000,-22.000000,-180.200000,0.000000,0.008179,0.002251,-0.000915,0.002570,1000.000000
14.500000,-22.000000,-180.200000,0.000000,0.008386,0.002311,-0.000678,0.002639,1000.000000
15.000000,-22.000000,-180.200000,0.000000,0.008160,0.002244,-0.000937,0.002562,1000.000000
15.500000,-22.000000,-180.200000,0.000000,0.008246,0.002274,-0.000838,0.002597,1000.000000
16.000000,-22.000000,-180.200000,0.000000,0.008180,0.002261,-0.000913,0.002582,1000.000000
16.500000,-22.000000,-180.200000,0.000000,0.008162,0.002239,-0.000934,0.002557,1000.000000
17.000000,-22.000000,-180.200000,0.000000,0.008161,0.002208,-0.000935,0.002521,1000.000000
17.500000,-22.000000,-180.200000,0.000000,0.008171,0.002348,-0.000923,0.002681,1000.000000
18.000000,-22.000000,-180.200000,0.000000,0.008175,0.002335,-0.000919,0.002666,1000.000000
18.500000,-22.000000,-180.200000,0.000000,0.008189,0.002276,-0.000903,0.002599,1000.000000
19.000000,-22.000000,-180.200000,0.000000,0.008185,0.002239,-0.000907,0.002557,1000.000000
19.500000,-22.000000,-180.200000,0.000000,0.008249,0.002285,-0.000835,0.002610,1000.000000
20.000000,-22.000000,-180.200000,0.000000,0.008285,0.002259,-0.000794,0.002580,1000.000000
20.500000,-22.000000,-180.200000,0.000000,0.008013,0.002259,-0.001104,0.002579,1000.000000
21.000000,-22.000000,-180.200000,0.000000,0.008125,0.002208,-0.000976,0.002521,1000.000000
21.500000,-22.000000,-180.200000,0.000000,0.008141,0.002217,-0.000958,0.002532,1000.000000
22.000000,-22.000000,-180.200000,0.000000,0.008174,0.002241,-0.000921,0.002559,1000.000000
22.500000,-22.000000,-180.200000,0.000000,0.008190,0.002249,-0.000902,0.002568,1000.000000
23.000000,-22.000000,-180.200000,0.000000,0.008148,0.002289,-0.000950,0.002614,1000.000000
23.500000,-22.000000,-180.200000,0.000000,0.008076,0.002201,-0.001033,0.002513,1000.000000
24.000000,-22.000000,-180.200000,0.000000,0.008200,0.002279,-0.000890,0.002602,1000.000000
24.500000,-22.000000,-180.200000,0.000000,0.008185,0.002285,-0.000907,0.002609,1000.000000
25.000000,-22.000000,-180.200000,0.000000,0.008058,0.002276,-0.001053,0.002599,1000.000000
25.500000,-22.000000,-180.200000,0.000000,0.008147,0.002332,-0.000951,0.002663,1000.000000
26.000000,-22.000000,-180.200000,0.000000,0.008255,0.002324,-0.000827,0.002654,1000.000000
26.500000,-22.000000,-180.200000,0.000000,0.008171,0.002280,-0.000923,0.002604,1000.000000
27.000000,-22.000000,-180.200000,0.000000,0.008136,0.002281,-0.000964,0.002604,1000.000000
27.500000,-22.000000,-180.200000,0.000000,0.008147,0.002309,-0.000951,0.002637,1000.000000
28.000000,-22.000000,-180.200000,0.000000,0.008221,0.002311,-0.000867,0.002639,1000.000000
28.500000,-22.000000,-180.200000,0.000000,0.008119,0.002180,-0.000983,0.002489,1000.000000
29.000000,-22.000000,-180.200000,0.000000,0.008179,0.002244,-0.000915,0.002563,1000.000000
29.500000,-22.000000,-180.200000,0.000000,0.008189,0.002219,-0.000903,0.002534,1000.000000
30.000000,-22.000000,-180.200000,0.000000,0.008123,0.002275,-0.000979,0.002598,1000.000000
30.500000,-22.000000,-180.200000,0.000000,0.008138,0.002261,-0.000961,0.002582,1000.000000
31.000000,-22.000000,-180.200000,0.000000,0.008082,0.002208,-0.001025,0.002522,1000.000000
31.500000,-22.000000,-180.200000,0.000000,0.008194,0.002249,-0.000897,0.002568,1000.000000
32.000000,-22.000000,-180.200000,0.000000,0.008211,0.002246,-0.000878,0.002564,1000.000000
32.500000,-22.000000,-180.200000,0.000000,0.008162,0.002223,-0.000934,0.002539,1000.000000
33.000000,-22.000000,-180.200000,0.000000,0.008138,0.002265,-0.000961,0.002586,1000.000000
33.500000,-22.000000,-180.200000,0.000000,0.008115,0.002277,-0.000987,0.002600,1000.000000
34.000000,-22.000000,-180.200000,0.000000,0.008146,0.002290,-0.000953,0.002615,1000.000000
34.500000,-22.000000,-180.200000,0.000000,0.008267,0.002202,-0.000814,0.002514,1000.000000
35.000000,-22.000000,-180.200000,0.000000,0.008115,0.002332,-0.000987,0.002663,1000.000000
35.500000,-22.000000,-180.200000,0.000000,0.008194,0.002229,-0.000897,0.002545,1000.000000
36.000000,-22.000000,-180.200000,0.000000,0.008127,0.002272,-0.000974,0.002594,1000.000000
36.500000,-22.000000,-180.200000,0.000000,0.008200,0.002259,-0.000890,0.002580,1000.000000
37.000000,-22.000000,-180.200000,0.000000,0.008276,0.002309,-0.000804,0.002637,1000.000000
37.500000,-22.000000,-180.200000,0.000000,0.008274,0.002266,-0.000806,0.002588,1000.000000
38.000000,-22.000000,-180.200000,0.000000,0.008151,0.002268,-0.000947,0.002590,1000.000000
38.500000,-22.000000,-180.200000,0.000000,0.008123,0.002252,-0.000979,0.002572,1000.000000
39.000000,-22.000000,-180.200000,0.000000,0.008157,0.002294,-0.000939,0.002619,1000.000000
39.500000,-22.000000,-180.200000,0.000000,0.008106,0.002287,-0.000998,0.002612,1000.000000
40.000000,-22.000000,-180.200000,0.000000,0.008183,0.002310,-0.000910,0.002638,1000.000000
40.500000,-22.000000,-180.200000,0.000000,0.008155,0.002271,-0.000942,0.002593,1000.000000
41.000000,-22.000000,-180.200000,0.000000,0.008217,0.002319,-0.000871,0.002648,1000.000000
41.500000,-22.000000,-180.200000,0.000000,0.008097,0.002310,-0.001008,0.002638,1000.000000
42.000000,-22.000000,-180.200000,0.000000,0.008180,0.002286,-0.000913,0.002610,1000.000000
42.500000,-22.000000,-180.200000,0.000000,0.008228,0.002311,-0.000858,0.002639,1000.000000
43.000000,-22.000000,-180.200000,0.000000,0.008114,0.002261,-0.000989,0.002582,1000.000000
43.500000,-22.000000,-180.200000,0.000000,0.008267,0.002303,-0.000814,0.002630,1000.000000
44.000000,-22.000000,-180.200000,0.000000,0.008267,0.002364,-0.000814,0.002700,1000.000000
44.500000,-22.000000,-180.200000,0.000000,0.008169,0.002292,-0.000926,0.002618,1000.000000
45.000000,-22.000000,-180.200000,0.000000,0.008165,0.002166,-0.000931,0.002473,1000.000000
45.500000,-22.000000,-180.200000,0.000000,0.008200,0.002346,-0.000890,0.002679,1000.000000
46.000000,-22.000000,-180.200000,0.000000,0.008216,0.002346,-0.000873,0.002678,1000.000000
46.500000,-22.000000,-180.200000,0.000000,0.008222,0.002252,-0.000865,0.002572,1000.000000
47.000000,-22.000000,-180.200000,0.000000,0.008176,0.002272,-0.000918,0.002594,1000.000000
47.500000,-22.000000,-180.200000,0.000000,0.008156,0.002256,-0.000941,0.002576,1000.000000
48.000000,-22.000000,-180.200000,0.000000,0.008152,0.002306,-0.000945,0.002633,1000.000000
48.500000,-22.000000,-180.200000,0.000000,0.008113,0.002244,-0.000990,0.002562,1000.000000
49.000000,-22.000000,-180.200000,0.000000,0.008244,0.002274,-0.000841,0.002597,1000.000000
49.500000,-22.000000,-180.200000,0.000000,0.008156,0.002285,-0.000941,0.002609,1000.000000
50.000000,-22.000000,-180.200000,0.000000,0.008222,0.002231,-0.000865,0.002548,1000.000000
50.500000,-22.000000,-180.200000,0.000000,0.008248,0.002347,-0.000836,0.002680,1000.000000
51.000000,-22.000000,-180.200000,0.000000,0.008217,0.002246,-0.000871,0.002564,1000.000000
51.500000,-22.000000,-180.200000,0.000000,0.008195,0.002294,-0.000896,0.002619,1000.000000
52.000000,-22.000000,-180.200000,0.000000,0.008230,0.002232,-0.000857,0.002549,1000.000000
52.500000,-22.000000,-180.200000,0.000000,0.008239,0.002284,-0.000846,0.002608,1000.000000
53.000000,-22.000000,-180.200000,0.000000,0.008235,0.002267,-0.000851,0.002589,1000.000000
53.500000,-22.000000,-180.200000,0.000000,0.008099,0.002221,-0.001006,0.002536,1000.000000
54.000000,-22.000000,-180.200000,0.000000,0.008310,0.002289,-0.000765,0.002613,1000.000000
54.500000,-22.000000,-180.200000,0.000000,0.008198,0.002257,-0.000893,0.002577,1000.000000
55.000000,-22.000000,-180.200000,0.000000,0.008250,0.002226,-0.000833,0.002541,1000.000000
55.500000,-22.000000,-180.200000,0.000000,0.008180,0.002378,-0.000913,0.002716,1000.000000
56.000000,-22.000000,-180.200000,0.000000,0.008199,0.002303,-0.000891,0.002630,1000.000000
56.500000,-22.000000,-180.200000,0.000000,0.008165,0.002257,-0.000931,0.002577,1000.000000
57.000000,-22.000000,-180.200000,0.000000,0.008239,0.002347,-0.000846,0.002680,1000.000000
57.500000,-22.000000,-180.200000,0.000000,0.008174,0.002229,-0.000921,0.002545,1000.000000
58.000000,-22.000000,-180.200000,0.000000,0.008285,0.002290,-0.000794,0.002615,1000.000000
58.500000,-22.000000,-180.200000,0.000000,0.008217,0.002259,-0.000871,0.002580,1000.000000
59.000000,-22.000000,-180.200000,0.000000,0.008216,0.002324,-0.000873,0.002654,1000.000000
59.500000,-22.000000,-180.200000,0.000000,0.008255,0.002268,-0.000827,0.002590,1000.000000
60.000000,-22.000000,-180.200000,0.000000,0.008283,0.002331,-0.000795,0.002661,1000.000000
60.500000,-22.000000,-180.200000,0.000000,0.008293,0.002235,-0.000784,0.002552,1000.000000
61.000000,-22.000000,-180.200000,0.000000,0.008297,0.002334,-0.000779,0.002665,1000.000000
