25.200000,-88.450000,-177.600000,0.000000,0.044483,0.002493,0.040540,0.002847,1000.000000
26.200000,-88.450000,-177.600000,0.000000,0.058472,0.002525,0.056515,0.002883,1000.000000
27.200000,-88.450000,-177.600000,0.000000,0.074884,0.002529,0.075256,0.002888,1000.000000
28.200000,-88.450000,-177.600000,0.000000,0.092959,0.002556,0.095895,0.002919,1000.000000
29.200000,-88.450000,-177.600000,0.000000,0.111063,0.002520,0.116568,0.002877,1000.000000
30.200000,-88.450000,-177.600000,0.000000,0.128179,0.002539,0.136112,0.002900,1000.000000
31.200000,-88.450000,-177.600000,0.000000,0.143521,0.002571,0.153631,0.002935,1000.000000
32.200000,-88.450000,-177.600000,0.000000,0.156384,0.002573,0.168320,0.002938,1000.000000
33.200000,-88.450000,-177.600000,0.000000,0.165567,0.002576,0.178805,0.002941,1000.000000
34.200000,-88.450000,-177.600000,0.000000,0.171318,0.002550,0.185372,0.002911,1000.000000
35.200000,-88.450000,-177.600000,0.000000,0.173240,0.002579,0.187567,0.002945,1000.000000
36.200000,-88.450000,-177.600000,0.000000,0.170993,0.002522,0.185001,0.002880,1000.000000
37.200000,-88.450000,-177.600000,0.000000,0.164867,0.002679,0.178006,0.003059,1000.000000
38.200000,-88.450000,-177.600000,0.000000,0.153702,0.002587,0.165257,0.002954,1000.000000
39.200000,-88.450000,-177.600000,0.000000,0.140063,0.002490,0.149682,0.002843,1000.000000
40.200000,-88.450000,-177.600000,0.000000,0.123824,0.002550,0.131139,0.002912,1000.000000
41.200000,-88.450000,-177.600000,0.000000,0.105510,0.002507,0.110227,0.002863,1000.000000
42.200000,-88.450000,-177.600000,0.000000,0.087096,0.002532,0.089200,0.002892,1000.000000
43.200000,-88.450000,-177.600000,0.000000,0.069037,0.002508,0.068578,0.002864,1000.000000
44.200000,-88.450000,-177.600000,0.000000,0.052577,0.002480,0.049784,0.002832,1000.000000
45.200000,-88.450000,-177.600000,0.000000,0.038654,0.002497,0.033885,0.002852,1000.000000
45.200000,-88.450000,-177.600000,0.000000,0.038683,0.002520,0.033918,0.002878,1000.000000
25.200000,-89.450000,-177.600000,0.000000,0.051383,0.002579,0.048419,0.002944,1000.000000
26.200000,-89.450000,-177.600000,0.000000,0.067883,0.002460,0.067260,0.002809,1000.000000
27.200000,-89.450000,-177.600000,0.000000,0.086956,0.002480,0.089040,0.002832,1000.000000
28.200000,-89.450000,-177.600000,0.000000,0.107339,0.002394,0.112315,0.002734,1000.000000
29.200000,-89.450000,-177.600000,0.000000,0.127411,0.002571,0.135235,0.002936,1000.000000
30.200000,-89.450000,-177.600000,0.000000,0.145648,0.002498,0.156060,0.002853,1000.000000
31.200000,-89.450000,-177.600000,0.000000,0.161635,0.002579,0.174315,0.002945,1000.000000
32.200000,-89.450000,-177.600000,0.000000,0.174424,0.002587,0.188919,0.002954,1000.000000
33.200000,-89.450000,-177.600000,0.000000,0.183943,0.002584,0.199788,0.002950,1000.000000
34.200000,-89.450000,-177.600000,0.000000,0.189420,0.002595,0.206043,0.002963,1000.000000
35.200000,-89.450000,-177.600000,0.000000,0.191058,0.002595,0.207913,0.002963,1000.000000
36.200000,-89.450000,-177.600000,0.000000,0.188643,0.002534,0.205155,0.002894,1000.000000
37.200000,-89.450000,-177.600000,0.000000,0.182251,0.002587,0.197857,0.002954,1000.000000
38.200000,-89.450000,-177.600000,0.000000,0.171211,0.002581,0.185250,0.002948,1000.000000
39.200000,-89.450000,-177.600000,0.000000,0.157533,0.002575,0.169632,0.002940,1000.000000
40.200000,-89.450000,-177.600000,0.000000,0.140865,0.002582,0.150598,0.002949,1000.000000
41.200000,-89.450000,-177.600000,0.000000,0.121650,0.002462,0.128656,0.002811,1000.000000
42.200000,-89.450000,-177.600000,0.000000,0.101232,0.002553,0.105341,0.002916,1000.000000
43.200000,-89.450000,-177.600000,0.000000,0.080800,0.002612,0.082010,0.002982,1000.000000
44.200000,-89.450000,-177.600000,0.000000,0.061775,0.002589,0.060286,0.002956,1000.000000
45.200000,-89.450000,-177.600000,0.000000,0.045409,0.002462,0.041598,0.002811,1000.000000
45.200000,-89.450000,-177.600000,0.000000,0.045448,0.002551,0.041643,0.002913,1000.000000
25.200000,-90.450000,-177.600000,0.000000,0.057904,0.002478,0.055866,0.002830,1000.000000
26.200000,-90.450000,-177.600000,0.000000,0.076569,0.002441,0.077180,0.002787,1000.000000
27.200000,-90.450000,-177.600000,0.000000,0.097761,0.002513,0.101378,0.002870,1000.000000
28.200000,-90.450000,-177.600000,0.000000,0.119969,0.002531,0.126738,0.002890,1000.000000
29.200000,-90.450000,-177.600000,0.000000,0.141154,0.002516,0.150929,0.002873,1000.000000
30.200000,-90.450000,-177.600000,0.000000,0.159920,0.002552,0.172357,0.002914,1000.000000
31.200000,-90.450000,-177.600000,0.000000,0.175830,0.002542,0.190525,0.002903,1000.000000
32.200000,-90.450000,-177.600000,0.000000,0.188433,0.002597,0.204915,0.002966,1000.000000
33.200000,-90.450000,-177.600000,0.000000,0.197302,0.002667,0.215043,0.003046,1000.000000
34.200000,-90.450000,-177.600000,0.000000,0.202612,0.002499,0.221107,0.002854,1000.000000
35.200000,-90.450000,-177.600000,0.000000,0.204079,0.002659,0.222782,0.003036,1000.000000
36.200000,-90.450000,-177.600000,0.000000,0.201813,0.002494,0.220195,0.002848,1000.000000
37.200000,-90.450000,-177.600000,0.000000,0.195561,0.002628,0.213055,0.003001,1000.000000
38.200000,-90.450000,-177.600000,0.000000,0.184889,0.002636,0.200869,0.003010,1000.000000
39.200000,-90.450000,-177.600000,0.000000,0.171486,0.002569,0.185564,0.002934,1000.000000
40.200000,-90.450000,-177.600000,0.000000,0.155016,0.002555,0.166758,0.002917,1000.000000
41.200000,-90.450000,-177.600000,0.000000,0.135333,0.002550,0.144282,0.002912,1000.000000
42.200000,-90.450000,-177.600000,0.000000,0.113764,0.002572,0.119652,0.002937,1000.000000
43.200000,-90.450000,-177.600000,0.000000,0.091541,0.002479,0.094276,0.002831,1000.000000
44.200000,-90.450000,-177.600000,0.000000,0.070239,0.002461,0.069951,0.002811,1000.000000
45.200000,-90.450000,-177.600000,0.000000,0.051628,0.002519,0.048700,0.002876,1000.000000
45.200000,-90.450000,-177.600000,0.000000,0.051602,0.002523,0.048669,0.002881,1000.000000
25.200000,-91.450000,-177.600000,0.000000,0.063642,0.002535,0.062419,0.002895,1000.000000
