35.200000,-108.450000,-177.300000,0.000000,-0.001406,0.002511,-0.011860,0.002867,1000.000000
35.200000,-108.450000,-177.300000,20.000340,-0.001409,0.002421,-0.011862,0.002765,1000.000000
35.200000,-108.450000,-177.300000,40.000860,-0.001321,0.002424,-0.011762,0.002768,1000.000000
35.200000,-108.450000,-177.300000,60.001200,-0.001375,0.002446,-0.011825,0.002793,1000.000000
35.200000,-108.450000,-177.300000,80.001540,-0.001395,0.002462,-0.011846,0.002811,1000.000000
35.200000,-108.450000,-177.300000,99.998460,-0.001370,0.002487,-0.011819,0.002840,1000.000000
35.200000,-108.450000,-177.300000,119.998800,-0.001360,0.002409,-0.011807,0.002751,1000.000000
35.200000,-108.450000,-177.300000,139.999140,-0.001465,0.002466,-0.011926,0.002816,1000.000000
35.200000,-108.450000,-177.300000,159.999660,-0.001379,0.002404,-0.011829,0.002745,1000.000000
35.200000,-108.450000,-177.300000,180.000000,-0.001381,0.002435,-0.011830,0.002781,1000.000000
35.200000,-108.450000,-177.300000,200.000340,-0.001457,0.002413,-0.011918,0.002756,1000.000000
35.200000,-108.450000,-177.300000,220.000860,-0.001346,0.002493,-0.011791,0.002847,1000.000000
35.200000,-108.450000,-177.300000,240.001200,-0.001407,0.002450,-0.011861,0.002798,1000.000000
35.200000,-108.450000,-177.300000,260.001540,-0.001337,0.002438,-0.011781,0.002784,1000.000000
35.200000,-108.450000,-177.300000,279.998460,-0.001444,0.002470,-0.011903,0.002821,1000.000000
35.200000,-108.450000,-177.300000,299.998800,-0.001344,0.002403,-0.011788,0.002744,1000.000000
35.200000,-108.450000,-177.300000,319.999140,-0.001381,0.002431,-0.011830,0.002776,1000.000000
35.200000,-108.450000,-177.300000,339.999660,-0.001486,0.002421,-0.011951,0.002765,1000.000000
35.200000,-107.450000,-177.300000,0.000000,-0.001410,0.002407,-0.011864,0.002749,1000.000000
35.200000,-107.450000,-177.300000,20.000340,-0.001355,0.002304,-0.011801,0.002630,1000.000000
35.200000,-107.450000,-177.300000,40.000860,-0.001377,0.002401,-0.011826,0.002742,1000.000000
35.200000,-107.450000,-177.300000,60.001200,-0.001415,0.002413,-0.011870,0.002755,1000.000000
35.200000,-107.450000,-177.300000,80.001540,-0.001396,0.002355,-0.011848,0.002689,1000.000000
35.200000,-107.450000,-177.300000,99.998460,-0.001412,0.002505,-0.011867,0.002861,1000.000000
35.200000,-107.450000,-177.300000,119.998800,-0.001297,0.002485,-0.011734,0.002838,1000.000000
35.200000,-107.450000,-177.300000,139.999140,-0.001423,0.002508,-0.011878,0.002864,1000.000000
35.200000,-107.450000,-177.300000,159.999660,-0.001444,0.002464,-0.011903,0.002814,1000.000000
35.200000,-107.450000,-177.300000,180.000000,-0.001347,0.002442,-0.011793,0.002788,1000.000000
35.200000,-107.450000,-177.300000,200.000340,-0.001392,0.002331,-0.011844,0.002661,1000.000000
35.200000,-107.450000,-177.300000,220.000860,-0.001438,0.002425,-0.011896,0.002769,1000.000000
35.200000,-107.450000,-177.300000,240.001200,-0.001293,0.002456,-0.011730,0.002804,1000.000000
35.200000,-107.450000,-177.300000,260.001540,-0.001356,0.002489,-0.011803,0.002842,1000.000000
35.200000,-107.450000,-177.300000,279.998460,-0.001364,0.002455,-0.011812,0.002803,1000.000000
35.200000,-107.450000,-177.300000,299.998800,-0.001341,0.002392,-0.011785,0.002732,1000.000000
35.200000,-107.450000,-177.300000,319.999140,-0.001336,0.002362,-0.011780,0.002698,1000.000000
35.200000,-107.450000,-177.300000,339.999660,-0.001364,0.002474,-0.011812,0.002825,1000.000000
35.200000,-106.450000,-177.300000,0.000000,-0.001425,0.002463,-0.011881,0.002812,1000.000000
35.200000,-106.450000,-177.300000,20.000340,-0.001397,0.002441,-0.011849,0.002788,1000.000000
35.200000,-106.450000,-177.300000,40.000860,-0.001347,0.002507,-0.011793,0.002862,1000.000000
35.200000,-106.450000,-177.300000,60.001200,-0.001364,0.002466,-0.011812,0.002816,1000.000000
35.200000,-106.450000,-177.300000,80.001540,-0.001386,0.002387,-0.011836,0.002726,1000.000000
35.200000,-106.450000,-177.300000,99.998460,-0.001282,0.002471,-0.011718,0.002821,1000.000000
35.200000,-106.450000,-177.300000,119.998800,-0.001406,0.002426,-0.011860,0.002770,1000.000000
35.200000,-106.450000,-177.300000,139.999140,-0.001435,0.002446,-0.011893,0.002794,1000.000000
35.200000,-106.450000,-177.300000,159.999660,-0.001330,0.002380,-0.011772,0.002717,1000.000000
35.200000,-106.450000,-177.300000,180.000000,-0.001420,0.002393,-0.011876,0.002733,1000.000000
35.200000,-106.450000,-177.300000,200.000340,-0.001423,0.002419,-0.011878,0.002763,1000.000000
35.200000,-106.450000,-177.300000,220.000860,-0.001432,0.002456,-0.011889,0.002804,1000.000000
35.200000,-106.450000,-177.300000,240.001200,-0.001333,0.002429,-0.011777,0.002773,1000.000000
35.200000,-106.450000,-177.300000,260.001540,-0.001374,0.002386,-0.011823,0.002725,1000.000000
35.200000,-106.450000,-177.300000,279.998460,-0.001377,0.002477,-0.011826,0.002828,1000.000000
35.200000,-106.450000,-177.300000,299.998800,-0.001326,0.002400,-0.011768,0.002741,1000.000000
35.200000,-106.450000,-177.300000,319.999140,-0.001327,0.002407,-0.011769,0.002748,1000.000000
35.200000,-106.450000,-177.300000,339.999660,-0.001440,0.002497,-0.011899,0.002851,1000.000000
35.200000,-105.450000,-177.300000,0.000000,-0.001351,0.002442,-0.011797,0.002789,1000.000000
35.200000,-105.450000,-177.300000,20.000340,-0.001361,0.002423,-0.011809,0.002767,1000.000000
35.200000,-105.450000,-177.300000,40.000860,-0.001451,0.002436,-0.011910,0.002782,1000.000000
35.200000,-105.450000,-177.300000,60.001200,-0.001397,0.002402,-0.011849,0.002743,1000.000000
35.200000,-105.450000,-177.300000,80.001540,-0.001433,0.002467,-0.011890,0.002817,1000.000000
35.200000,-105.450000,-177.300000,99.998460,-0.001407,0.002393,-0.011861,0.002733,1000.000000
35.200000,-105.450000,-177.300000,119.998800,-0.001337,0.002497,-0.011781,0.002852,1000.000000
35.200000,-105.450000,-177.300000,139.999140,-0.001358,0.002457,-0.011804,0.002806,1000.000000
35.200000,-105.450000,-177.300000,159.999660,-0.001412,0.002386,-0.011867,0.002724,1000.000000
35.200000,-105.450000,-177.300000,180.000000,-0.001342,0.002362,-0.011787,0.002697,1000.000000
35.200000,-105.450000,-177.300000,200.000340,-0.001317,0.002477,-0.011758,0.002828,1000.000000
35.200000,-105.450000,-177.300000,220.000860,-0.001325,0.002433,-0.011766,0.002778,1000.000000
35.200000,-105.450000,-177.300000,240.001200,-0.001335,0.002449,-0.011778,0.002796,1000.000000
35.200000,-105.450000,-177.300000,260.001540,-0.001420,0.002397,-0.011876,0.002737,1000.000000
35.200000,-105.450000,-177.300000,279.998460,-0.001372,0.002406,-0.011820,0.002747,1000.000000
35.200000,-105.450000,-177.300000,299.998800,-0.001386,0.002491,-0.011836,0.002844,1000.000000
35.200000,-105.450000,-177.300000,319.999140,-0.001314,0.002445,-0.011755,0.002792,1000.000000
35.200000,-105.450000,-177.300000,339.999660,-0.001406,0.002443,-0.011860,0.002790,1000.000000
35.200000,-104.450000,-177.300000,0.000000,-0.001323,0.002384,-0.011765,0.002722,1000.000000
35.200000,-104.450000,-177.300000,20.000340,-0.001274,0.002425,-0.011708,0.002769,1000.000000
35.200000,-104.450000,-177.300000,40.000860,-0.001430,0.002439,-0.011887,0.002786,1000.000000
35.200000,-104.450000,-177.300000,60.001200,-0.001485,0.002455,-0.011950,0.002803,1000.000000
35.200000,-104.450000,-177.300000,80.001540,-0.001364,0.002373,-0.011812,0.002710,1000.000000
35.200000,-104.450000,-177.300000,99.998460,-0.001372,0.002348,-0.011820,0.002681,1000.000000
35.200000,-104.450000,-177.300000,119.998800,-0.001438,0.002449,-0.011896,0.002796,1000.000000
35.200000,-104.450000,-177.300000,139.999140,-0.001172,0.002477,-0.011592,0.002829,1000.000000
35.200000,-104.450000,-177.300000,159.999660,-0.001328,0.002472,-0.011771,0.002823,1000.000000
35.200000,-104.450000,-177.300000,180.000000,-0.001349,0.002432,-0.011794,0.002777,1000.000000
35.200000,-104.450000,-177.300000,200.000340,-0.001448,0.002421,-0.011908,0.002765,1000.000000
35.200000,-104.450000,-177.300000,220.000860,-0.001381,0.002416,-0.011830,0.002758,1000.000000
35.200000,-104.450000,-177.300000,240.001200,-0.001400,0.002419,-0.011852,0.002762,1000.000000
35.200000,-104.450000,-177.300000,260.001540,-0.001396,0.002432,-0.011848,0.002778,1000.000000
35.200000,-104.450000,-177.300000,279.998460,-0.001429,0.002404,-0.011886,0.002745,1000.000000
35.200000,-104.450000,-177.300000,299.998800,-0.001389,0.002499,-0.011841,0.002853,1000.000000
35.200000,-104.450000,-177.300000,319.999140,-0.001340,0.002399,-0.011784,0.002739,1000.000000
35.200000,-104.450000,-177.300000,339.999660,-0.001311,0.002511,-0.011750,0.002868,1000.000000
35.200000,-103.450000,-177.300000,0.000000,-0.001373,0.002414,-0.011822,0.002756,1000.000000
35.200000,-103.450000,-177.300000,20.000340,-0.001342,0.002442,-0.011787,0.002788,1000.000000
35.200000,-103.450000,-177.300000,40.000860,-0.001489,0.002519,-0.011954,0.002877,1000.000000
35.200000,-103.450000,-177.300000,60.001200,-0.001407,0.002430,-0.011861,0.002775,1000.000000
35.200000,-103.450000,-177.300000,80.001540,-0.001374,0.002388,-0.011823,0.002727,1000.000000
35.200000,-103.450000,-177.300000,99.998460,-0.001411,0.002448,-0.011865,0.002796,1000.000000
35.200000,-103.450000,-177.300000,119.998800,-0.001379,0.002506,-0.011829,0.002862,1000.000000
35.200000,-103.450000,-177.300000,139.999140,-0.001299,0.002428,-0.011737,0.002773,1000.000000
35.200000,-103.450000,-177.300000,159.999660,-0.001392,0.002487,-0.011844,0.002839,1000.000000
35.200000,-103.450000,-177.300000,180.000000,-0.001373,0.002395,-0.011822,0.002734,1000.000000
35.200000,-103.450000,-177.300000,200.000340,-0.001395,0.002412,-0.011846,0.002755,1000.000000
35.200000,-103.450000,-177.300000,220.000860,-0.001416,0.002510,-0.011871,0.002866,1000.000000
35.200000,-103.450000,-177.300000,240.001200,-0.001402,0.002433,-0.011855,0.002778,1000.000000
35.200000,-103.450000,-177.300000,260.001540,-0.001403,0.002431,-0.011857,0.002776,1000.000000
35.200000,-103.450000,-177.300000,279.998460,-0.001388,0.002404,-0.011839,0.002745,1000.000000
35.200000,-103.450000,-177.300000,299.998800,-0.001391,0.002469,-0.011842,0.002819,1000.000000
35.200000,-103.450000,-177.300000,319.999140,-0.001389,0.002475,-0.011841,0.002826,1000.000000
35.200000,-103.450000,-177.300000,339.999660,-0.001410,0.002466,-0.011864,0.002816,1000.000000
35.200000,-102.450000,-177.300000,0.000000,-0.001345,0.002465,-0.011790,0.002814,1000.000000
35.200000,-102.450000,-177.300000,20.000340,-0.001302,0.002408,-0.011740,0.002750,1000.000000
35.200000,-102.450000,-177.300000,40.000860,-0.001342,0.002457,-0.011787,0.002806,1000.000000
35.200000,-102.450000,-177.300000,60.001200,-0.001353,0.002409,-0.011798,0.002751,1000.000000
35.200000,-102.450000,-177.300000,80.001540,-0.001387,0.002454,-0.011838,0.002802,1000.000000
35.200000,-102.450000,-177.300000,99.998460,-0.001375,0.002419,-0.011825,0.002762,1000.000000
35.200000,-102.450000,-177.300000,119.998800,-0.001364,0.002454,-0.011812,0.002802,1000.000000
35.200000,-102.450000,-177.300000,139.999140,-0.001430,0.002419,-0.011887,0.002762,1000.000000
35.200000,-102.450000,-177.300000,159.999660,-0.001401,0.002452,-0.011854,0.002800,1000.000000
35.200000,-102.450000,-177.300000,180.000000,-0.001344,0.002428,-0.011788,0.002772,1000.000000
35.200000,-102.450000,-177.300000,200.000340,-0.001402,0.002430,-0.011855,0.002775,1000.000000
35.200000,-102.450000,-177.300000,220.000860,-0.001351,0.002436,-0.011797,0.002782,1000.000000
35.200000,-102.450000,-177.300000,240.001200,-0.001369,0.002415,-0.011817,0.002757,1000.000000
35.200000,-102.450000,-177.300000,260.001540,-0.001339,0.002572,-0.011782,0.002937,1000.000000
35.200000,-102.450000,-177.300000,279.998460,-0.001367,0.002480,-0.011814,0.002831,1000.000000
35.200000,-102.450000,-177.300000,299.998800,-0.001409,0.002388,-0.011862,0.002726,1000.000000
35.200000,-102.450000,-177.300000,319.999140,-0.001477,0.002389,-0.011941,0.002728,1000.000000
35.200000,-102.450000,-177.300000,339.999660,-0.001382,0.002431,-0.011832,0.002776,1000.000000
35.200000,-101.450000,-177.300000,0.000000,-0.001344,0.002415,-0.011788,0.002758,1000.000000
35.200000,-101.450000,-177.300000,20.000340,-0.001435,0.002427,-0.011893,0.002771,1000.000000
35.200000,-101.450000,-177.300000,40.000860,-0.001387,0.002456,-0.011838,0.002804,1000.000000
35.200000,-101.450000,-177.300000,60.001200,-0.001379,0.002429,-0.011829,0.002773,1000.000000
35.200000,-101.450000,-177.300000,80.001540,-0.001407,0.002449,-0.011861,0.002796,1000.000000
35.200000,-101.450000,-177.300000,99.998460,-0.001432,0.002420,-0.011889,0.002763,1000.000000
35.200000,-101.450000,-177.300000,119.998800,-0.001409,0.002449,-0.011862,0.002796,1000.000000
35.200000,-101.450000,-177.300000,139.999140,-0.001467,0.002482,-0.011929,0.002835,1000.000000
35.200000,-101.450000,-177.300000,159.999660,-0.001384,0.002422,-0.011835,0.002766,1000.000000
35.200000,-101.450000,-177.300000,180.000000,-0.001328,0.002471,-0.011771,0.002822,1000.000000
35.200000,-101.450000,-177.300000,200.000340,-0.001405,0.002441,-0.011858,0.002787,1000.000000
35.200000,-101.450000,-177.300000,220.000860,-0.001397,0.002494,-0.011849,0.002848,1000.000000
35.200000,-101.450000,-177.300000,240.001200,-0.001426,0.002566,-0.011883,0.002930,1000.000000
35.200000,-101.450000,-177.300000,260.001540,-0.001398,0.002608,-0.011851,0.002978,1000.000000
35.200000,-101.450000,-177.300000,279.998460,-0.001491,0.002426,-0.011957,0.002770,1000.000000
35.200000,-101.450000,-177.300000,299.998800,-0.001355,0.002473,-0.011801,0.002824,1000.000000
35.200000,-101.450000,-177.300000,319.999140,-0.001387,0.002425,-0.011838,0.002769,1000.000000
35.200000,-101.450000,-177.300000,339.999660,-0.001382,0.002430,-0.011832,0.002775,1000.000000
35.200000,-100.450000,-177.300000,0.000000,-0.001432,0.002410,-0.011889,0.002752,1000.000000
35.200000,-100.450000,-177.300000,20.000340,-0.001454,0.002513,-0.011915,0.002870,1000.000000
35.200000,-100.450000,-177.300000,40.000860,-0.001356,0.002466,-0.011803,0.002816,1000.000000
35.200000,-100.450000,-177.300000,60.001200,-0.001414,0.002457,-0.011868,0.002806,1000.000000
35.200000,-100.450000,-177.300000,80.001540,-0.001410,0.002496,-0.011864,0.002851,1000.000000
35.200000,-100.450000,-177.300000,99.998460,-0.001365,0.002387,-0.011813,0.002726,1000.000000
35.200000,-100.450000,-177.300000,119.998800,-0.001381,0.002394,-0.011830,0.002734,1000.000000
35.200000,-100.450000,-177.300000,139.999140,-0.001317,0.002352,-0.011758,0.002685,1000.000000
35.200000,-100.450000,-177.300000,159.999660,-0.001426,0.002387,-0.011883,0.002726,1000.000000
35.200000,-100.450000,-177.300000,180.000000,-0.001300,0.002447,-0.011739,0.002794,1000.000000
35.200000,-100.450000,-177.300000,200.000340,-0.001467,0.002469,-0.011929,0.002820,1000.000000
35.200000,-100.450000,-177.300000,220.000860,-0.001403,0.002517,-0.011857,0.002874,1000.000000
35.200000,-100.450000,-177.300000,240.001200,-0.001325,0.002475,-0.011766,0.002826,1000.000000
35.200000,-100.450000,-177.300000,260.001540,-0.001456,0.002494,-0.011916,0.002848,1000.000000
35.200000,-100.450000,-177.300000,279.998460,-0.001454,0.002471,-0.011915,0.002822,1000.000000
35.200000,-100.450000,-177.300000,299.998800,-0.001361,0.002446,-0.011809,0.002793,1000.000000
35.200000,-100.450000,-177.300000,319.999140,-0.001370,0.002465,-0.011819,0.002815,1000.000000
35.200000,-100.450000,-177.300000,339.999660,-0.001430,0.002433,-0.011887,0.002779,1000.000000
35.200000,-99.450000,-177.300000,0.000000,-0.001314,0.002419,-0.011755,0.002763,1000.000000
35.200000,-99.450000,-177.300000,20.000340,-0.001490,0.002478,-0.011956,0.002830,1000.000000
35.200000,-99.450000,-177.300000,40.000860,-0.001266,0.002436,-0.011700,0.002781,1000.000000
35.200000,-99.450000,-177.300000,60.001200,-0.001391,0.002460,-0.011842,0.002809,1000.000000
35.200000,-99.450000,-177.300000,80.001540,-0.001426,0.002473,-0.011883,0.002824,1000.000000
35.200000,-99.450000,-177.300000,99.998460,-0.001369,0.002456,-0.011817,0.002805,1000.000000
35.200000,-99.450000,-177.300000,119.998800,-0.001319,0.002513,-0.011761,0.002869,1000.000000
35.200000,-99.450000,-177.300000,139.999140,-0.001367,0.002428,-0.011814,0.002773,1000.000000
35.200000,-99.450000,-177.300000,159.999660,-0.001369,0.002384,-0.011817,0.002722,1000.000000
35.200000,-99.450000,-177.300000,180.000000,-0.001341,0.002489,-0.011785,0.002842,1000.000000
35.200000,-99.450000,-177.300000,200.000340,-0.001349,0.002449,-0.011794,0.002796,1000.000000
35.200000,-99.450000,-177.300000,220.000860,-0.001415,0.002426,-0.011870,0.002771,1000.000000
35.200000,-99.450000,-177.300000,240.001200,-0.001298,0.002430,-0.011736,0.002774,1000.000000
35.200000,-99.450000,-177.300000,260.001540,-0.001346,0.002535,-0.011791,0.002894,1000.000000
35.200000,-99.450000,-177.300000,279.998460,-0.001365,0.002489,-0.011813,0.002842,1000.000000
35.200000,-99.450000,-177.300000,299.998800,-0.001330,0.002495,-0.011772,0.002849,1000.000000
35.200000,-99.450000,-177.300000,319.999140,-0.001355,0.002522,-0.011801,0.002880,1000.000000
35.200000,-99.450000,-177.300000,339.999660,-0.001374,0.002368,-0.011823,0.002704,1000.000000
35.200000,-98.450000,-177.300000,0.000000,-0.001479,0.002435,-0.011942,0.002781,1000.000000
35.200000,-98.450000,-177.300000,20.000340,-0.001349,0.002477,-0.011794,0.002828,1000.000000
35.200000,-98.450000,-177.300000,40.000860,-0.001318,0.002423,-0.011759,0.002767,1000.000000
35.200000,-98.450000,-177.300000,60.001200,-0.001303,0.002513,-0.011742,0.002870,1000.000000
35.200000,-98.450000,-177.300000,80.001540,-0.001373,0.002492,-0.011822,0.002846,1000.000000
35.200000,-98.450000,-177.300000,99.998460,-0.001391,0.002425,-0.011842,0.002769,1000.000000
35.200000,-98.450000,-177.300000,119.998800,-0.001354,0.002474,-0.011800,0.002825,1000.000000
35.200000,-98.450000,-177.300000,139.999140,-0.001368,0.002421,-0.011816,0.002765,1000.000000
35.200000,-98.450000,-177.300000,159.999660,-0.001342,0.002483,-0.011787,0.002836,1000.000000
35.200000,-98.450000,-177.300000,180.000000,-0.001372,0.002536,-0.011820,0.002896,1000.000000
35.200000,-98.450000,-177.300000,200.000340,-0.001401,0.002479,-0.011854,0.002831,1000.000000
35.200000,-98.450000,-177.300000,220.000860,-0.001479,0.002459,-0.011942,0.002808,1000.000000
35.200000,-98.450000,-177.300000,240.001200,-0.001381,0.002485,-0.011830,0.002838,1000.000000
35.200000,-98.450000,-177.300000,260.001540,-0.001354,0.002480,-0.011800,0.002832,1000.000000
35.200000,-98.450000,-177.300000,279.998460,-0.001433,0.002443,-0.011890,0.002790,1000.000000
35.200000,-98.450000,-177.300000,299.998800,-0.001378,0.002456,-0.011828,0.002805,1000.000000
35.200000,-98.450000,-177.300000,319.999140,-0.001327,0.002483,-0.011769,0.002835,1000.000000
35.200000,-98.450000,-177.300000,339.999660,-0.001384,0.002500,-0.011835,0.002855,1000.000000
35.200000,-97.450000,-177.300000,0.000000,-0.001375,0.002479,-0.011825,0.002831,1000.000000
35.200000,-97.450000,-177.300000,20.000340,-0.001387,0.002497,-0.011838,0.002851,1000.000000
35.200000,-97.450000,-177.300000,40.000860,-0.001418,0.002533,-0.011873,0.002892,1000.000000
35.200000,-97.450000,-177.300000,60.001200,-0.001424,0.002421,-0.011880,0.002765,1000.000000
35.200000,-97.450000,-177.300000,80.001540,-0.001368,0.002473,-0.011816,0.002824,1000.000000
35.200000,-97.450000,-177.300000,99.998460,-0.001414,0.002493,-0.011868,0.002847,1000.000000
35.200000,-97.450000,-177.300000,119.998800,-0.001341,0.002429,-0.011785,0.002773,1000.000000
35.200000,-97.450000,-177.300000,139.999140,-0.001406,0.002421,-0.011860,0.002764,1000.000000
35.200000,-97.450000,-177.300000,159.999660,-0.001377,0.002448,-0.011826,0.002795,1000.000000
35.200000,-97.450000,-177.300000,180.000000,-0.001355,0.002506,-0.011801,0.002862,1000.000000
35.200000,-97.450000,-177.300000,200.000340,-0.001387,0.002479,-0.011838,0.002831,1000.000000
35.200000,-97.450000,-177.300000,220.000860,-0.001346,0.002532,-0.011791,0.002891,1000.000000
35.200000,-97.450000,-177.300000,240.001200,-0.001414,0.002441,-0.011868,0.002788,1000.000000
35.200000,-97.450000,-177.300000,260.001540,-0.001349,0.002452,-0.011794,0.002799,1000.000000
35.200000,-97.450000,-177.300000,279.998460,-0.001410,0.002478,-0.011864,0.002830,1000.000000
35.200000,-97.450000,-177.300000,299.998800,-0.001350,0.002472,-0.011796,0.002822,1000.000000
35.200000,-97.450000,-177.300000,319.999140,-0.001415,0.002480,-0.011870,0.002832,1000.000000
35.200000,-97.450000,-177.300000,339.999660,-0.001388,0.002515,-0.011839,0.002872,1000.000000
35.200000,-96.450000,-177.300000,0.000000,-0.001377,0.002427,-0.011826,0.002771,1000.000000
35.200000,-96.450000,-177.300000,20.000340,-0.001414,0.002502,-0.011868,0.002857,1000.000000
35.200000,-96.450000,-177.300000,40.000860,-0.001346,0.002443,-0.011791,0.002790,1000.000000
35.200000,-96.450000,-177.300000,60.001200,-0.001430,0.002488,-0.011887,0.002841,1000.000000
35.200000,-96.450000,-177.300000,80.001540,-0.001405,0.002488,-0.011858,0.002841,1000.000000
35.200000,-96.450000,-177.300000,99.998460,-0.001333,0.002504,-0.011777,0.002859,1000.000000
35.200000,-96.450000,-177.300000,119.998800,-0.001428,0.002449,-0.011884,0.002796,1000.000000
35.200000,-96.450000,-177.300000,139.999140,-0.001365,0.002455,-0.011813,0.002803,1000.000000
35.200000,-96.450000,-177.300000,159.999660,-0.001347,0.002430,-0.011793,0.002774,1000.000000
35.200000,-96.450000,-177.300000,180.000000,-0.001381,0.002481,-0.011830,0.002833,1000.000000
35.200000,-96.450000,-177.300000,200.000340,-0.001410,0.002466,-0.011864,0.002816,1000.000000
35.200000,-96.450000,-177.300000,220.000860,-0.001429,0.002483,-0.011886,0.002836,1000.000000
35.200000,-96.450000,-177.300000,240.001200,-0.001377,0.002430,-0.011826,0.002774,1000.000000
35.200000,-96.450000,-177.300000,260.001540,-0.001350,0.002517,-0.011796,0.002874,1000.000000
35.200000,-96.450000,-177.300000,279.998460,-0.001452,0.002526,-0.011912,0.002885,1000.000000
35.200000,-96.450000,-177.300000,299.998800,-0.001372,0.002448,-0.011820,0.002795,1000.000000
35.200000,-96.450000,-177.300000,319.999140,-0.001336,0.002475,-0.011780,0.002826,1000.000000
35.200000,-96.450000,-177.300000,339.999660,-0.001361,0.002403,-0.011809,0.002744,1000.000000
35.200000,-95.450000,-177.300000,0.000000,-0.001384,0.002500,-0.011835,0.002855,1000.000000
35.200000,-95.450000,-177.300000,20.000340,-0.001432,0.002487,-0.011889,0.002839,1000.000000
35.200000,-95.450000,-177.300000,40.000860,-0.001406,0.002454,-0.011860,0.002802,1000.000000
35.200000,-95.450000,-177.300000,60.001200,-0.001369,0.002494,-0.011817,0.002847,1000.000000
35.200000,-95.450000,-177.300000,80.001540,-0.001382,0.002599,-0.011832,0.002967,1000.000000
35.200000,-95.450000,-177.300000,99.998460,-0.001401,0.002520,-0.011854,0.002878,1000.000000
35.200000,-95.450000,-177.300000,119.998800,-0.001409,0.002459,-0.011862,0.002808,1000.000000
35.200000,-95.450000,-177.300000,139.999140,-0.001412,0.002427,-0.011867,0.002772,1000.000000
35.200000,-95.450000,-177.300000,159.999660,-0.001449,0.002469,-0.011909,0.002820,1000.000000
35.200000,-95.450000,-177.300000,180.000000,-0.001286,0.002501,-0.011723,0.002856,1000.000000
35.200000,-95.450000,-177.300000,200.000340,-0.001373,0.002515,-0.011822,0.002872,1000.000000
35.200000,-95.450000,-177.300000,220.000860,-0.001420,0.002480,-0.011876,0.002832,1000.000000
35.200000,-95.450000,-177.300000,240.001200,-0.001434,0.002478,-0.011892,0.002830,1000.000000
35.200000,-95.450000,-177.300000,260.001540,-0.001224,0.002547,-0.011652,0.002909,1000.000000
35.200000,-95.450000,-177.300000,279.998460,-0.001502,0.002475,-0.011969,0.002826,1000.000000
35.200000,-95.450000,-177.300000,299.998800,-0.001372,0.002522,-0.011820,0.002879,1000.000000
35.200000,-95.450000,-177.300000,319.999140,-0.001494,0.002465,-0.011960,0.002815,1000.000000
35.200000,-95.450000,-177.300000,339.999660,-0.001346,0.002481,-0.011791,0.002833,1000.000000
35.200000,-94.450000,-177.300000,0.000000,-0.001316,0.002452,-0.011756,0.002800,1000.000000
35.200000,-94.450000,-177.300000,20.000340,-0.001386,0.002507,-0.011836,0.002863,1000.000000
35.200000,-94.450000,-177.300000,40.000860,-0.001454,0.002491,-0.011915,0.002844,1000.000000
35.200000,-94.450000,-177.300000,60.001200,-0.001386,0.002487,-0.011836,0.002840,1000.000000
35.200000,-94.450000,-177.300000,80.001540,-0.001275,0.002484,-0.011710,0.002836,1000.000000
35.200000,-94.450000,-177.300000,99.998460,-0.001412,0.002463,-0.011867,0.002813,1000.000000
35.200000,-94.450000,-177.300000,119.998800,-0.001367,0.002499,-0.011814,0.002853,1000.000000
35.200000,-94.450000,-177.300000,139.999140,-0.001378,0.002480,-0.011828,0.002832,1000.000000
35.200000,-94.450000,-177.300000,159.999660,-0.001410,0.002513,-0.011864,0.002869,1000.000000
35.200000,-94.450000,-177.300000,180.000000,-0.001370,0.002488,-0.011819,0.002841,1000.000000
35.200000,-94.450000,-177.300000,200.000340,-0.001367,0.002465,-0.011814,0.002815,1000.000000
35.200000,-94.450000,-177.300000,220.000860,-0.001437,0.002499,-0.011894,0.002853,1000.000000
35.200000,-94.450000,-177.300000,240.001200,-0.001383,0.002444,-0.011833,0.002791,1000.000000
35.200000,-94.450000,-177.300000,260.001540,-0.001437,0.002501,-0.011894,0.002856,1000.000000
35.200000,-94.450000,-177.300000,279.998460,-0.001375,0.002481,-0.011825,0.002833,1000.000000
35.200000,-94.450000,-177.300000,299.998800,-0.001426,0.002480,-0.011883,0.002832,1000.000000
35.200000,-94.450000,-177.300000,319.999140,-0.001379,0.002445,-0.011829,0.002792,1000.000000
35.200000,-94.450000,-177.300000,339.999660,-0.001383,0.002436,-0.011833,0.002782,1000.000000
