0.000000,0.000000,-177.600000,0.000000,0.008915,0.002357,-0.000074,0.002691,1000.000000
27.500000,0.000000,-177.600000,0.000000,0.008856,0.002382,-0.000141,0.002720,1000.000000
55.000000,0.000000,-177.600000,0.000000,0.008905,0.002339,-0.000086,0.002671,1000.000000
82.500000,0.000000,-177.600000,0.000000,0.008985,0.002370,0.000006,0.002706,1000.000000
110.000000,0.000000,-177.600000,0.000000,0.008986,0.002394,0.000007,0.002733,1000.000000
0.000000,-52.500000,-177.600000,0.000000,0.008142,0.002261,-0.000957,0.002581,1000.000000
27.500000,-52.500000,-177.600000,0.000000,0.007333,0.002227,-0.001880,0.002543,1000.000000
55.000000,-52.500000,-177.600000,0.000000,0.007550,0.002288,-0.001633,0.002613,1000.000000
82.500000,-52.500000,-177.600000,0.000000,0.008414,0.002321,-0.000646,0.002650,1000.000000
110.000000,-52.500000,-177.600000,0.000000,0.008837,0.002316,-0.000163,0.002645,1000.000000
0.000000,-105.000000,-177.600000,0.000000,0.006380,0.002248,-0.002968,0.002567,1000.000000
27.500000,-105.000000,-177.600000,0.000000,0.020219,0.002467,0.012834,0.002816,1000.000000
55.000000,-105.000000,-177.600000,0.000000,0.001590,0.002569,-0.008439,0.002934,1000.000000
82.500000,-105.000000,-177.600000,0.000000,0.007631,0.002295,-0.001540,0.002621,1000.000000
110.000000,-105.000000,-177.600000,0.000000,0.008617,0.002314,-0.000414,0.002642,1000.000000
0.000000,-157.500000,-177.600000,0.000000,0.008579,0.002357,-0.000458,0.002692,1000.000000
27.500000,-157.500000,-177.600000,0.000000,0.008453,0.002311,-0.000602,0.002639,1000.000000
55.000000,-157.500000,-177.600000,0.000000,0.008589,0.002323,-0.000446,0.002653,1000.000000
82.500000,-157.500000,-177.600000,0.000000,0.008780,0.002355,-0.000228,0.002689,1000.000000
110.000000,-157.500000,-177.600000,0.000000,0.008986,0.002384,0.000007,0.002722,1000.000000
0.000400,-210.000000,-177.600000,0.000000,0.009060,0.002337,0.000092,0.002668,1000.000000
27.500000,-210.000000,-177.600000,0.000000,0.009019,0.002393,0.000045,0.002733,1000.000000
55.000000,-210.000000,-177.600000,0.000000,0.008983,0.002409,0.000003,0.002751,1000.000000
82.500000,-210.000000,-177.600000,0.000000,0.008994,0.002373,0.000016,0.002710,1000.000000
110.000000,-210.000000,-177.600000,0.000000,0.009133,0.002291,0.000175,0.002617,1000.000000
0.000000,0.000000,-157.600000,0.000000,0.009041,0.002416,0.000070,0.002759,1000.000000
27.500000,0.000000,-157.600000,0.000000,0.009068,0.002362,0.000101,0.002697,1000.000000
55.000000,0.000000,-157.600000,0.000000,0.009018,0.002319,0.000044,0.002648,1000.000000
82.500000,0.000000,-157.600000,0.000000,0.009067,0.002309,0.000099,0.002637,1000.000000
110.000000,0.000000,-157.600000,0.000000,0.009119,0.002367,0.000159,0.002703,1000.000000
0.000000,-52.500000,-157.600000,0.000000,0.009055,0.002331,0.000086,0.002661,1000.000000
27.500000,-52.500000,-157.600000,0.000000,0.009352,0.002379,0.000425,0.002717,1000.000000
55.000000,-52.500000,-157.600000,0.000000,0.009128,0.002406,0.000169,0.002747,1000.000000
82.500000,-52.500000,-157.600000,0.000000,0.008886,0.002311,-0.000107,0.002639,1000.000000
110.000000,-52.500000,-157.600000,0.000000,0.009019,0.002375,0.000045,0.002712,1000.000000
0.000000,-105.000000,-157.600000,0.000000,0.009658,0.002440,0.000774,0.002786,1000.000000
27.500000,-105.000000,-157.600000,0.000000,0.017691,0.002518,0.009947,0.002875,1000.000000
55.000000,-105.000000,-157.600000,0.000000,0.012428,0.002486,0.003937,0.002839,1000.000000
82.500000,-105.000000,-157.600000,0.000000,0.008828,0.002287,-0.000173,0.002611,1000.000000
110.000000,-105.000000,-157.600000,0.000000,0.008836,0.002344,-0.000164,0.002676,1000.000000
0.000000,-157.500000,-157.600000,0.000000,0.008980,0.002380,0.000000,0.002718,1000.000000
27.500000,-157.500000,-157.600000,0.000000,0.008865,0.002249,-0.000131,0.002568,1000.000000
55.000000,-157.500000,-157.600000,0.000000,0.008895,0.002364,-0.000097,0.002699,1000.000000
82.500000,-157.500000,-157.600000,0.000000,0.009003,0.002373,0.000026,0.002710,1000.000000
110.000000,-157.500000,-157.600000,0.000000,0.009125,0.002350,0.000166,0.002683,1000.000000
0.000400,-210.000000,-157.600000,0.000000,0.009219,0.002378,0.000274,0.002715,1000.000000
27.500000,-210.000000,-157.600000,0.000000,0.009146,0.002337,0.000189,0.002669,1000.000000
55.000000,-210.000000,-157.600000,0.000000,0.009097,0.002365,0.000134,0.002701,1000.000000
82.500000,-210.000000,-157.600000,0.000000,0.009222,0.002403,0.000277,0.002744,1000.000000
110.000000,-210.000000,-157.600000,0.000000,0.009180,0.002347,0.000229,0.002680,1000.000000
0.000000,0.000000,-137.600000,0.000000,0.009095,0.002351,0.000131,0.002684,1000.000000
27.500000,0.000000,-137.600000,0.000000,0.009133,0.002343,0.000175,0.002676,1000.000000
55.000000,0.000000,-137.600000,0.000000,0.009161,0.002357,0.000207,0.002692,1000.000000
82.500000,0.000000,-137.600000,0.000000,0.009205,0.002366,0.000258,0.002701,1000.000000
110.000000,0.000000,-137.600000,0.000000,0.009120,0.002357,0.000160,0.002692,1000.000000
0.000000,-52.500000,-137.600000,0.000000,0.009512,0.002413,0.000608,0.002756,1000.000000
27.500000,-52.500000,-137.600000,0.000000,0.009855,0.002472,0.000999,0.002823,1000.000000
55.000000,-52.500000,-137.600000,0.000000,0.009653,0.002439,0.000768,0.002785,1000.000000
82.500000,-52.500000,-137.600000,0.000000,0.009217,0.002290,0.000271,0.002614,1000.000000
110.000000,-52.500000,-137.600000,0.000000,0.009245,0.002374,0.000303,0.002711,1000.000000
0.000000,-105.000000,-137.600000,0.000000,0.009999,0.002455,0.001164,0.002803,1000.000000
27.500000,-105.000000,-137.600000,0.000000,0.011806,0.002549,0.003228,0.002911,1000.000000
55.000000,-105.000000,-137.600000,0.000000,0.010907,0.002485,0.002201,0.002838,1000.000000
82.500000,-105.000000,-137.600000,0.000000,0.009346,0.002360,0.000418,0.002695,1000.000000
110.000000,-105.000000,-137.600000,0.000000,0.009062,0.002326,0.000093,0.002656,1000.000000
0.000000,-157.500000,-137.600000,0.000000,0.009231,0.002394,0.000287,0.002734,1000.000000
27.500000,-157.500000,-137.600000,0.000000,0.009270,0.002384,0.000332,0.002722,1000.000000
55.000000,-157.500000,-137.600000,0.000000,0.009256,0.002349,0.000316,0.002682,1000.000000
82.500000,-157.500000,-137.600000,0.000000,0.009189,0.002397,0.000239,0.002737,1000.000000
110.000000,-157.500000,-137.600000,0.000000,0.009242,0.002323,0.000300,0.002652,1000.000000
0.000400,-210.000000,-137.600000,0.000000,0.009249,0.002423,0.000307,0.002766,1000.000000
27.500000,-210.000000,-137.600000,0.000000,0.009237,0.002392,0.000294,0.002732,1000.000000
55.000000,-210.000000,-137.600000,0.000000,0.009205,0.002372,0.000258,0.002709,1000.000000
82.500000,-210.000000,-137.600000,0.000000,0.009221,0.002366,0.000275,0.002701,1000.000000
110.000000,-210.000000,-137.600000,0.000000,0.009189,0.002403,0.000239,0.002744,1000.000000
0.000000,0.000000,-117.600000,0.000000,0.009183,0.002382,0.000231,0.002720,1000.000000
27.500000,0.000000,-117.600000,0.000000,0.009228,0.002377,0.000284,0.002714,1000.000000
55.000000,0.000000,-117.600000,0.000000,0.009261,0.002369,0.000322,0.002706,1000.000000
82.500000,0.000000,-117.600000,0.000000,0.009237,0.002318,0.000294,0.002647,1000.000000
110.000000,0.000000,-117.600000,0.000000,0.009267,0.002365,0.000327,0.002701,1000.000000
0.000000,-52.500000,-117.600000,0.000000,0.009557,0.002430,0.000659,0.002775,1000.000000
27.500000,-52.500000,-117.600000,0.000000,0.009724,0.002429,0.000850,0.002774,1000.000000
55.000000,-52.500000,-117.600000,0.000000,0.009632,0.002426,0.000745,0.002770,1000.000000
82.500000,-52.500000,-117.600000,0.000000,0.009337,0.002375,0.000407,0.002711,1000.000000
110.000000,-52.500000,-117.600000,0.000000,0.009162,0.002366,0.000208,0.002702,1000.000000
0.000000,-105.000000,-117.600000,0.000000,0.009810,0.002448,0.000948,0.002796,1000.000000
27.500000,-105.000000,-117.600000,0.000000,0.010256,0.002468,0.001458,0.002818,1000.000000
55.000000,-105.000000,-117.600000,0.000000,0.010032,0.002511,0.001202,0.002868,1000.000000
82.500000,-105.000000,-117.600000,0.000000,0.009330,0.002341,0.000400,0.002673,1000.000000
110.000000,-105.000000,-117.600000,0.000000,0.009212,0.002385,0.000265,0.002724,1000.000000
0.000000,-157.500000,-117.600000,0.000000,0.009282,0.002384,0.000345,0.002722,1000.000000
27.500000,-157.500000,-117.600000,0.000000,0.009449,0.002432,0.000535,0.002777,1000.000000
55.000000,-157.500000,-117.600000,0.000000,0.009329,0.002387,0.000399,0.002726,1000.000000
82.500000,-157.500000,-117.600000,0.000000,0.009301,0.002330,0.000367,0.002661,1000.000000
110.000000,-157.500000,-117.600000,0.000000,0.009348,0.002447,0.000421,0.002795,1000.000000
0.000400,-210.000000,-117.600000,0.000000,0.009321,0.002384,0.000390,0.002722,1000.000000
27.500000,-210.000000,-117.600000,0.000000,0.009264,0.002380,0.000325,0.002717,1000.000000
55.000000,-210.000000,-117.600000,0.000000,0.009281,0.002374,0.000343,0.002711,1000.000000
82.500000,-210.000000,-117.600000,0.000000,0.009241,0.002383,0.000298,0.002721,1000.000000
110.000000,-210.000000,-117.600000,0.000000,0.009263,0.002420,0.000323,0.002764,1000.000000
0.000000,0.000000,-97.600000,0.000000,0.009293,0.002349,0.000358,0.002682,1000.000000
27.500000,0.000000,-97.600000,0.000000,0.009291,0.002446,0.000355,0.002793,1000.000000
55.000000,0.000000,-97.600000,0.000000,0.009334,0.002308,0.000405,0.002636,1000.000000
82.500000,0.000000,-97.600000,0.000000,0.009197,0.002412,0.000247,0.002755,1000.000000
110.000000,0.000000,-97.600000,0.000000,0.009356,0.002340,0.000429,0.002673,1000.000000
0.000000,-52.500000,-97.600000,0.000000,0.009496,0.002400,0.000589,0.002741,1000.000000
27.500000,-52.500000,-97.600000,0.000000,0.009562,0.002440,0.000665,0.002786,1000.000000
55.000000,-52.500000,-97.600000,0.000000,0.009596,0.002330,0.000704,0.002660,1000.000000
82.500000,-52.500000,-97.600000,0.000000,0.009347,0.002388,0.000419,0.002727,1000.000000
110.000000,-52.500000,-97.600000,0.000000,0.009304,0.002390,0.000370,0.002729,1000.000000
0.000000,-105.000000,-97.600000,0.000000,0.009687,0.002376,0.000807,0.002713,1000.000000
27.500000,-105.000000,-97.600000,0.000000,0.009758,0.002449,0.000889,0.002796,1000.000000
55.000000,-105.000000,-97.600000,0.000000,0.009655,0.002425,0.000771,0.002770,1000.000000
82.500000,-105.000000,-97.600000,0.000000,0.009416,0.002351,0.000498,0.002684,1000.000000
110.000000,-105.000000,-97.600000,0.000000,0.009174,0.002313,0.000221,0.002641,1000.000000
0.000000,-157.500000,-97.600000,0.000000,0.009375,0.002429,0.000451,0.002774,1000.000000
27.500000,-157.500000,-97.600000,0.000000,0.009464,0.002417,0.000553,0.002759,1000.000000
55.000000,-157.500000,-97.600000,0.000000,0.009400,0.002406,0.000480,0.002747,1000.000000
82.500000,-157.500000,-97.600000,0.000000,0.009393,0.002373,0.000471,0.002709,1000.000000
110.000000,-157.500000,-97.600000,0.000000,0.009290,0.002399,0.000354,0.002739,1000.000000
0.000400,-210.000000,-97.600000,0.000000,0.009291,0.002421,0.000355,0.002765,1000.000000
27.500000,-210.000000,-97.600000,0.000000,0.009300,0.002358,0.000365,0.002693,1000.000000
55.000000,-210.000000,-97.600000,0.000000,0.009274,0.002394,0.000336,0.002733,1000.000000
82.500000,-210.000000,-97.600000,0.000000,0.009376,0.002356,0.000453,0.002690,1000.000000
110.000000,-210.000000,-97.600000,0.000000,0.009325,0.002416,0.000394,0.002759,1000.000000
