35.200000,-20.000000,-180.200000,0.000000,0.010170,0.002528,0.001359,0.002887,1000.000000
42.000000,-20.000000,-180.200000,0.000000,0.010130,0.002477,0.001314,0.002828,1000.000000
48.800000,-20.000000,-180.200000,0.000000,0.010185,0.002484,0.001376,0.002837,1000.000000
55.600000,-20.000000,-180.200000,0.000000,0.010154,0.002497,0.001341,0.002851,1000.000000
62.400000,-20.000000,-180.200000,0.000000,0.010210,0.002477,0.001405,0.002828,1000.000000
69.200000,-20.000000,-180.200000,0.000000,0.010227,0.002452,0.001424,0.002800,1000.000000
76.000000,-20.000000,-180.200000,0.000000,0.010286,0.002534,0.001491,0.002894,1000.000000
82.800000,-20.000000,-180.200000,0.000000,0.010238,0.002552,0.001437,0.002914,1000.000000
89.600000,-20.000000,-180.200000,0.000000,0.010393,0.002518,0.001613,0.002875,1000.000000
96.400000,-20.000000,-180.200000,0.000000,0.010382,0.002492,0.001602,0.002846,1000.000000
103.200000,-20.000000,-180.200000,0.000000,0.010421,0.002497,0.001645,0.002852,1000.000000
110.000000,-20.000000,-180.200000,0.000000,0.010408,0.002516,0.001631,0.002873,1000.000000
35.200000,-54.000000,-180.200000,0.000000,0.008408,0.002239,-0.000653,0.002556,1000.000000
42.000000,-54.000000,-180.200000,0.000000,0.008491,0.002316,-0.000558,0.002645,1000.000000
48.800000,-54.000000,-180.200000,0.000000,0.008594,0.002338,-0.000441,0.002670,1000.000000
55.600000,-54.000000,-180.200000,0.000000,0.008915,0.002402,-0.000074,0.002743,1000.000000
62.400000,-54.000000,-180.200000,0.000000,0.009166,0.002414,0.000213,0.002756,1000.000000
69.200000,-54.000000,-180.200000,0.000000,0.009398,0.002375,0.000477,0.002712,1000.000000
76.000000,-54.000000,-180.200000,0.000000,0.009619,0.002436,0.000730,0.002781,1000.000000
82.800000,-54.000000,-180.200000,0.000000,0.009853,0.002483,0.000996,0.002835,1000.000000
89.600000,-54.000000,-180.200000,0.000000,0.010008,0.002464,0.001174,0.002813,1000.000000
96.400000,-54.000000,-180.200000,0.000000,0.010106,0.002481,0.001286,0.002833,1000.000000
103.200000,-54.000000,-180.200000,0.000000,0.010184,0.002558,0.001375,0.002921,1000.000000
110.000000,-54.000000,-180.200000,0.000000,0.010291,0.002492,0.001497,0.002846,1000.000000
35.200000,-88.000000,-180.200000,0.000000,0.142836,0.002618,0.152848,0.002990,1000.000000
42.000000,-88.000000,-180.200000,0.000000,0.017403,0.002501,0.009619,0.002856,1000.000000
48.800000,-88.000000,-180.200000,0.000000,-0.006325,0.002576,-0.017477,0.002942,1000.000000
55.600000,-88.000000,-180.200000,0.000000,-0.000289,0.002476,-0.010584,0.002828,1000.000000
62.400000,-88.000000,-180.200000,0.000000,0.004578,0.002358,-0.005026,0.002693,1000.000000
69.200000,-88.000000,-180.200000,0.000000,0.006993,0.002278,-0.002269,0.002601,1000.000000
76.000000,-88.000000,-180.200000,0.000000,0.008337,0.002398,-0.000734,0.002738,1000.000000
82.800000,-88.000000,-180.200000,0.000000,0.009059,0.002382,0.000090,0.002720,1000.000000
89.600000,-88.000000,-180.200000,0.000000,0.009496,0.002406,0.000589,0.002748,1000.000000
96.400000,-88.000000,-180.200000,0.000000,0.009846,0.002437,0.000989,0.002782,1000.000000
103.200000,-88.000000,-180.200000,0.000000,0.010028,0.002454,0.001197,0.002802,1000.000000
110.000000,-88.000000,-180.200000,0.000000,0.010051,0.002436,0.001223,0.002782,1000.000000
35.200000,-122.000000,-180.200000,0.000000,0.002064,0.002495,-0.007898,0.002849,1000.000000
42.000000,-122.000000,-180.200000,0.000000,0.002824,0.002479,-0.007029,0.002831,1000.000000
48.800000,-122.000000,-180.200000,0.000000,0.004504,0.002312,-0.005111,0.002640,1000.000000
55.600000,-122.000000,-180.200000,0.000000,0.006089,0.002285,-0.003301,0.002609,1000.000000
62.400000,-122.000000,-180.200000,0.000000,0.007407,0.002332,-0.001796,0.002662,1000.000000
69.200000,-122.000000,-180.200000,0.000000,0.008376,0.002288,-0.000689,0.002613,1000.000000
76.000000,-122.000000,-180.200000,0.000000,0.009093,0.002368,0.000130,0.002704,1000.000000
82.800000,-122.000000,-180.200000,0.000000,0.009472,0.002400,0.000562,0.002740,1000.000000
89.600000,-122.000000,-180.200000,0.000000,0.009739,0.002436,0.000867,0.002781,1000.000000
96.400000,-122.000000,-180.200000,0.000000,0.009935,0.002473,0.001091,0.002823,1000.000000
103.200000,-122.000000,-180.200000,0.000000,0.010103,0.002408,0.001283,0.002750,1000.000000
110.000000,-122.000000,-180.200000,0.000000,0.010198,0.002457,0.001391,0.002806,1000.000000
35.200000,-156.000000,-180.200000,0.000000,0.009633,0.002416,0.000746,0.002759,1000.000000
42.000000,-156.000000,-180.200000,0.000000,0.009721,0.002431,0.000847,0.002776,1000.000000
48.800000,-156.000000,-180.200000,0.000000,0.009789,0.002386,0.000924,0.002725,1000.000000
55.600000,-156.000000,-180.200000,0.000000,0.009847,0.002445,0.000991,0.002792,1000.000000
62.400000,-156.000000,-180.200000,0.000000,0.009942,0.002397,0.001098,0.002737,1000.000000
69.200000,-156.000000,-180.200000,0.000000,0.010007,0.002523,0.001172,0.002881,1000.000000
76.000000,-156.000000,-180.200000,0.000000,0.010100,0.002481,0.001279,0.002833,1000.000000
82.800000,-156.000000,-180.200000,0.000000,0.010103,0.002419,0.001283,0.002762,1000.000000
89.600000,-156.000000,-180.200000,0.000000,0.010170,0.002424,0.001359,0.002768,1000.000000
96.400000,-156.000000,-180.200000,0.000000,0.010277,0.002523,0.001481,0.002881,1000.000000
103.200000,-156.000000,-180.200000,0.000000,0.010354,0.002497,0.001570,0.002851,1000.000000
110.000000,-156.000000,-180.200000,0.000000,0.010335,0.002501,0.001548,0.002855,1000.000000
35.200000,-190.000000,-180.200000,0.000000,0.010274,0.002523,0.001478,0.002881,1000.000000
42.000000,-190.000000,-180.200000,0.000000,0.010338,0.002465,0.001551,0.002815,1000.000000
48.800000,-190.000000,-180.200000,0.000000,0.010329,0.002511,0.001540,0.002867,1000.000000
55.600000,-190.000000,-180.200000,0.000000,0.010353,0.002470,0.001568,0.002821,1000.000000
62.400000,-190.000000,-180.200000,0.000000,0.010338,0.002492,0.001551,0.002846,1000.000000
69.200000,-190.000000,-180.200000,0.000000,0.010370,0.002528,0.001587,0.002886,1000.000000
76.000000,-190.000000,-180.200000,0.000000,0.010353,0.002481,0.001568,0.002834,1000.000000
82.800000,-190.000000,-180.200000,0.000000,0.010424,0.002448,0.001650,0.002796,1000.000000
89.600000,-190.000000,-180.200000,0.000000,0.010339,0.002479,0.001552,0.002831,1000.000000
96.400000,-190.000000,-180.200000,0.000000,0.010430,0.002492,0.001655,0.002845,1000.000000
103.200000,-190.000000,-180.200000,0.000000,0.010486,0.002542,0.001719,0.002903,1000.000000
110.000000,-190.000000,-180.200000,0.000000,0.010482,0.002551,0.001715,0.002913,1000.000000
