35.200000,-94.450000,-178.300000,0.000000,0.240370,0.002597,0.264230,0.002966,1000.000000
35.200000,-94.450000,-178.300000,20.000000,0.240480,0.002566,0.264340,0.002930,1000.000000
35.200000,-94.450000,-178.300000,40.001000,0.240340,0.002595,0.264190,0.002964,1000.000000
35.200000,-94.450000,-178.300000,60.001000,0.240400,0.002621,0.264260,0.002993,1000.000000
35.200000,-94.450000,-178.300000,80.002000,0.240300,0.002512,0.264140,0.002868,1000.000000
35.200000,-94.450000,-178.300000,99.998000,0.240280,0.002559,0.264120,0.002922,1000.000000
35.200000,-94.450000,-178.300000,120.000000,0.240230,0.002594,0.264070,0.002962,1000.000000
35.200000,-94.450000,-178.300000,140.000000,0.240310,0.002533,0.264160,0.002893,1000.000000
35.200000,-94.450000,-178.300000,160.000000,0.240460,0.002668,0.264320,0.003046,1000.000000
35.200000,-94.450000,-178.300000,180.000000,0.240510,0.002632,0.264380,0.003005,1000.000000
35.200000,-94.450000,-178.300000,200.000000,0.240560,0.002626,0.264430,0.002998,1000.000000
35.200000,-94.450000,-178.300000,220.000000,0.240460,0.002640,0.264320,0.003015,1000.000000
35.200000,-94.450000,-178.300000,240.000000,0.240400,0.002603,0.264250,0.002972,1000.000000
35.200000,-94.450000,-178.300000,260.000000,0.240290,0.002681,0.264130,0.003062,1000.000000
35.200000,-94.450000,-178.300000,280.000000,0.240330,0.002571,0.264170,0.002935,1000.000000
35.200000,-94.450000,-178.300000,300.000000,0.240350,0.002570,0.264200,0.002935,1000.000000
35.200000,-94.450000,-178.300000,320.000000,0.240270,0.002600,0.264100,0.002969,1000.000000
35.200000,-94.450000,-178.300000,340.000000,0.240280,0.002544,0.264120,0.002905,1000.000000
