35.200000,-94.450000,-177.700000,0.000000,-0.001204,0.002441,-0.011628,0.002787,1000.000000
35.200000,-94.450000,-177.700000,1.800000,-0.001177,0.002383,-0.011598,0.002721,1000.000000
35.200000,-94.450000,-177.700000,3.600000,-0.001163,0.002525,-0.011582,0.002884,1000.000000
35.200000,-94.450000,-177.700000,5.400000,-0.001190,0.002478,-0.011612,0.002829,1000.000000
35.200000,-94.450000,-177.700000,7.200000,-0.001198,0.002402,-0.011622,0.002743,1000.000000
35.200000,-94.450000,-177.700000,9.000000,-0.001154,0.002458,-0.011572,0.002807,1000.000000
35.200000,-94.450000,-177.700000,10.800000,-0.001137,0.002416,-0.011553,0.002759,1000.000000
35.200000,-94.450000,-177.700000,12.600000,-0.001192,0.002488,-0.011615,0.002842,1000.000000
35.200000,-94.450000,-177.700000,14.400000,-0.001151,0.002385,-0.011569,0.002723,1000.000000
35.200000,-94.450000,-177.700000,16.200000,-0.001109,0.002471,-0.011521,0.002822,1000.000000
35.200000,-94.450000,-177.700000,18.000000,-0.001146,0.002462,-0.011563,0.002811,1000.000000
35.200000,-94.450000,-177.700000,19.800000,-0.001286,0.002532,-0.011723,0.002891,1000.000000
35.200000,-94.450000,-177.700000,21.600000,-0.001182,0.002500,-0.011604,0.002855,1000.000000
35.200000,-94.450000,-177.700000,23.400000,-0.001232,0.002439,-0.011660,0.002785,1000.000000
35.200000,-94.450000,-177.700000,25.200000,-0.001251,0.002527,-0.011682,0.002886,1000.000000
35.200000,-94.450000,-177.700000,27.000000,-0.001164,0.002455,-0.011583,0.002803,1000.000000
35.200000,-94.450000,-177.700000,28.800000,-0.001191,0.002491,-0.011614,0.002845,1000.000000
35.200000,-94.450000,-177.700000,30.600000,-0.001182,0.002494,-0.011604,0.002848,1000.000000
35.200000,-94.450000,-177.700000,32.400000,-0.001224,0.002457,-0.011652,0.002806,1000.000000
35.200000,-94.450000,-177.700000,34.200000,-0.001175,0.002471,-0.011596,0.002822,1000.000000
35.200000,-94.450000,-177.700000,36.000000,-0.001212,0.002513,-0.011638,0.002869,1000.000000
35.200000,-94.450000,-177.700000,37.800000,-0.001216,0.002510,-0.011643,0.002866,1000.000000
35.200000,-94.450000,-177.700000,39.600000,-0.001221,0.002537,-0.011649,0.002897,1000.000000
35.200000,-94.450000,-177.700000,41.400000,-0.001249,0.002573,-0.011681,0.002938,1000.000000
35.200000,-94.450000,-177.700000,43.200000,-0.001168,0.002485,-0.011588,0.002837,1000.000000
35.200000,-94.450000,-177.700000,45.000000,-0.001214,0.002463,-0.011640,0.002813,1000.000000
35.200000,-94.450000,-177.700000,46.800000,-0.001146,0.002459,-0.011563,0.002808,1000.000000
35.200000,-94.450000,-177.700000,48.600000,-0.001116,0.002535,-0.011528,0.002895,1000.000000
35.200000,-94.450000,-177.700000,50.400000,-0.001228,0.002486,-0.011656,0.002839,1000.000000
35.200000,-94.450000,-177.700000,52.200000,-0.001261,0.002455,-0.011694,0.002803,1000.000000
35.200000,-94.450000,-177.700000,54.000000,-0.001204,0.002529,-0.011628,0.002888,1000.000000
35.200000,-94.450000,-177.700000,55.800000,-0.001229,0.002437,-0.011657,0.002783,1000.000000
35.200000,-94.450000,-177.700000,57.600000,-0.001174,0.002441,-0.011595,0.002787,1000.000000
35.200000,-94.450000,-177.700000,59.400000,-0.001151,0.002408,-0.011569,0.002749,1000.000000
35.200000,-94.450000,-177.700000,61.200000,-0.001151,0.002479,-0.011569,0.002830,1000.000000
35.200000,-94.450000,-177.700000,63.000000,-0.001240,0.002471,-0.011670,0.002822,1000.000000
35.200000,-94.450000,-177.700000,64.800000,-0.001177,0.002466,-0.011598,0.002815,1000.000000
35.200000,-94.450000,-177.700000,66.600000,-0.001145,0.002401,-0.011561,0.002742,1000.000000
35.200000,-94.450000,-177.700000,68.400000,-0.001179,0.002421,-0.011601,0.002764,1000.000000
35.200000,-94.450000,-177.700000,70.200000,-0.001193,0.002569,-0.011617,0.002933,1000.000000
35.200000,-94.450000,-177.700000,72.000000,-0.001239,0.002469,-0.011669,0.002819,1000.000000
35.200000,-94.450000,-177.700000,73.800000,-0.001196,0.002542,-0.011620,0.002903,1000.000000
35.200000,-94.450000,-177.700000,75.600000,-0.001262,0.002465,-0.011695,0.002814,1000.000000
35.200000,-94.450000,-177.700000,77.400000,-0.001161,0.002447,-0.011580,0.002794,1000.000000
35.200000,-94.450000,-177.700000,79.200000,-0.001198,0.002477,-0.011622,0.002828,1000.000000
35.200000,-94.450000,-177.700000,81.000000,-0.001147,0.002455,-0.011564,0.002803,1000.000000
35.200000,-94.450000,-177.700000,82.800000,-0.001202,0.002473,-0.011627,0.002824,1000.000000
35.200000,-94.450000,-177.700000,84.600000,-0.001254,0.002500,-0.011686,0.002855,1000.000000
35.200000,-94.450000,-177.700000,86.400000,-0.001154,0.002544,-0.011572,0.002905,1000.000000
35.200000,-94.450000,-177.700000,88.200000,-0.001232,0.002442,-0.011660,0.002789,1000.000000
35.200000,-94.450000,-177.700000,90.000000,-0.001211,0.002522,-0.011637,0.002880,1000.000000
35.200000,-94.450000,-177.700000,91.800000,-0.001097,0.002465,-0.011506,0.002815,1000.000000
35.200000,-94.450000,-177.700000,93.600000,-0.001226,0.002442,-0.011654,0.002788,1000.000000
35.200000,-94.450000,-177.700000,95.400000,-0.001191,0.002477,-0.011614,0.002829,1000.000000
35.200000,-94.450000,-177.700000,97.200000,-0.001144,0.002485,-0.011560,0.002837,1000.000000
35.200000,-94.450000,-177.700000,99.000000,-0.001223,0.002494,-0.011650,0.002848,1000.000000
35.200000,-94.450000,-177.700000,100.800000,-0.001225,0.002471,-0.011653,0.002821,1000.000000
35.200000,-94.450000,-177.700000,102.600000,-0.001211,0.002452,-0.011637,0.002800,1000.000000
35.200000,-94.450000,-177.700000,104.400000,-0.001254,0.002470,-0.011686,0.002821,1000.000000
35.200000,-94.450000,-177.700000,106.200000,-0.001168,0.002462,-0.011588,0.002812,1000.000000
35.200000,-94.450000,-177.700000,108.000000,-0.001186,0.002450,-0.011608,0.002797,1000.000000
35.200000,-94.450000,-177.700000,109.800000,-0.001211,0.002470,-0.011637,0.002821,1000.000000
35.200000,-94.450000,-177.700000,111.600000,-0.001155,0.002532,-0.011573,0.002891,1000.000000
35.200000,-94.450000,-177.700000,113.400000,-0.001186,0.002463,-0.011608,0.002812,1000.000000
35.200000,-94.450000,-177.700000,115.200000,-0.001184,0.002471,-0.011606,0.002822,1000.000000
35.200000,-94.450000,-177.700000,117.000000,-0.001172,0.002456,-0.011592,0.002805,1000.000000
35.200000,-94.450000,-177.700000,118.800000,-0.001170,0.002509,-0.011590,0.002864,1000.000000
35.200000,-94.450000,-177.700000,120.600000,-0.001156,0.002467,-0.011574,0.002817,1000.000000
35.200000,-94.450000,-177.700000,122.400000,-0.001224,0.002512,-0.011652,0.002868,1000.000000
35.200000,-94.450000,-177.700000,124.200000,-0.001210,0.002449,-0.011636,0.002796,1000.000000
35.200000,-94.450000,-177.700000,126.000000,-0.001201,0.002506,-0.011625,0.002861,1000.000000
35.200000,-94.450000,-177.700000,127.800000,-0.001205,0.002458,-0.011630,0.002807,1000.000000
35.200000,-94.450000,-177.700000,129.600000,-0.001196,0.002437,-0.011620,0.002783,1000.000000
35.200000,-94.450000,-177.700000,131.400000,-0.001196,0.002542,-0.011620,0.002903,1000.000000
35.200000,-94.450000,-177.700000,133.200000,-0.001214,0.002450,-0.011640,0.002797,1000.000000
35.200000,-94.450000,-177.700000,135.000000,-0.001207,0.002598,-0.011633,0.002966,1000.000000
35.200000,-94.450000,-177.700000,136.800000,-0.001226,0.002428,-0.011654,0.002772,1000.000000
35.200000,-94.450000,-177.700000,138.600000,-0.001281,0.002477,-0.011717,0.002829,1000.000000
35.200000,-94.450000,-177.700000,140.400000,-0.001229,0.002383,-0.011657,0.002721,1000.000000
35.200000,-94.450000,-177.700000,142.200000,-0.001144,0.002444,-0.011560,0.002790,1000.000000
35.200000,-94.450000,-177.700000,144.000000,-0.001174,0.002481,-0.011595,0.002833,1000.000000
35.200000,-94.450000,-177.700000,145.800000,-0.001186,0.002456,-0.011608,0.002804,1000.000000
35.200000,-94.450000,-177.700000,147.600000,-0.001230,0.002446,-0.011659,0.002793,1000.000000
35.200000,-94.450000,-177.700000,149.400000,-0.001201,0.002501,-0.011625,0.002856,1000.000000
35.200000,-94.450000,-177.700000,151.200000,-0.001234,0.002504,-0.011663,0.002859,1000.000000
35.200000,-94.450000,-177.700000,153.000000,-0.001142,0.002516,-0.011558,0.002873,1000.000000
35.200000,-94.450000,-177.700000,154.800000,-0.001202,0.002403,-0.011627,0.002743,1000.000000
35.200000,-94.450000,-177.700000,156.600000,-0.001207,0.002511,-0.011633,0.002867,1000.000000
35.200000,-94.450000,-177.700000,158.400000,-0.001147,0.002451,-0.011564,0.002799,1000.000000
35.200000,-94.450000,-177.700000,160.200000,-0.001155,0.002510,-0.011573,0.002867,1000.000000
35.200000,-94.450000,-177.700000,162.000000,-0.001216,0.002469,-0.011643,0.002819,1000.000000
35.200000,-94.450000,-177.700000,163.800000,-0.001136,0.002469,-0.011551,0.002820,1000.000000
35.200000,-94.450000,-177.700000,165.600000,-0.001233,0.002450,-0.011662,0.002798,1000.000000
35.200000,-94.450000,-177.700000,167.400000,-0.001233,0.002494,-0.011662,0.002848,1000.000000
35.200000,-94.450000,-177.700000,169.200000,-0.001177,0.002465,-0.011598,0.002815,1000.000000
35.200000,-94.450000,-177.700000,171.000000,-0.001150,0.002509,-0.011567,0.002865,1000.000000
35.200000,-94.450000,-177.700000,172.800000,-0.001216,0.002508,-0.011643,0.002864,1000.000000
35.200000,-94.450000,-177.700000,174.600000,-0.001184,0.002490,-0.011606,0.002843,1000.000000
35.200000,-94.450000,-177.700000,176.400000,-0.001243,0.002426,-0.011673,0.002771,1000.000000
35.200000,-94.450000,-177.700000,178.200000,-0.001186,0.002549,-0.011608,0.002911,1000.000000
35.200000,-94.450000,-177.700000,180.000000,-0.001206,0.002452,-0.011631,0.002800,1000.000000
35.200000,-94.450000,-177.700000,181.800000,-0.001202,0.002478,-0.011627,0.002829,1000.000000
35.200000,-94.450000,-177.700000,183.600000,-0.001192,0.002440,-0.011615,0.002786,1000.000000
35.200000,-94.450000,-177.700000,185.400000,-0.001141,0.002472,-0.011557,0.002822,1000.000000
35.200000,-94.450000,-177.700000,187.200000,-0.001195,0.002505,-0.011618,0.002861,1000.000000
35.200000,-94.450000,-177.700000,189.000000,-0.001207,0.002444,-0.011633,0.002791,1000.000000
35.200000,-94.450000,-177.700000,190.800000,-0.001177,0.002453,-0.011598,0.002801,1000.000000
35.200000,-94.450000,-177.700000,192.600000,-0.001145,0.002415,-0.011561,0.002758,1000.000000
35.200000,-94.450000,-177.700000,194.400000,-0.001127,0.002379,-0.011541,0.002717,1000.000000
35.200000,-94.450000,-177.700000,196.200000,-0.001170,0.002489,-0.011590,0.002842,1000.000000
35.200000,-94.450000,-177.700000,198.000000,-0.001224,0.002478,-0.011652,0.002829,1000.000000
35.200000,-94.450000,-177.700000,199.800000,-0.001210,0.002526,-0.011636,0.002885,1000.000000
35.200000,-94.450000,-177.700000,201.600000,-0.001190,0.002493,-0.011612,0.002847,1000.000000
35.200000,-94.450000,-177.700000,203.400000,-0.001154,0.002546,-0.011572,0.002908,1000.000000
35.200000,-94.450000,-177.700000,205.200000,-0.001156,0.002554,-0.011574,0.002916,1000.000000
35.200000,-94.450000,-177.700000,207.000000,-0.001178,0.002451,-0.011599,0.002799,1000.000000
35.200000,-94.450000,-177.700000,208.800000,-0.001173,0.002474,-0.011593,0.002826,1000.000000
35.200000,-94.450000,-177.700000,210.600000,-0.001164,0.002501,-0.011583,0.002856,1000.000000
35.200000,-94.450000,-177.700000,212.400000,-0.001223,0.002487,-0.011650,0.002840,1000.000000
35.200000,-94.450000,-177.700000,214.200000,-0.001175,0.002515,-0.011596,0.002871,1000.000000
35.200000,-94.450000,-177.700000,216.000000,-0.001228,0.002423,-0.011656,0.002767,1000.000000
35.200000,-94.450000,-177.700000,217.800000,-0.001146,0.002472,-0.011563,0.002823,1000.000000
35.200000,-94.450000,-177.700000,219.600000,-0.001193,0.002513,-0.011617,0.002870,1000.000000
35.200000,-94.450000,-177.700000,221.400000,-0.001225,0.002470,-0.011653,0.002821,1000.000000
35.200000,-94.450000,-177.700000,223.200000,-0.001197,0.002369,-0.011621,0.002705,1000.000000
35.200000,-94.450000,-177.700000,225.000000,-0.001167,0.002437,-0.011586,0.002782,1000.000000
35.200000,-94.450000,-177.700000,226.800000,-0.001262,0.002486,-0.011695,0.002838,1000.000000
35.200000,-94.450000,-177.700000,228.600000,-0.001108,0.002515,-0.011519,0.002872,1000.000000
35.200000,-94.450000,-177.700000,230.400000,-0.001172,0.002487,-0.011592,0.002840,1000.000000
35.200000,-94.450000,-177.700000,232.200000,-0.001151,0.002520,-0.011569,0.002877,1000.000000
35.200000,-94.450000,-177.700000,234.000000,-0.001198,0.002561,-0.011622,0.002924,1000.000000
35.200000,-94.450000,-177.700000,235.800000,-0.001235,0.002495,-0.011665,0.002849,1000.000000
35.200000,-94.450000,-177.700000,237.600000,-0.001156,0.002485,-0.011574,0.002837,1000.000000
35.200000,-94.450000,-177.700000,239.400000,-0.001174,0.002429,-0.011595,0.002773,1000.000000
35.200000,-94.450000,-177.700000,241.200000,-0.001225,0.002490,-0.011653,0.002843,1000.000000
35.200000,-94.450000,-177.700000,243.000000,-0.001219,0.002420,-0.011646,0.002763,1000.000000
35.200000,-94.450000,-177.700000,244.800000,-0.001191,0.002553,-0.011614,0.002915,1000.000000
35.200000,-94.450000,-177.700000,246.600000,-0.001246,0.002477,-0.011676,0.002829,1000.000000
35.200000,-94.450000,-177.700000,248.400000,-0.001202,0.002455,-0.011627,0.002803,1000.000000
35.200000,-94.450000,-177.700000,250.200000,-0.001175,0.002485,-0.011596,0.002837,1000.000000
35.200000,-94.450000,-177.700000,252.000000,-0.001200,0.002462,-0.011624,0.002812,1000.000000
35.200000,-94.450000,-177.700000,253.800000,-0.001165,0.002513,-0.011585,0.002869,1000.000000
35.200000,-94.450000,-177.700000,255.600000,-0.001205,0.002500,-0.011630,0.002855,1000.000000
35.200000,-94.450000,-177.700000,257.400000,-0.001179,0.002539,-0.011601,0.002899,1000.000000
35.200000,-94.450000,-177.700000,259.200000,-0.001182,0.002448,-0.011604,0.002795,1000.000000
35.200000,-94.450000,-177.700000,261.000000,-0.001167,0.002491,-0.011586,0.002844,1000.000000
35.200000,-94.450000,-177.700000,262.800000,-0.001224,0.002502,-0.011652,0.002857,1000.000000
35.200000,-94.450000,-177.700000,264.600000,-0.001182,0.002381,-0.011604,0.002718,1000.000000
35.200000,-94.450000,-177.700000,266.400000,-0.001253,0.002549,-0.011685,0.002911,1000.000000
35.200000,-94.450000,-177.700000,268.200000,-0.001212,0.002479,-0.011638,0.002830,1000.000000
35.200000,-94.450000,-177.700000,270.000000,-0.001191,0.002474,-0.011614,0.002824,1000.000000
35.200000,-94.450000,-177.700000,271.800000,-0.001193,0.002432,-0.011617,0.002777,1000.000000
35.200000,-94.450000,-177.700000,273.600000,-0.001196,0.002467,-0.011620,0.002817,1000.000000
35.200000,-94.450000,-177.700000,275.400000,-0.001200,0.002480,-0.011624,0.002832,1000.000000
35.200000,-94.450000,-177.700000,277.200000,-0.001218,0.002499,-0.011644,0.002854,1000.000000
35.200000,-94.450000,-177.700000,279.000000,-0.001175,0.002413,-0.011596,0.002755,1000.000000
35.200000,-94.450000,-177.700000,280.800000,-0.001182,0.002436,-0.011604,0.002782,1000.000000
35.200000,-94.450000,-177.700000,282.600000,-0.001209,0.002528,-0.011634,0.002886,1000.000000
35.200000,-94.450000,-177.700000,284.400000,-0.001181,0.002470,-0.011602,0.002821,1000.000000
35.200000,-94.450000,-177.700000,286.200000,-0.001123,0.002454,-0.011537,0.002802,1000.000000
35.200000,-94.450000,-177.700000,288.000000,-0.001167,0.002388,-0.011586,0.002727,1000.000000
35.200000,-94.450000,-177.700000,289.800000,-0.001201,0.002480,-0.011625,0.002832,1000.000000
35.200000,-94.450000,-177.700000,291.600000,-0.001221,0.002521,-0.011649,0.002878,1000.000000
35.200000,-94.450000,-177.700000,293.400000,-0.001193,0.002492,-0.011617,0.002846,1000.000000
35.200000,-94.450000,-177.700000,295.200000,-0.001179,0.002463,-0.011601,0.002812,1000.000000
35.200000,-94.450000,-177.700000,297.000000,-0.001178,0.002518,-0.011599,0.002876,1000.000000
35.200000,-94.450000,-177.700000,298.800000,-0.001200,0.002531,-0.011624,0.002890,1000.000000
35.200000,-94.450000,-177.700000,300.600000,-0.001181,0.002504,-0.011602,0.002859,1000.000000
35.200000,-94.450000,-177.700000,302.400000,-0.001239,0.002507,-0.011669,0.002862,1000.000000
35.200000,-94.450000,-177.700000,304.200000,-0.001122,0.002502,-0.011535,0.002857,1000.000000
35.200000,-94.450000,-177.700000,306.000000,-0.001147,0.002461,-0.011564,0.002810,1000.000000
35.200000,-94.450000,-177.700000,307.800000,-0.001178,0.002436,-0.011599,0.002781,1000.000000
35.200000,-94.450000,-177.700000,309.600000,-0.001182,0.002498,-0.011604,0.002852,1000.000000
35.200000,-94.450000,-177.700000,311.400000,-0.001184,0.002450,-0.011606,0.002797,1000.000000
35.200000,-94.450000,-177.700000,313.200000,-0.001234,0.002560,-0.011663,0.002923,1000.000000
35.200000,-94.450000,-177.700000,315.000000,-0.001210,0.002538,-0.011636,0.002898,1000.000000
35.200000,-94.450000,-177.700000,316.800000,-0.001190,0.002535,-0.011612,0.002894,1000.000000
35.200000,-94.450000,-177.700000,318.600000,-0.001243,0.002486,-0.011673,0.002839,1000.000000
35.200000,-94.450000,-177.700000,320.400000,-0.001232,0.002491,-0.011660,0.002845,1000.000000
35.200000,-94.450000,-177.700000,322.200000,-0.001304,0.002526,-0.011743,0.002884,1000.000000
35.200000,-94.450000,-177.700000,324.000000,-0.001144,0.002455,-0.011560,0.002803,1000.000000
35.200000,-94.450000,-177.700000,325.800000,-0.001191,0.002444,-0.011614,0.002791,1000.000000
35.200000,-94.450000,-177.700000,327.600000,-0.001150,0.002515,-0.011567,0.002871,1000.000000
35.200000,-94.450000,-177.700000,329.400000,-0.001140,0.002460,-0.011556,0.002809,1000.000000
35.200000,-94.450000,-177.700000,331.200000,-0.001163,0.002519,-0.011582,0.002877,1000.000000
35.200000,-94.450000,-177.700000,333.000000,-0.001104,0.002505,-0.011515,0.002860,1000.000000
35.200000,-94.450000,-177.700000,334.800000,-0.001158,0.002497,-0.011576,0.002852,1000.000000
35.200000,-94.450000,-177.700000,336.600000,-0.001175,0.002477,-0.011596,0.002829,1000.000000
35.200000,-94.450000,-177.700000,338.400000,-0.001147,0.002434,-0.011564,0.002779,1000.000000
35.200000,-94.450000,-177.700000,340.200000,-0.001151,0.002412,-0.011569,0.002754,1000.000000
35.200000,-94.450000,-177.700000,342.000000,-0.001175,0.002554,-0.011596,0.002917,1000.000000
35.200000,-94.450000,-177.700000,343.800000,-0.001225,0.002529,-0.011653,0.002887,1000.000000
35.200000,-94.450000,-177.700000,345.600000,-0.001086,0.002479,-0.011494,0.002830,1000.000000
35.200000,-94.450000,-177.700000,347.400000,-0.001109,0.002487,-0.011521,0.002840,1000.000000
35.200000,-94.450000,-177.700000,349.200000,-0.001177,0.002477,-0.011598,0.002828,1000.000000
35.200000,-94.450000,-177.700000,351.000000,-0.001198,0.002515,-0.011622,0.002872,1000.000000
35.200000,-94.450000,-177.700000,352.800000,-0.001232,0.002527,-0.011660,0.002885,1000.000000
35.200000,-94.450000,-177.700000,354.600000,-0.001133,0.002439,-0.011548,0.002785,1000.000000
35.200000,-94.450000,-177.700000,356.400000,-0.001114,0.002452,-0.011526,0.002800,1000.000000
35.200000,-94.450000,-177.700000,358.200000,-0.001195,0.002476,-0.011618,0.002828,1000.000000
