0.000000,-179.500000,-179.300000,0.000000,0.010556,0.002492,0.001799,0.002846,1000.000000
0.000000,-179.500000,-179.300000,180.000000,0.010544,0.002572,0.001786,0.002937,1000.000000
0.500000,-179.500000,-179.300000,0.000000,0.010649,0.002520,0.001906,0.002878,1000.000000
0.500000,-179.500000,-179.300000,180.000000,0.010538,0.002488,0.001779,0.002841,1000.000000
1.000000,-179.500000,-179.300000,0.000000,0.010512,0.002491,0.001750,0.002844,1000.000000
1.000000,-179.500000,-179.300000,180.000000,0.010562,0.002461,0.001807,0.002810,1000.000000
1.500000,-179.500000,-179.300000,0.000000,0.010641,0.002531,0.001897,0.002890,1000.000000
1.500000,-179.500000,-179.300000,180.000000,0.010659,0.002466,0.001917,0.002816,1000.000000
2.000000,-179.500000,-179.300000,0.000000,0.010660,0.002519,0.001919,0.002876,1000.000000
2.000000,-179.500000,-179.300000,180.000000,0.010637,0.002533,0.001892,0.002892,1000.000000
2.500000,-179.500000,-179.300000,0.000000,0.010600,0.002431,0.001850,0.002776,1000.000000
2.500000,-179.500000,-179.300000,180.000000,0.010607,0.002527,0.001858,0.002886,1000.000000
3.000000,-179.500000,-179.300000,0.000000,0.010587,0.002587,0.001836,0.002954,1000.000000
3.000000,-179.500000,-179.300000,180.000000,0.010652,0.002542,0.001910,0.002903,1000.000000
3.500000,-179.500000,-179.300000,0.000000,0.010675,0.002517,0.001936,0.002874,1000.000000
3.500000,-179.500000,-179.300000,180.000000,0.010589,0.002577,0.001837,0.002942,1000.000000
4.000000,-179.500000,-179.300000,0.000000,0.010683,0.002555,0.001945,0.002917,1000.000000
4.000000,-179.500000,-179.300000,180.000000,0.010556,0.002515,0.001799,0.002872,1000.000000
4.500000,-179.500000,-179.300000,0.000000,0.010539,0.002498,0.001780,0.002853,1000.000000
4.500000,-179.500000,-179.300000,180.000000,0.010543,0.002471,0.001785,0.002822,1000.000000
5.000000,-179.500000,-179.300000,0.000000,0.010641,0.002505,0.001897,0.002861,1000.000000
5.000000,-179.500000,-179.300000,180.000000,0.010542,0.002556,0.001783,0.002919,1000.000000
5.500000,-179.500000,-179.300000,0.000000,0.010488,0.002565,0.001722,0.002929,1000.000000
5.500000,-179.500000,-179.300000,180.000000,0.010536,0.002510,0.001778,0.002866,1000.000000
6.000000,-179.500000,-179.300000,0.000000,0.010557,0.002476,0.001801,0.002827,1000.000000
6.000000,-179.500000,-179.300000,180.000000,0.010493,0.002510,0.001728,0.002866,1000.000000
6.500000,-179.500000,-179.300000,0.000000,0.010594,0.002548,0.001843,0.002910,1000.000000
6.500000,-179.500000,-179.300000,180.000000,0.010739,0.002493,0.002009,0.002847,1000.000000
7.000000,-179.500000,-179.300000,0.000000,0.010684,0.002546,0.001946,0.002908,1000.000000
7.000000,-179.500000,-179.300000,180.000000,0.010412,0.002559,0.001635,0.002923,1000.000000
7.500000,-179.500000,-179.300000,0.000000,0.010475,0.002512,0.001708,0.002869,1000.000000
7.500000,-179.500000,-179.300000,180.000000,0.010629,0.002502,0.001884,0.002857,1000.000000
8.000000,-179.500000,-179.300000,0.000000,0.010545,0.002477,0.001788,0.002829,1000.000000
8.000000,-179.500000,-179.300000,180.000000,0.010610,0.002509,0.001862,0.002865,1000.000000
8.500000,-179.500000,-179.300000,0.000000,0.010531,0.002479,0.001772,0.002831,1000.000000
8.500000,-179.500000,-179.300000,180.000000,0.010628,0.002577,0.001882,0.002943,1000.000000
9.000000,-179.500000,-179.300000,0.000000,0.010561,0.002504,0.001805,0.002860,1000.000000
9.000000,-179.500000,-179.300000,180.000000,0.010635,0.002504,0.001890,0.002859,1000.000000
9.500000,-179.500000,-179.300000,0.000000,0.010585,0.002485,0.001833,0.002838,1000.000000
9.500000,-179.500000,-179.300000,180.000000,0.010590,0.002487,0.001839,0.002840,1000.000000
10.000000,-179.500000,-179.300000,0.000000,0.010507,0.002466,0.001744,0.002816,1000.000000
10.000000,-179.500000,-179.300000,180.000000,0.010666,0.002512,0.001926,0.002868,1000.000000
10.500000,-179.500000,-179.300000,0.000000,0.010487,0.002539,0.001721,0.002899,1000.000000
10.500000,-179.500000,-179.300000,180.000000,0.010551,0.002442,0.001794,0.002789,1000.000000
11.000000,-179.500000,-179.300000,0.000000,0.010427,0.002550,0.001652,0.002912,1000.000000
11.000000,-179.500000,-179.300000,180.000000,0.010464,0.002521,0.001695,0.002879,1000.000000
11.500000,-179.500000,-179.300000,0.000000,0.010613,0.002470,0.001865,0.002821,1000.000000
11.500000,-179.500000,-179.300000,180.000000,0.010508,0.002447,0.001746,0.002794,1000.000000
12.000000,-179.500000,-179.300000,0.000000,0.010618,0.002549,0.001871,0.002911,1000.000000
12.000000,-179.500000,-179.300000,180.000000,0.010605,0.002512,0.001856,0.002869,1000.000000
12.500000,-179.500000,-179.300000,0.000000,0.010561,0.002518,0.001805,0.002875,1000.000000
12.500000,-179.500000,-179.300000,180.000000,0.010549,0.002514,0.001792,0.002870,1000.000000
13.000000,-179.500000,-179.300000,0.000000,0.010534,0.002577,0.001775,0.002943,1000.000000
13.000000,-179.500000,-179.300000,180.000000,0.010544,0.002480,0.001786,0.002832,1000.000000
13.500000,-179.500000,-179.300000,0.000000,0.010633,0.002476,0.001888,0.002828,1000.000000
13.500000,-179.500000,-179.300000,180.000000,0.010535,0.002538,0.001776,0.002898,1000.000000
14.000000,-179.500000,-179.300000,0.000000,0.010779,0.002521,0.002054,0.002879,1000.000000
14.000000,-179.500000,-179.300000,180.000000,0.010548,0.002459,0.001791,0.002808,1000.000000
14.500000,-179.500000,-179.300000,0.000000,0.010628,0.002550,0.001882,0.002912,1000.000000
14.500000,-179.500000,-179.300000,180.000000,0.010427,0.002541,0.001652,0.002902,1000.000000
15.000000,-179.500000,-179.300000,0.000000,0.010609,0.002610,0.001860,0.002980,1000.000000
15.000000,-179.500000,-179.300000,180.000000,0.010505,0.002463,0.001741,0.002813,1000.000000
15.500000,-179.500000,-179.300000,0.000000,0.010497,0.002529,0.001732,0.002888,1000.000000
15.500000,-179.500000,-179.300000,180.000000,0.010543,0.002433,0.001785,0.002778,1000.000000
16.000000,-179.500000,-179.300000,0.000000,0.010587,0.002455,0.001836,0.002803,1000.000000
16.000000,-179.500000,-179.300000,180.000000,0.010296,0.002603,0.001503,0.002973,1000.000000
16.500000,-179.500000,-179.300000,0.000000,0.010572,0.002517,0.001818,0.002875,1000.000000
16.500000,-179.500000,-179.300000,180.000000,0.010608,0.002497,0.001859,0.002851,1000.000000
17.000000,-179.500000,-179.300000,0.000000,0.010609,0.002501,0.001860,0.002855,1000.000000
17.000000,-179.500000,-179.300000,180.000000,0.010505,0.002521,0.001741,0.002878,1000.000000
17.500000,-179.500000,-179.300000,0.000000,0.010561,0.002506,0.001805,0.002862,1000.000000
17.500000,-179.500000,-179.300000,180.000000,0.010584,0.002520,0.001831,0.002878,1000.000000
18.000000,-179.500000,-179.300000,0.000000,0.010586,0.002477,0.001834,0.002829,1000.000000
18.000000,-179.500000,-179.300000,180.000000,0.010586,0.002469,0.001834,0.002820,1000.000000
18.500000,-179.500000,-179.300000,0.000000,0.010511,0.002565,0.001748,0.002929,1000.000000
18.500000,-179.500000,-179.300000,180.000000,0.010579,0.002547,0.001826,0.002908,1000.000000
19.000000,-179.500000,-179.300000,0.000000,0.010441,0.002455,0.001668,0.002803,1000.000000
19.000000,-179.500000,-179.300000,180.000000,0.010572,0.002488,0.001818,0.002841,1000.000000
19.500000,-179.500000,-179.300000,0.000000,0.010444,0.002535,0.001671,0.002895,1000.000000
19.500000,-179.500000,-179.300000,180.000000,0.010505,0.002485,0.001741,0.002837,1000.000000
20.000000,-179.500000,-179.300000,0.000000,0.010573,0.002455,0.001820,0.002803,1000.000000
20.000000,-179.500000,-179.300000,180.000000,0.010498,0.002473,0.001734,0.002824,1000.000000
20.500000,-179.500000,-179.300000,0.000000,0.010538,0.002541,0.001779,0.002901,1000.000000
20.500000,-179.500000,-179.300000,180.000000,0.010498,0.002500,0.001734,0.002855,1000.000000
21.000000,-179.500000,-179.300000,0.000000,0.010601,0.002521,0.001852,0.002879,1000.000000
21.000000,-179.500000,-179.300000,180.000000,0.010579,0.002477,0.001826,0.002828,1000.000000
21.500000,-179.500000,-179.300000,0.000000,0.010642,0.002506,0.001898,0.002862,1000.000000
21.500000,-179.500000,-179.300000,180.000000,0.010478,0.002556,0.001711,0.002919,1000.000000
22.000000,-179.500000,-179.300000,0.000000,0.010498,0.002491,0.001734,0.002845,1000.000000
22.000000,-179.500000,-179.300000,180.000000,0.010515,0.002510,0.001753,0.002866,1000.000000
22.500000,-179.500000,-179.300000,0.000000,0.010567,0.002505,0.001812,0.002860,1000.000000
22.500000,-179.500000,-179.300000,180.000000,0.010519,0.002471,0.001757,0.002822,1000.000000
23.000000,-179.500000,-179.300000,0.000000,0.010381,0.002405,0.001600,0.002746,1000.000000
23.000000,-179.500000,-179.300000,180.000000,0.010520,0.002563,0.001759,0.002926,1000.000000
23.500000,-179.500000,-179.300000,0.000000,0.010519,0.002466,0.001757,0.002816,1000.000000
23.500000,-179.500000,-179.300000,180.000000,0.010543,0.002462,0.001785,0.002811,1000.000000
24.000000,-179.500000,-179.300000,0.000000,0.010521,0.002489,0.001760,0.002842,1000.000000
24.000000,-179.500000,-179.300000,180.000000,0.010469,0.002543,0.001700,0.002904,1000.000000
24.500000,-179.500000,-179.300000,0.000000,0.010679,0.002487,0.001940,0.002840,1000.000000
24.500000,-179.500000,-179.300000,180.000000,0.010458,0.002486,0.001687,0.002839,1000.000000
25.000000,-179.500000,-179.300000,0.000000,0.010610,0.002609,0.001862,0.002979,1000.000000
25.000000,-179.500000,-179.300000,180.000000,0.010529,0.002422,0.001769,0.002766,1000.000000
25.500000,-179.500000,-179.300000,0.000000,0.010530,0.002585,0.001770,0.002952,1000.000000
25.500000,-179.500000,-179.300000,180.000000,0.010423,0.002529,0.001648,0.002888,1000.000000
26.000000,-179.500000,-179.300000,0.000000,0.010544,0.002476,0.001786,0.002827,1000.000000
26.000000,-179.500000,-179.300000,180.000000,0.010530,0.002482,0.001770,0.002834,1000.000000
26.500000,-179.500000,-179.300000,0.000000,0.010433,0.002571,0.001660,0.002936,1000.000000
26.500000,-179.500000,-179.300000,180.000000,0.010477,0.002552,0.001709,0.002915,1000.000000
27.000000,-179.500000,-179.300000,0.000000,0.010427,0.002511,0.001652,0.002868,1000.000000
27.000000,-179.500000,-179.300000,180.000000,0.010536,0.002514,0.001778,0.002870,1000.000000
27.500000,-179.500000,-179.300000,0.000000,0.010514,0.002561,0.001751,0.002925,1000.000000
27.500000,-179.500000,-179.300000,180.000000,0.010544,0.002477,0.001786,0.002828,1000.000000
28.000000,-179.500000,-179.300000,0.000000,0.010599,0.002504,0.001849,0.002859,1000.000000
28.000000,-179.500000,-179.300000,180.000000,0.010552,0.002505,0.001795,0.002861,1000.000000
28.500000,-179.500000,-179.300000,0.000000,0.010535,0.002583,0.001776,0.002949,1000.000000
28.500000,-179.500000,-179.300000,180.000000,0.010700,0.002494,0.001964,0.002848,1000.000000
29.000000,-179.500000,-179.300000,0.000000,0.010493,0.002520,0.001728,0.002877,1000.000000
29.000000,-179.500000,-179.300000,180.000000,0.010551,0.002483,0.001794,0.002835,1000.000000
29.500000,-179.500000,-179.300000,0.000000,0.010591,0.002521,0.001840,0.002878,1000.000000
29.500000,-179.500000,-179.300000,180.000000,0.010449,0.002503,0.001677,0.002858,1000.000000
30.000000,-179.500000,-179.300000,0.000000,0.010441,0.002472,0.001668,0.002823,1000.000000
30.000000,-179.500000,-179.300000,180.000000,0.010468,0.002491,0.001699,0.002845,1000.000000
30.500000,-179.500000,-179.300000,0.000000,0.010482,0.002482,0.001715,0.002834,1000.000000
30.500000,-179.500000,-179.300000,180.000000,0.010326,0.002509,0.001538,0.002865,1000.000000
31.000000,-179.500000,-179.300000,0.000000,0.010579,0.002498,0.001826,0.002852,1000.000000
31.000000,-179.500000,-179.300000,180.000000,0.010641,0.002487,0.001897,0.002840,1000.000000
31.500000,-179.500000,-179.300000,0.000000,0.010519,0.002481,0.001757,0.002833,1000.000000
31.500000,-179.500000,-179.300000,180.000000,0.010446,0.002458,0.001674,0.002807,1000.000000
32.000000,-179.500000,-179.300000,0.000000,0.010507,0.002517,0.001744,0.002874,1000.000000
32.000000,-179.500000,-179.300000,180.000000,0.010505,0.002507,0.001741,0.002863,1000.000000
32.500000,-179.500000,-179.300000,0.000000,0.010744,0.002535,0.002015,0.002894,1000.000000
32.500000,-179.500000,-179.300000,180.000000,0.010714,0.002505,0.001980,0.002860,1000.000000
33.000000,-179.500000,-179.300000,0.000000,0.010489,0.002505,0.001724,0.002860,1000.000000
33.000000,-179.500000,-179.300000,180.000000,0.010549,0.002453,0.001792,0.002801,1000.000000
33.500000,-179.500000,-179.300000,0.000000,0.010408,0.002578,0.001631,0.002944,1000.000000
33.500000,-179.500000,-179.300000,180.000000,0.010556,0.002460,0.001799,0.002810,1000.000000
34.000000,-179.500000,-179.300000,0.000000,0.010530,0.002478,0.001770,0.002830,1000.000000
34.000000,-179.500000,-179.300000,180.000000,0.010384,0.002482,0.001603,0.002834,1000.000000
34.500000,-179.500000,-179.300000,0.000000,0.010480,0.002450,0.001714,0.002798,1000.000000
34.500000,-179.500000,-179.300000,180.000000,0.010539,0.002444,0.001780,0.002791,1000.000000
35.000000,-179.500000,-179.300000,0.000000,0.010563,0.002547,0.001808,0.002909,1000.000000
35.000000,-179.500000,-179.300000,180.000000,0.010524,0.002461,0.001763,0.002810,1000.000000
35.500000,-179.500000,-179.300000,0.000000,0.010493,0.002526,0.001728,0.002884,1000.000000
35.500000,-179.500000,-179.300000,180.000000,0.010548,0.002510,0.001791,0.002866,1000.000000
36.000000,-179.500000,-179.300000,0.000000,0.010423,0.002422,0.001648,0.002766,1000.000000
36.000000,-179.500000,-179.300000,180.000000,0.010468,0.002465,0.001699,0.002815,1000.000000
36.500000,-179.500000,-179.300000,0.000000,0.010468,0.002439,0.001699,0.002785,1000.000000
36.500000,-179.500000,-179.300000,180.000000,0.010582,0.002393,0.001830,0.002733,1000.000000
37.000000,-179.500000,-179.300000,0.000000,0.010477,0.002591,0.001709,0.002959,1000.000000
37.000000,-179.500000,-179.300000,180.000000,0.010422,0.002471,0.001647,0.002821,1000.000000
37.500000,-179.500000,-179.300000,0.000000,0.010377,0.002599,0.001596,0.002968,1000.000000
37.500000,-179.500000,-179.300000,180.000000,0.010599,0.002580,0.001849,0.002946,1000.000000
38.000000,-179.500000,-179.300000,0.000000,0.010207,0.002428,0.001401,0.002773,1000.000000
38.000000,-179.500000,-179.300000,180.000000,0.010803,0.002485,0.002082,0.002838,1000.000000
38.500000,-179.500000,-179.300000,0.000000,0.010716,0.002552,0.001983,0.002914,1000.000000
38.500000,-179.500000,-179.300000,180.000000,0.010682,0.002447,0.001943,0.002794,1000.000000
39.000000,-179.500000,-179.300000,0.000000,0.010966,0.002505,0.002268,0.002860,1000.000000
39.000000,-179.500000,-179.300000,180.000000,0.010426,0.002518,0.001651,0.002875,1000.000000
39.500000,-179.500000,-179.300000,0.000000,0.010497,0.002493,0.001732,0.002847,1000.000000
39.500000,-179.500000,-179.300000,180.000000,0.010461,0.002541,0.001692,0.002901,1000.000000
40.000000,-179.500000,-179.300000,0.000000,0.010782,0.002481,0.002058,0.002833,1000.000000
40.000000,-179.500000,-179.300000,180.000000,0.010308,0.002457,0.001517,0.002805,1000.000000
40.500000,-179.500000,-179.300000,0.000000,0.010440,0.002497,0.001667,0.002851,1000.000000
40.500000,-179.500000,-179.300000,180.000000,0.010773,0.002512,0.002048,0.002869,1000.000000
41.000000,-179.500000,-179.300000,0.000000,0.010446,0.002360,0.001674,0.002695,1000.000000
41.000000,-179.500000,-179.300000,180.000000,0.010382,0.002478,0.001602,0.002830,1000.000000
41.500000,-179.500000,-179.300000,0.000000,0.010342,0.002489,0.001555,0.002842,1000.000000
41.500000,-179.500000,-179.300000,180.000000,0.010226,0.002524,0.001423,0.002882,1000.000000
42.000000,-179.500000,-179.300000,0.000000,0.010468,0.002487,0.001699,0.002840,1000.000000
42.000000,-179.500000,-179.300000,180.000000,0.010437,0.002347,0.001664,0.002680,1000.000000
42.500000,-179.500000,-179.300000,0.000000,0.010581,0.002522,0.001828,0.002879,1000.000000
42.500000,-179.500000,-179.300000,180.000000,0.010538,0.002532,0.001779,0.002891,1000.000000
43.000000,-179.500000,-179.300000,0.000000,0.010373,0.002589,0.001591,0.002957,1000.000000
43.000000,-179.500000,-179.300000,180.000000,0.010693,0.002462,0.001956,0.002811,1000.000000
43.500000,-179.500000,-179.300000,0.000000,0.010408,0.002473,0.001631,0.002824,1000.000000
43.500000,-179.500000,-179.300000,180.000000,0.010424,0.002563,0.001650,0.002927,1000.000000
44.000000,-179.500000,-179.300000,0.000000,0.010366,0.002478,0.001583,0.002830,1000.000000
44.000000,-179.500000,-179.300000,180.000000,0.010446,0.002454,0.001674,0.002802,1000.000000
44.500000,-179.500000,-179.300000,0.000000,0.010488,0.002562,0.001722,0.002926,1000.000000
44.500000,-179.500000,-179.300000,180.000000,0.011015,0.002458,0.002324,0.002807,1000.000000
45.000000,-179.500000,-179.300000,0.000000,0.010655,0.002581,0.001913,0.002947,1000.000000
45.000000,-179.500000,-179.300000,180.000000,0.010664,0.002645,0.001923,0.003021,1000.000000
45.500000,-179.500000,-179.300000,0.000000,0.010466,0.002588,0.001698,0.002956,1000.000000
45.500000,-179.500000,-179.300000,180.000000,0.010506,0.002445,0.001743,0.002792,1000.000000
46.000000,-179.500000,-179.300000,0.000000,0.010321,0.002609,0.001532,0.002979,1000.000000
46.000000,-179.500000,-179.300000,180.000000,0.010622,0.002566,0.001875,0.002930,1000.000000
46.500000,-179.500000,-179.300000,0.000000,0.010366,0.002423,0.001583,0.002766,1000.000000
46.500000,-179.500000,-179.300000,180.000000,0.010496,0.002530,0.001731,0.002889,1000.000000
47.000000,-179.500000,-179.300000,0.000000,0.010218,0.002409,0.001414,0.002751,1000.000000
47.000000,-179.500000,-179.300000,180.000000,0.010282,0.002575,0.001487,0.002941,1000.000000
47.500000,-179.500000,-179.300000,0.000000,0.010493,0.002553,0.001728,0.002915,1000.000000
47.500000,-179.500000,-179.300000,180.000000,0.010545,0.002454,0.001788,0.002802,1000.000000
48.000000,-179.500000,-179.300000,0.000000,0.010581,0.002460,0.001828,0.002809,1000.000000
48.000000,-179.500000,-179.300000,180.000000,0.010534,0.002516,0.001775,0.002873,1000.000000
48.500000,-179.500000,-179.300000,0.000000,0.010753,0.002485,0.002025,0.002837,1000.000000
48.500000,-179.500000,-179.300000,180.000000,0.010803,0.002400,0.002082,0.002740,1000.000000
49.000000,-179.500000,-179.300000,0.000000,0.010320,0.002470,0.001530,0.002821,1000.000000
49.000000,-179.500000,-179.300000,180.000000,0.010399,0.002463,0.001620,0.002813,1000.000000
49.500000,-179.500000,-179.300000,0.000000,0.010992,0.002520,0.002298,0.002877,1000.000000
49.500000,-179.500000,-179.300000,180.000000,0.010395,0.002533,0.001616,0.002892,1000.000000
50.000000,-179.500000,-179.300000,0.000000,0.010633,0.002528,0.001888,0.002886,1000.000000
50.000000,-179.500000,-179.300000,180.000000,0.010610,0.002469,0.001862,0.002819,1000.000000
50.500000,-179.500000,-179.300000,0.000000,0.010459,0.002483,0.001689,0.002836,1000.000000
50.500000,-179.500000,-179.300000,180.000000,0.010600,0.002401,0.001850,0.002742,1000.000000
51.000000,-179.500000,-179.300000,0.000000,0.010446,0.002444,0.001674,0.002790,1000.000000
51.000000,-179.500000,-179.300000,180.000000,0.010403,0.002462,0.001625,0.002811,1000.000000
51.500000,-179.500000,-179.300000,0.000000,0.010256,0.002434,0.001458,0.002779,1000.000000
51.500000,-179.500000,-179.300000,180.000000,0.010165,0.002497,0.001353,0.002851,1000.000000
52.000000,-179.500000,-179.300000,0.000000,0.010883,0.002532,0.002173,0.002891,1000.000000
52.000000,-179.500000,-179.300000,180.000000,0.010725,0.002514,0.001993,0.002871,1000.000000
52.500000,-179.500000,-179.300000,0.000000,0.010464,0.002510,0.001695,0.002866,1000.000000
52.500000,-179.500000,-179.300000,180.000000,0.010367,0.002445,0.001584,0.002792,1000.000000
53.000000,-179.500000,-179.300000,0.000000,0.010506,0.002439,0.001743,0.002785,1000.000000
53.000000,-179.500000,-179.300000,180.000000,0.010435,0.002383,0.001661,0.002722,1000.000000
53.500000,-179.500000,-179.300000,0.000000,0.010517,0.002495,0.001756,0.002849,1000.000000
53.500000,-179.500000,-179.300000,180.000000,0.010520,0.002500,0.001759,0.002854,1000.000000
54.000000,-179.500000,-179.300000,0.000000,0.010214,0.002563,0.001410,0.002927,1000.000000
54.000000,-179.500000,-179.300000,180.000000,0.010665,0.002626,0.001924,0.002999,1000.000000
54.500000,-179.500000,-179.300000,0.000000,0.010351,0.002444,0.001565,0.002791,1000.000000
54.500000,-179.500000,-179.300000,180.000000,0.010475,0.002466,0.001708,0.002816,1000.000000
55.000000,-179.500000,-179.300000,0.000000,0.010339,0.002468,0.001552,0.002818,1000.000000
55.000000,-179.500000,-179.300000,180.000000,0.010321,0.002628,0.001532,0.003000,1000.000000
0.000000,-180.000000,-179.300000,0.000000,0.010168,0.002440,0.001357,0.002786,1000.000000
0.000000,-180.000000,-179.300000,180.000000,0.010399,0.002436,0.001620,0.002782,1000.000000
0.500000,-180.000000,-179.300000,0.000000,0.010403,0.002524,0.001625,0.002882,1000.000000
0.500000,-180.000000,-179.300000,180.000000,0.010697,0.002617,0.001961,0.002988,1000.000000
1.000000,-180.000000,-179.300000,0.000000,0.010677,0.002410,0.001938,0.002753,1000.000000
1.000000,-180.000000,-179.300000,180.000000,0.010593,0.002555,0.001842,0.002918,1000.000000
1.500000,-180.000000,-179.300000,0.000000,0.010570,0.002465,0.001815,0.002815,1000.000000
1.500000,-180.000000,-179.300000,180.000000,0.010123,0.002523,0.001305,0.002881,1000.000000
2.000000,-180.000000,-179.300000,0.000000,0.010711,0.002550,0.001977,0.002912,1000.000000
2.000000,-180.000000,-179.300000,180.000000,0.010460,0.002492,0.001690,0.002845,1000.000000
2.500000,-180.000000,-179.300000,0.000000,0.010600,0.002593,0.001850,0.002961,1000.000000
2.500000,-180.000000,-179.300000,180.000000,0.010610,0.002515,0.001862,0.002872,1000.000000
3.000000,-180.000000,-179.300000,0.000000,0.010633,0.002486,0.001888,0.002838,1000.000000
3.000000,-180.000000,-179.300000,180.000000,0.010576,0.002604,0.001823,0.002973,1000.000000
3.500000,-180.000000,-179.300000,0.000000,0.010376,0.002609,0.001594,0.002979,1000.000000
3.500000,-180.000000,-179.300000,180.000000,0.010442,0.002490,0.001670,0.002843,1000.000000
4.000000,-180.000000,-179.300000,0.000000,0.010562,0.002374,0.001807,0.002710,1000.000000
4.000000,-180.000000,-179.300000,180.000000,0.010316,0.002527,0.001526,0.002886,1000.000000
4.500000,-180.000000,-179.300000,0.000000,0.010426,0.002616,0.001651,0.002987,1000.000000
4.500000,-180.000000,-179.300000,180.000000,0.010365,0.002496,0.001581,0.002850,1000.000000
5.000000,-180.000000,-179.300000,0.000000,0.010372,0.002492,0.001590,0.002845,1000.000000
5.000000,-180.000000,-179.300000,180.000000,0.010407,0.002482,0.001629,0.002834,1000.000000
5.500000,-180.000000,-179.300000,0.000000,0.010739,0.002526,0.002009,0.002884,1000.000000
5.500000,-180.000000,-179.300000,180.000000,0.010371,0.002421,0.001588,0.002765,1000.000000
6.000000,-180.000000,-179.300000,0.000000,0.010608,0.002493,0.001859,0.002847,1000.000000
6.000000,-180.000000,-179.300000,180.000000,0.010781,0.002443,0.002057,0.002789,1000.000000
6.500000,-180.000000,-179.300000,0.000000,0.010444,0.002519,0.001671,0.002877,1000.000000
6.500000,-180.000000,-179.300000,180.000000,0.010154,0.002445,0.001341,0.002792,1000.000000
7.000000,-180.000000,-179.300000,0.000000,0.010438,0.002594,0.001666,0.002962,1000.000000
7.000000,-180.000000,-179.300000,180.000000,0.010419,0.002537,0.001644,0.002897,1000.000000
7.500000,-180.000000,-179.300000,0.000000,0.010761,0.002389,0.002034,0.002728,1000.000000
7.500000,-180.000000,-179.300000,180.000000,0.010554,0.002486,0.001798,0.002839,1000.000000
8.000000,-180.000000,-179.300000,0.000000,0.010771,0.002543,0.002045,0.002904,1000.000000
8.000000,-180.000000,-179.300000,180.000000,0.010524,0.002516,0.001763,0.002873,1000.000000
8.500000,-180.000000,-179.300000,0.000000,0.010650,0.002509,0.001907,0.002865,1000.000000
8.500000,-180.000000,-179.300000,180.000000,0.010307,0.002539,0.001516,0.002899,1000.000000
9.000000,-180.000000,-179.300000,0.000000,0.010441,0.002438,0.001668,0.002784,1000.000000
9.000000,-180.000000,-179.300000,180.000000,0.010472,0.002520,0.001703,0.002877,1000.000000
9.500000,-180.000000,-179.300000,0.000000,0.010503,0.002500,0.001740,0.002855,1000.000000
9.500000,-180.000000,-179.300000,180.000000,0.010587,0.002530,0.001836,0.002889,1000.000000
10.000000,-180.000000,-179.300000,0.000000,0.009995,0.002617,0.001159,0.002988,1000.000000
10.000000,-180.000000,-179.300000,180.000000,0.010455,0.002500,0.001684,0.002855,1000.000000
10.500000,-180.000000,-179.300000,0.000000,0.009966,0.002533,0.001126,0.002892,1000.000000
10.500000,-180.000000,-179.300000,180.000000,0.010629,0.002454,0.001884,0.002802,1000.000000
11.000000,-180.000000,-179.300000,0.000000,0.010171,0.002543,0.001360,0.002904,1000.000000
11.000000,-180.000000,-179.300000,180.000000,0.010409,0.002450,0.001632,0.002798,1000.000000
11.500000,-180.000000,-179.300000,0.000000,0.010649,0.002472,0.001906,0.002822,1000.000000
11.500000,-180.000000,-179.300000,180.000000,0.010179,0.002664,0.001369,0.003042,1000.000000
12.000000,-180.000000,-179.300000,0.000000,0.010654,0.002603,0.001911,0.002973,1000.000000
12.000000,-180.000000,-179.300000,180.000000,0.010565,0.002562,0.001810,0.002926,1000.000000
12.500000,-180.000000,-179.300000,0.000000,0.009860,0.002488,0.001005,0.002842,1000.000000
12.500000,-180.000000,-179.300000,180.000000,0.010352,0.002406,0.001567,0.002748,1000.000000
13.000000,-180.000000,-179.300000,0.000000,0.010389,0.002509,0.001609,0.002865,1000.000000
13.000000,-180.000000,-179.300000,180.000000,0.010145,0.002454,0.001331,0.002802,1000.000000
13.500000,-180.000000,-179.300000,0.000000,0.010249,0.002569,0.001449,0.002934,1000.000000
13.500000,-180.000000,-179.300000,180.000000,0.010719,0.002424,0.001986,0.002768,1000.000000
14.000000,-180.000000,-179.300000,0.000000,0.010362,0.002434,0.001578,0.002779,1000.000000
14.000000,-180.000000,-179.300000,180.000000,0.010468,0.002460,0.001699,0.002809,1000.000000
14.500000,-180.000000,-179.300000,0.000000,0.010468,0.002413,0.001699,0.002755,1000.000000
14.500000,-180.000000,-179.300000,180.000000,0.010408,0.002514,0.001631,0.002871,1000.000000
15.000000,-180.000000,-179.300000,0.000000,0.010391,0.002542,0.001612,0.002903,1000.000000
15.000000,-180.000000,-179.300000,180.000000,0.010556,0.002504,0.001799,0.002859,1000.000000
15.500000,-180.000000,-179.300000,0.000000,0.010321,0.002453,0.001532,0.002801,1000.000000
15.500000,-180.000000,-179.300000,180.000000,0.010404,0.002482,0.001626,0.002834,1000.000000
16.000000,-180.000000,-179.300000,0.000000,0.010570,0.002524,0.001815,0.002882,1000.000000
16.000000,-180.000000,-179.300000,180.000000,0.010181,0.002640,0.001372,0.003014,1000.000000
16.500000,-180.000000,-179.300000,0.000000,0.010871,0.002535,0.002160,0.002895,1000.000000
16.500000,-180.000000,-179.300000,180.000000,0.010642,0.002606,0.001898,0.002976,1000.000000
17.000000,-180.000000,-179.300000,0.000000,0.010534,0.002490,0.001775,0.002843,1000.000000
17.000000,-180.000000,-179.300000,180.000000,0.010593,0.002414,0.001842,0.002757,1000.000000
17.500000,-180.000000,-179.300000,0.000000,0.010531,0.002428,0.001772,0.002773,1000.000000
17.500000,-180.000000,-179.300000,180.000000,0.010529,0.002523,0.001769,0.002881,1000.000000
18.000000,-180.000000,-179.300000,0.000000,0.010507,0.002597,0.001744,0.002965,1000.000000
18.000000,-180.000000,-179.300000,180.000000,0.010566,0.002483,0.001811,0.002835,1000.000000
18.500000,-180.000000,-179.300000,0.000000,0.010833,0.002505,0.002116,0.002860,1000.000000
18.500000,-180.000000,-179.300000,180.000000,0.010552,0.002441,0.001795,0.002788,1000.000000
19.000000,-180.000000,-179.300000,0.000000,0.010507,0.002541,0.001744,0.002902,1000.000000
19.000000,-180.000000,-179.300000,180.000000,0.010470,0.002492,0.001702,0.002845,1000.000000
19.500000,-180.000000,-179.300000,0.000000,0.010189,0.002414,0.001380,0.002756,1000.000000
19.500000,-180.000000,-179.300000,180.000000,0.010436,0.002435,0.001663,0.002781,1000.000000
20.000000,-180.000000,-179.300000,0.000000,0.010273,0.002543,0.001476,0.002904,1000.000000
20.000000,-180.000000,-179.300000,180.000000,0.010652,0.002425,0.001910,0.002769,1000.000000
20.500000,-180.000000,-179.300000,0.000000,0.010093,0.002477,0.001271,0.002829,1000.000000
20.500000,-180.000000,-179.300000,180.000000,0.010512,0.002459,0.001750,0.002807,1000.000000
21.000000,-180.000000,-179.300000,0.000000,0.010447,0.002542,0.001676,0.002903,1000.000000
21.000000,-180.000000,-179.300000,180.000000,0.010362,0.002426,0.001578,0.002770,1000.000000
21.500000,-180.000000,-179.300000,0.000000,0.010440,0.002529,0.001667,0.002888,1000.000000
21.500000,-180.000000,-179.300000,180.000000,0.010544,0.002528,0.001786,0.002887,1000.000000
22.000000,-180.000000,-179.300000,0.000000,0.010724,0.002389,0.001991,0.002728,1000.000000
22.000000,-180.000000,-179.300000,180.000000,0.010455,0.002493,0.001684,0.002847,1000.000000
22.500000,-180.000000,-179.300000,0.000000,0.010466,0.002470,0.001698,0.002821,1000.000000
22.500000,-180.000000,-179.300000,180.000000,0.010175,0.002471,0.001364,0.002821,1000.000000
23.000000,-180.000000,-179.300000,0.000000,0.010157,0.002479,0.001344,0.002830,1000.000000
23.000000,-180.000000,-179.300000,180.000000,0.010356,0.002456,0.001571,0.002804,1000.000000
23.500000,-180.000000,-179.300000,0.000000,0.010385,0.002664,0.001604,0.003042,1000.000000
23.500000,-180.000000,-179.300000,180.000000,0.010049,0.002520,0.001220,0.002877,1000.000000
24.000000,-180.000000,-179.300000,0.000000,0.010511,0.002549,0.001748,0.002910,1000.000000
24.000000,-180.000000,-179.300000,180.000000,0.010565,0.002498,0.001810,0.002852,1000.000000
24.500000,-180.000000,-179.300000,0.000000,0.010379,0.002468,0.001597,0.002819,1000.000000
24.500000,-180.000000,-179.300000,180.000000,0.010381,0.002511,0.001600,0.002867,1000.000000
25.000000,-180.000000,-179.300000,0.000000,0.010624,0.002412,0.001878,0.002754,1000.000000
25.000000,-180.000000,-179.300000,180.000000,0.010362,0.002416,0.001578,0.002759,1000.000000
25.500000,-180.000000,-179.300000,0.000000,0.010785,0.002560,0.002061,0.002923,1000.000000
25.500000,-180.000000,-179.300000,180.000000,0.010370,0.002463,0.001587,0.002812,1000.000000
26.000000,-180.000000,-179.300000,0.000000,0.010386,0.002505,0.001606,0.002860,1000.000000
26.000000,-180.000000,-179.300000,180.000000,0.010342,0.002434,0.001555,0.002779,1000.000000
26.500000,-180.000000,-179.300000,0.000000,0.010333,0.002616,0.001545,0.002987,1000.000000
26.500000,-180.000000,-179.300000,180.000000,0.010112,0.002590,0.001293,0.002958,1000.000000
27.000000,-180.000000,-179.300000,0.000000,0.010710,0.002472,0.001975,0.002822,1000.000000
27.000000,-180.000000,-179.300000,180.000000,0.010184,0.002447,0.001375,0.002794,1000.000000
27.500000,-180.000000,-179.300000,0.000000,0.010264,0.002441,0.001466,0.002787,1000.000000
27.500000,-180.000000,-179.300000,180.000000,0.010827,0.002549,0.002109,0.002911,1000.000000
28.000000,-180.000000,-179.300000,0.000000,0.010241,0.002440,0.001440,0.002786,1000.000000
28.000000,-180.000000,-179.300000,180.000000,0.010670,0.002481,0.001930,0.002833,1000.000000
28.500000,-180.000000,-179.300000,0.000000,0.010710,0.002431,0.001975,0.002776,1000.000000
28.500000,-180.000000,-179.300000,180.000000,0.010534,0.002518,0.001775,0.002876,1000.000000
29.000000,-180.000000,-179.300000,0.000000,0.010474,0.002417,0.001706,0.002760,1000.000000
29.000000,-180.000000,-179.300000,180.000000,0.010629,0.002523,0.001884,0.002881,1000.000000
29.500000,-180.000000,-179.300000,0.000000,0.009911,0.002531,0.001063,0.002890,1000.000000
29.500000,-180.000000,-179.300000,180.000000,0.010502,0.002444,0.001738,0.002791,1000.000000
30.000000,-180.000000,-179.300000,0.000000,0.010095,0.002687,0.001273,0.003069,1000.000000
30.000000,-180.000000,-179.300000,180.000000,0.010391,0.002512,0.001612,0.002868,1000.000000
30.500000,-180.000000,-179.300000,0.000000,0.010492,0.002478,0.001727,0.002830,1000.000000
30.500000,-180.000000,-179.300000,180.000000,0.010172,0.002552,0.001362,0.002915,1000.000000
31.000000,-180.000000,-179.300000,0.000000,0.010489,0.002597,0.001724,0.002965,1000.000000
31.000000,-180.000000,-179.300000,180.000000,0.010219,0.002520,0.001415,0.002878,1000.000000
31.500000,-180.000000,-179.300000,0.000000,0.010110,0.002420,0.001290,0.002763,1000.000000
31.500000,-180.000000,-179.300000,180.000000,0.010282,0.002415,0.001487,0.002757,1000.000000
32.000000,-180.000000,-179.300000,0.000000,0.009730,0.002463,0.000857,0.002813,1000.000000
32.000000,-180.000000,-179.300000,180.000000,0.010497,0.002357,0.001732,0.002691,1000.000000
32.500000,-180.000000,-179.300000,0.000000,0.010395,0.002487,0.001616,0.002840,1000.000000
32.500000,-180.000000,-179.300000,180.000000,0.010440,0.002611,0.001667,0.002982,1000.000000
33.000000,-180.000000,-179.300000,0.000000,0.010414,0.002553,0.001638,0.002915,1000.000000
33.000000,-180.000000,-179.300000,180.000000,0.010441,0.002464,0.001668,0.002814,1000.000000
33.500000,-180.000000,-179.300000,0.000000,0.010418,0.002421,0.001642,0.002765,1000.000000
33.500000,-180.000000,-179.300000,180.000000,0.010482,0.002493,0.001715,0.002847,1000.000000
34.000000,-180.000000,-179.300000,0.000000,0.010384,0.002433,0.001603,0.002778,1000.000000
34.000000,-180.000000,-179.300000,180.000000,0.010237,0.002544,0.001436,0.002905,1000.000000
34.500000,-180.000000,-179.300000,0.000000,0.010368,0.002510,0.001586,0.002866,1000.000000
34.500000,-180.000000,-179.300000,180.000000,0.010554,0.002524,0.001798,0.002882,1000.000000
35.000000,-180.000000,-179.300000,0.000000,0.010153,0.002435,0.001340,0.002780,1000.000000
35.000000,-180.000000,-179.300000,180.000000,0.010631,0.002452,0.001885,0.002799,1000.000000
35.500000,-180.000000,-179.300000,0.000000,0.010272,0.002545,0.001475,0.002906,1000.000000
35.500000,-180.000000,-179.300000,180.000000,0.010370,0.002508,0.001587,0.002864,1000.000000
36.000000,-180.000000,-179.300000,0.000000,0.010321,0.002390,0.001532,0.002729,1000.000000
36.000000,-180.000000,-179.300000,180.000000,0.010280,0.002509,0.001485,0.002865,1000.000000
36.500000,-180.000000,-179.300000,0.000000,0.010314,0.002469,0.001523,0.002819,1000.000000
36.500000,-180.000000,-179.300000,180.000000,0.010442,0.002493,0.001670,0.002846,1000.000000
37.000000,-180.000000,-179.300000,0.000000,0.010534,0.002412,0.001775,0.002754,1000.000000
37.000000,-180.000000,-179.300000,180.000000,0.010353,0.002575,0.001568,0.002941,1000.000000
37.500000,-180.000000,-179.300000,0.000000,0.010536,0.002541,0.001778,0.002901,1000.000000
37.500000,-180.000000,-179.300000,180.000000,0.010166,0.002538,0.001354,0.002898,1000.000000
38.000000,-180.000000,-179.300000,0.000000,0.010303,0.002458,0.001511,0.002807,1000.000000
38.000000,-180.000000,-179.300000,180.000000,0.010461,0.002414,0.001692,0.002757,1000.000000
38.500000,-180.000000,-179.300000,0.000000,0.010422,0.002555,0.001647,0.002917,1000.000000
38.500000,-180.000000,-179.300000,180.000000,0.010353,0.002400,0.001568,0.002741,1000.000000
39.000000,-180.000000,-179.300000,0.000000,0.010500,0.002531,0.001735,0.002891,1000.000000
39.000000,-180.000000,-179.300000,180.000000,0.010567,0.002536,0.001812,0.002895,1000.000000
39.500000,-180.000000,-179.300000,0.000000,0.010348,0.002444,0.001562,0.002790,1000.000000
39.500000,-180.000000,-179.300000,180.000000,0.010463,0.002596,0.001693,0.002964,1000.000000
40.000000,-180.000000,-179.300000,0.000000,0.010419,0.002687,0.001644,0.003068,1000.000000
40.000000,-180.000000,-179.300000,180.000000,0.010470,0.002561,0.001702,0.002924,1000.000000
40.500000,-180.000000,-179.300000,0.000000,0.010649,0.002548,0.001906,0.002910,1000.000000
40.500000,-180.000000,-179.300000,180.000000,0.010506,0.002582,0.001743,0.002948,1000.000000
41.000000,-180.000000,-179.300000,0.000000,0.010488,0.002495,0.001722,0.002849,1000.000000
41.000000,-180.000000,-179.300000,180.000000,0.010472,0.002542,0.001703,0.002902,1000.000000
41.500000,-180.000000,-179.300000,0.000000,0.010493,0.002484,0.001728,0.002837,1000.000000
41.500000,-180.000000,-179.300000,180.000000,0.010570,0.002541,0.001815,0.002902,1000.000000
42.000000,-180.000000,-179.300000,0.000000,0.010711,0.002476,0.001977,0.002827,1000.000000
42.000000,-180.000000,-179.300000,180.000000,0.010832,0.002436,0.002115,0.002782,1000.000000
42.500000,-180.000000,-179.300000,0.000000,0.010451,0.002520,0.001680,0.002878,1000.000000
42.500000,-180.000000,-179.300000,180.000000,0.010502,0.002524,0.001738,0.002882,1000.000000
43.000000,-180.000000,-179.300000,0.000000,0.010342,0.002498,0.001555,0.002853,1000.000000
43.000000,-180.000000,-179.300000,180.000000,0.010292,0.002484,0.001498,0.002836,1000.000000
43.500000,-180.000000,-179.300000,0.000000,0.010384,0.002592,0.001603,0.002960,1000.000000
43.500000,-180.000000,-179.300000,180.000000,0.010274,0.002544,0.001478,0.002904,1000.000000
44.000000,-180.000000,-179.300000,0.000000,0.010260,0.002466,0.001462,0.002816,1000.000000
44.000000,-180.000000,-179.300000,180.000000,0.010237,0.002536,0.001436,0.002895,1000.000000
44.500000,-180.000000,-179.300000,0.000000,0.010522,0.002404,0.001762,0.002745,1000.000000
44.500000,-180.000000,-179.300000,180.000000,0.010530,0.002489,0.001770,0.002842,1000.000000
45.000000,-180.000000,-179.300000,0.000000,0.010596,0.002609,0.001846,0.002979,1000.000000
45.000000,-180.000000,-179.300000,180.000000,0.010452,0.002509,0.001682,0.002864,1000.000000
45.500000,-180.000000,-179.300000,0.000000,0.010456,0.002517,0.001686,0.002874,1000.000000
45.500000,-180.000000,-179.300000,180.000000,0.010275,0.002524,0.001479,0.002882,1000.000000
46.000000,-180.000000,-179.300000,0.000000,0.010542,0.002509,0.001783,0.002864,1000.000000
46.000000,-180.000000,-179.300000,180.000000,0.010461,0.002411,0.001692,0.002753,1000.000000
46.500000,-180.000000,-179.300000,0.000000,0.010314,0.002598,0.001523,0.002966,1000.000000
46.500000,-180.000000,-179.300000,180.000000,0.010635,0.002515,0.001890,0.002872,1000.000000
47.000000,-180.000000,-179.300000,0.000000,0.010508,0.002436,0.001746,0.002782,1000.000000
47.000000,-180.000000,-179.300000,180.000000,0.010491,0.002498,0.001725,0.002852,1000.000000
47.500000,-180.000000,-179.300000,0.000000,0.010456,0.002524,0.001686,0.002882,1000.000000
47.500000,-180.000000,-179.300000,180.000000,0.010395,0.002447,0.001616,0.002794,1000.000000
48.000000,-180.000000,-179.300000,0.000000,0.010430,0.002544,0.001655,0.002905,1000.000000
48.000000,-180.000000,-179.300000,180.000000,0.010387,0.002475,0.001607,0.002827,1000.000000
48.500000,-180.000000,-179.300000,0.000000,0.010581,0.002542,0.001828,0.002902,1000.000000
48.500000,-180.000000,-179.300000,180.000000,0.010296,0.002436,0.001503,0.002781,1000.000000
49.000000,-180.000000,-179.300000,0.000000,0.010193,0.002462,0.001385,0.002812,1000.000000
49.000000,-180.000000,-179.300000,180.000000,0.010423,0.002553,0.001648,0.002916,1000.000000
49.500000,-180.000000,-179.300000,0.000000,0.010168,0.002509,0.001357,0.002865,1000.000000
49.500000,-180.000000,-179.300000,180.000000,0.010259,0.002444,0.001460,0.002791,1000.000000
50.000000,-180.000000,-179.300000,0.000000,0.010339,0.002423,0.001552,0.002767,1000.000000
50.000000,-180.000000,-179.300000,180.000000,0.010433,0.002497,0.001660,0.002851,1000.000000
50.500000,-180.000000,-179.300000,0.000000,0.010477,0.002449,0.001709,0.002797,1000.000000
50.500000,-180.000000,-179.300000,180.000000,0.010410,0.002455,0.001634,0.002803,1000.000000
51.000000,-180.000000,-179.300000,0.000000,0.010582,0.002466,0.001830,0.002815,1000.000000
51.000000,-180.000000,-179.300000,180.000000,0.010275,0.002534,0.001479,0.002894,1000.000000
51.500000,-180.000000,-179.300000,0.000000,0.010269,0.002423,0.001472,0.002767,1000.000000
51.500000,-180.000000,-179.300000,180.000000,0.010529,0.002470,0.001769,0.002820,1000.000000
52.000000,-180.000000,-179.300000,0.000000,0.010594,0.002540,0.001843,0.002900,1000.000000
52.000000,-180.000000,-179.300000,180.000000,0.010382,0.002459,0.001602,0.002808,1000.000000
52.500000,-180.000000,-179.300000,0.000000,0.010320,0.002546,0.001530,0.002907,1000.000000
52.500000,-180.000000,-179.300000,180.000000,0.010506,0.002493,0.001743,0.002846,1000.000000
53.000000,-180.000000,-179.300000,0.000000,0.010557,0.002473,0.001801,0.002824,1000.000000
53.000000,-180.000000,-179.300000,180.000000,0.010446,0.002470,0.001674,0.002820,1000.000000
53.500000,-180.000000,-179.300000,0.000000,0.010478,0.002564,0.001711,0.002928,1000.000000
53.500000,-180.000000,-179.300000,180.000000,0.010510,0.002407,0.001747,0.002749,1000.000000
54.000000,-180.000000,-179.300000,0.000000,0.010559,0.002431,0.001804,0.002775,1000.000000
54.000000,-180.000000,-179.300000,180.000000,0.010469,0.002477,0.001700,0.002828,1000.000000
54.500000,-180.000000,-179.300000,0.000000,0.010375,0.002343,0.001593,0.002676,1000.000000
54.500000,-180.000000,-179.300000,180.000000,0.010129,0.002610,0.001312,0.002981,1000.000000
55.000000,-180.000000,-179.300000,0.000000,0.010477,0.002563,0.001709,0.002926,1000.000000
55.000000,-180.000000,-179.300000,180.000000,0.010273,0.002500,0.001476,0.002854,1000.000000
0.000000,-180.500000,-179.300000,0.000000,0.010339,0.002428,0.001552,0.002772,1000.000000
0.000000,-180.500000,-179.300000,180.000000,0.010400,0.002505,0.001622,0.002860,1000.000000
0.500000,-180.500000,-179.300000,0.000000,0.010663,0.002512,0.001922,0.002868,1000.000000
0.500000,-180.500000,-179.300000,180.000000,0.011059,0.002551,0.002374,0.002914,1000.000000
1.000000,-180.500000,-179.300000,0.000000,0.010480,0.002557,0.001714,0.002920,1000.000000
1.000000,-180.500000,-179.300000,180.000000,0.010451,0.002428,0.001680,0.002772,1000.000000
1.500000,-180.500000,-179.300000,0.000000,0.010582,0.002498,0.001830,0.002852,1000.000000
1.500000,-180.500000,-179.300000,180.000000,0.010437,0.002538,0.001664,0.002898,1000.000000
2.000000,-180.500000,-179.300000,0.000000,0.010632,0.002417,0.001887,0.002760,1000.000000
2.000000,-180.500000,-179.300000,180.000000,0.010041,0.002383,0.001212,0.002721,1000.000000
2.500000,-180.500000,-179.300000,0.000000,0.010636,0.002498,0.001891,0.002852,1000.000000
2.500000,-180.500000,-179.300000,180.000000,0.010013,0.002530,0.001180,0.002889,1000.000000
3.000000,-180.500000,-179.300000,0.000000,0.010472,0.002523,0.001703,0.002881,1000.000000
3.000000,-180.500000,-179.300000,180.000000,0.010638,0.002573,0.001894,0.002938,1000.000000
3.500000,-180.500000,-179.300000,0.000000,0.010515,0.002497,0.001753,0.002851,1000.000000
3.500000,-180.500000,-179.300000,180.000000,0.010505,0.002450,0.001741,0.002798,1000.000000
4.000000,-180.500000,-179.300000,0.000000,0.010334,0.002421,0.001546,0.002765,1000.000000
4.000000,-180.500000,-179.300000,180.000000,0.010242,0.002625,0.001442,0.002997,1000.000000
4.500000,-180.500000,-179.300000,0.000000,0.010604,0.002527,0.001855,0.002885,1000.000000
4.500000,-180.500000,-179.300000,180.000000,0.010762,0.002511,0.002035,0.002867,1000.000000
5.000000,-180.500000,-179.300000,0.000000,0.010626,0.002588,0.001879,0.002955,1000.000000
5.000000,-180.500000,-179.300000,180.000000,0.010603,0.002516,0.001853,0.002873,1000.000000
5.500000,-180.500000,-179.300000,0.000000,0.010879,0.002479,0.002169,0.002830,1000.000000
5.500000,-180.500000,-179.300000,180.000000,0.010540,0.002461,0.001782,0.002810,1000.000000
6.000000,-180.500000,-179.300000,0.000000,0.010790,0.002467,0.002067,0.002817,1000.000000
6.000000,-180.500000,-179.300000,180.000000,0.010316,0.002626,0.001526,0.002999,1000.000000
6.500000,-180.500000,-179.300000,0.000000,0.010398,0.002382,0.001619,0.002720,1000.000000
6.500000,-180.500000,-179.300000,180.000000,0.010617,0.002498,0.001869,0.002852,1000.000000
7.000000,-180.500000,-179.300000,0.000000,0.010384,0.002464,0.001603,0.002814,1000.000000
7.000000,-180.500000,-179.300000,180.000000,0.010368,0.002444,0.001586,0.002791,1000.000000
7.500000,-180.500000,-179.300000,0.000000,0.010451,0.002545,0.001680,0.002906,1000.000000
7.500000,-180.500000,-179.300000,180.000000,0.010296,0.002491,0.001503,0.002845,1000.000000
8.000000,-180.500000,-179.300000,0.000000,0.010694,0.002510,0.001958,0.002866,1000.000000
8.000000,-180.500000,-179.300000,180.000000,0.010382,0.002481,0.001602,0.002833,1000.000000
8.500000,-180.500000,-179.300000,0.000000,0.010330,0.002555,0.001542,0.002917,1000.000000
8.500000,-180.500000,-179.300000,180.000000,0.010387,0.002583,0.001607,0.002950,1000.000000
9.000000,-180.500000,-179.300000,0.000000,0.010728,0.002443,0.001996,0.002790,1000.000000
9.000000,-180.500000,-179.300000,180.000000,0.010505,0.002512,0.001741,0.002868,1000.000000
9.500000,-180.500000,-179.300000,0.000000,0.010551,0.002520,0.001794,0.002878,1000.000000
9.500000,-180.500000,-179.300000,180.000000,0.010284,0.002598,0.001490,0.002967,1000.000000
10.000000,-180.500000,-179.300000,0.000000,0.010524,0.002427,0.001763,0.002772,1000.000000
10.000000,-180.500000,-179.300000,180.000000,0.010496,0.002472,0.001731,0.002823,1000.000000
10.500000,-180.500000,-179.300000,0.000000,0.010487,0.002495,0.001721,0.002849,1000.000000
10.500000,-180.500000,-179.300000,180.000000,0.010705,0.002509,0.001970,0.002865,1000.000000
11.000000,-180.500000,-179.300000,0.000000,0.010665,0.002493,0.001924,0.002846,1000.000000
11.000000,-180.500000,-179.300000,180.000000,0.010910,0.002433,0.002204,0.002778,1000.000000
11.500000,-180.500000,-179.300000,0.000000,0.010240,0.002509,0.001439,0.002866,1000.000000
11.500000,-180.500000,-179.300000,180.000000,0.010100,0.002448,0.001279,0.002795,1000.000000
12.000000,-180.500000,-179.300000,0.000000,0.010003,0.002406,0.001168,0.002747,1000.000000
12.000000,-180.500000,-179.300000,180.000000,0.010261,0.002346,0.001463,0.002679,1000.000000
12.500000,-180.500000,-179.300000,0.000000,0.010199,0.002453,0.001392,0.002801,1000.000000
12.500000,-180.500000,-179.300000,180.000000,0.010422,0.002582,0.001647,0.002949,1000.000000
13.000000,-180.500000,-179.300000,0.000000,0.010200,0.002460,0.001394,0.002809,1000.000000
13.000000,-180.500000,-179.300000,180.000000,0.010477,0.002535,0.001709,0.002895,1000.000000
13.500000,-180.500000,-179.300000,0.000000,0.010273,0.002472,0.001476,0.002822,1000.000000
13.500000,-180.500000,-179.300000,180.000000,0.010444,0.002572,0.001671,0.002937,1000.000000
14.000000,-180.500000,-179.300000,0.000000,0.010195,0.002430,0.001388,0.002775,1000.000000
14.000000,-180.500000,-179.300000,180.000000,0.010054,0.002419,0.001226,0.002762,1000.000000
14.500000,-180.500000,-179.300000,0.000000,0.010543,0.002554,0.001785,0.002916,1000.000000
14.500000,-180.500000,-179.300000,180.000000,0.010328,0.002490,0.001539,0.002843,1000.000000
15.000000,-180.500000,-179.300000,0.000000,0.010389,0.002461,0.001609,0.002810,1000.000000
15.000000,-180.500000,-179.300000,180.000000,0.010070,0.002427,0.001245,0.002771,1000.000000
15.500000,-180.500000,-179.300000,0.000000,0.010461,0.002573,0.001692,0.002938,1000.000000
15.500000,-180.500000,-179.300000,180.000000,0.010255,0.002521,0.001456,0.002879,1000.000000
16.000000,-180.500000,-179.300000,0.000000,0.010409,0.002529,0.001632,0.002888,1000.000000
16.000000,-180.500000,-179.300000,180.000000,0.010379,0.002583,0.001597,0.002949,1000.000000
16.500000,-180.500000,-179.300000,0.000000,0.010535,0.002463,0.001776,0.002812,1000.000000
16.500000,-180.500000,-179.300000,180.000000,0.010213,0.002437,0.001408,0.002783,1000.000000
17.000000,-180.500000,-179.300000,0.000000,0.010356,0.002406,0.001571,0.002747,1000.000000
17.000000,-180.500000,-179.300000,180.000000,0.010652,0.002572,0.001910,0.002937,1000.000000
17.500000,-180.500000,-179.300000,0.000000,0.010525,0.002530,0.001764,0.002889,1000.000000
17.500000,-180.500000,-179.300000,180.000000,0.010446,0.002451,0.001674,0.002799,1000.000000
18.000000,-180.500000,-179.300000,0.000000,0.010353,0.002565,0.001568,0.002929,1000.000000
18.000000,-180.500000,-179.300000,180.000000,0.010347,0.002461,0.001561,0.002811,1000.000000
18.500000,-180.500000,-179.300000,0.000000,0.010515,0.002470,0.001753,0.002821,1000.000000
18.500000,-180.500000,-179.300000,180.000000,0.010561,0.002502,0.001805,0.002857,1000.000000
19.000000,-180.500000,-179.300000,0.000000,0.010511,0.002429,0.001748,0.002774,1000.000000
19.000000,-180.500000,-179.300000,180.000000,0.010553,0.002474,0.001796,0.002825,1000.000000
19.500000,-180.500000,-179.300000,0.000000,0.010561,0.002534,0.001805,0.002894,1000.000000
19.500000,-180.500000,-179.300000,180.000000,0.010565,0.002527,0.001810,0.002885,1000.000000
20.000000,-180.500000,-179.300000,0.000000,0.010330,0.002516,0.001542,0.002873,1000.000000
20.000000,-180.500000,-179.300000,180.000000,0.010608,0.002423,0.001859,0.002766,1000.000000
20.500000,-180.500000,-179.300000,0.000000,0.010384,0.002549,0.001603,0.002910,1000.000000
20.500000,-180.500000,-179.300000,180.000000,0.010413,0.002460,0.001636,0.002810,1000.000000
21.000000,-180.500000,-179.300000,0.000000,0.010469,0.002450,0.001700,0.002798,1000.000000
21.000000,-180.500000,-179.300000,180.000000,0.010530,0.002583,0.001770,0.002950,1000.000000
21.500000,-180.500000,-179.300000,0.000000,0.010223,0.002482,0.001420,0.002834,1000.000000
21.500000,-180.500000,-179.300000,180.000000,0.010261,0.002486,0.001463,0.002838,1000.000000
22.000000,-180.500000,-179.300000,0.000000,0.010337,0.002550,0.001549,0.002911,1000.000000
22.000000,-180.500000,-179.300000,180.000000,0.010182,0.002476,0.001373,0.002827,1000.000000
22.500000,-180.500000,-179.300000,0.000000,0.010395,0.002501,0.001616,0.002856,1000.000000
22.500000,-180.500000,-179.300000,180.000000,0.010382,0.002439,0.001602,0.002785,1000.000000
23.000000,-180.500000,-179.300000,0.000000,0.010815,0.002454,0.002096,0.002803,1000.000000
23.000000,-180.500000,-179.300000,180.000000,0.010166,0.002469,0.001354,0.002820,1000.000000
23.500000,-180.500000,-179.300000,0.000000,0.010762,0.002542,0.002035,0.002902,1000.000000
23.500000,-180.500000,-179.300000,180.000000,0.010324,0.002470,0.001535,0.002821,1000.000000
24.000000,-180.500000,-179.300000,0.000000,0.010422,0.002582,0.001647,0.002948,1000.000000
24.000000,-180.500000,-179.300000,180.000000,0.010417,0.002553,0.001641,0.002915,1000.000000
24.500000,-180.500000,-179.300000,0.000000,0.010451,0.002617,0.001680,0.002988,1000.000000
24.500000,-180.500000,-179.300000,180.000000,0.010418,0.002487,0.001642,0.002840,1000.000000
25.000000,-180.500000,-179.300000,0.000000,0.010264,0.002458,0.001466,0.002806,1000.000000
25.000000,-180.500000,-179.300000,180.000000,0.010401,0.002617,0.001623,0.002988,1000.000000
25.500000,-180.500000,-179.300000,0.000000,0.010277,0.002409,0.001481,0.002751,1000.000000
25.500000,-180.500000,-179.300000,180.000000,0.010189,0.002440,0.001380,0.002786,1000.000000
26.000000,-180.500000,-179.300000,0.000000,0.010943,0.002393,0.002241,0.002733,1000.000000
26.000000,-180.500000,-179.300000,180.000000,0.010343,0.002490,0.001556,0.002843,1000.000000
26.500000,-180.500000,-179.300000,0.000000,0.010372,0.002518,0.001590,0.002875,1000.000000
26.500000,-180.500000,-179.300000,180.000000,0.010320,0.002470,0.001530,0.002821,1000.000000
27.000000,-180.500000,-179.300000,0.000000,0.010423,0.002571,0.001648,0.002935,1000.000000
27.000000,-180.500000,-179.300000,180.000000,0.010296,0.002479,0.001503,0.002831,1000.000000
27.500000,-180.500000,-179.300000,0.000000,0.010505,0.002407,0.001741,0.002749,1000.000000
27.500000,-180.500000,-179.300000,180.000000,0.010329,0.002529,0.001540,0.002887,1000.000000
28.000000,-180.500000,-179.300000,0.000000,0.010367,0.002491,0.001584,0.002844,1000.000000
28.000000,-180.500000,-179.300000,180.000000,0.010428,0.002402,0.001654,0.002742,1000.000000
28.500000,-180.500000,-179.300000,0.000000,0.010335,0.002548,0.001548,0.002910,1000.000000
28.500000,-180.500000,-179.300000,180.000000,0.010459,0.002472,0.001689,0.002823,1000.000000
29.000000,-180.500000,-179.300000,0.000000,0.010500,0.002398,0.001735,0.002739,1000.000000
29.000000,-180.500000,-179.300000,180.000000,0.010354,0.002566,0.001570,0.002931,1000.000000
29.500000,-180.500000,-179.300000,0.000000,0.010483,0.002629,0.001716,0.003002,1000.000000
29.500000,-180.500000,-179.300000,180.000000,0.010362,0.002550,0.001578,0.002911,1000.000000
30.000000,-180.500000,-179.300000,0.000000,0.010334,0.002551,0.001546,0.002913,1000.000000
30.000000,-180.500000,-179.300000,180.000000,0.010279,0.002640,0.001484,0.003015,1000.000000
30.500000,-180.500000,-179.300000,0.000000,0.010244,0.002450,0.001443,0.002797,1000.000000
30.500000,-180.500000,-179.300000,180.000000,0.010542,0.002546,0.001783,0.002907,1000.000000
31.000000,-180.500000,-179.300000,0.000000,0.010340,0.002458,0.001554,0.002807,1000.000000
31.000000,-180.500000,-179.300000,180.000000,0.010557,0.002514,0.001801,0.002871,1000.000000
31.500000,-180.500000,-179.300000,0.000000,0.010832,0.002429,0.002115,0.002773,1000.000000
31.500000,-180.500000,-179.300000,180.000000,0.010405,0.002411,0.001628,0.002753,1000.000000
32.000000,-180.500000,-179.300000,0.000000,0.010435,0.002602,0.001661,0.002971,1000.000000
32.000000,-180.500000,-179.300000,180.000000,0.010068,0.002497,0.001242,0.002851,1000.000000
32.500000,-180.500000,-179.300000,0.000000,0.010274,0.002511,0.001478,0.002868,1000.000000
32.500000,-180.500000,-179.300000,180.000000,0.010478,0.002443,0.001711,0.002789,1000.000000
33.000000,-180.500000,-179.300000,0.000000,0.010464,0.002511,0.001695,0.002867,1000.000000
33.000000,-180.500000,-179.300000,180.000000,0.010431,0.002464,0.001657,0.002813,1000.000000
33.500000,-180.500000,-179.300000,0.000000,0.010242,0.002465,0.001442,0.002814,1000.000000
33.500000,-180.500000,-179.300000,180.000000,0.010037,0.002588,0.001207,0.002955,1000.000000
34.000000,-180.500000,-179.300000,0.000000,0.010496,0.002491,0.001731,0.002845,1000.000000
34.000000,-180.500000,-179.300000,180.000000,0.010382,0.002521,0.001602,0.002879,1000.000000
34.500000,-180.500000,-179.300000,0.000000,0.010381,0.002460,0.001600,0.002809,1000.000000
34.500000,-180.500000,-179.300000,180.000000,0.010289,0.002586,0.001495,0.002953,1000.000000
35.000000,-180.500000,-179.300000,0.000000,0.010348,0.002534,0.001562,0.002894,1000.000000
35.000000,-180.500000,-179.300000,180.000000,0.010433,0.002505,0.001660,0.002860,1000.000000
35.500000,-180.500000,-179.300000,0.000000,0.010400,0.002606,0.001622,0.002975,1000.000000
35.500000,-180.500000,-179.300000,180.000000,0.010465,0.002549,0.001696,0.002910,1000.000000
36.000000,-180.500000,-179.300000,0.000000,0.010275,0.002525,0.001479,0.002883,1000.000000
36.000000,-180.500000,-179.300000,180.000000,0.010466,0.002475,0.001698,0.002826,1000.000000
36.500000,-180.500000,-179.300000,0.000000,0.010438,0.002423,0.001666,0.002767,1000.000000
36.500000,-180.500000,-179.300000,180.000000,0.010551,0.002530,0.001794,0.002889,1000.000000
37.000000,-180.500000,-179.300000,0.000000,0.010352,0.002498,0.001567,0.002852,1000.000000
37.000000,-180.500000,-179.300000,180.000000,0.010277,0.002537,0.001481,0.002897,1000.000000
37.500000,-180.500000,-179.300000,0.000000,0.010449,0.002447,0.001677,0.002794,1000.000000
37.500000,-180.500000,-179.300000,180.000000,0.010353,0.002513,0.001568,0.002869,1000.000000
38.000000,-180.500000,-179.300000,0.000000,0.010474,0.002402,0.001706,0.002743,1000.000000
38.000000,-180.500000,-179.300000,180.000000,0.010440,0.002495,0.001667,0.002849,1000.000000
38.500000,-180.500000,-179.300000,0.000000,0.010475,0.002458,0.001708,0.002807,1000.000000
38.500000,-180.500000,-179.300000,180.000000,0.010208,0.002536,0.001402,0.002895,1000.000000
39.000000,-180.500000,-179.300000,0.000000,0.010664,0.002528,0.001923,0.002887,1000.000000
39.000000,-180.500000,-179.300000,180.000000,0.010308,0.002459,0.001517,0.002808,1000.000000
39.500000,-180.500000,-179.300000,0.000000,0.010335,0.002490,0.001548,0.002843,1000.000000
39.500000,-180.500000,-179.300000,180.000000,0.010514,0.002449,0.001751,0.002797,1000.000000
40.000000,-180.500000,-179.300000,0.000000,0.010319,0.002560,0.001529,0.002923,1000.000000
40.000000,-180.500000,-179.300000,180.000000,0.010637,0.002476,0.001892,0.002827,1000.000000
40.500000,-180.500000,-179.300000,0.000000,0.010539,0.002510,0.001780,0.002866,1000.000000
40.500000,-180.500000,-179.300000,180.000000,0.010377,0.002493,0.001596,0.002847,1000.000000
41.000000,-180.500000,-179.300000,0.000000,0.010632,0.002448,0.001887,0.002795,1000.000000
41.000000,-180.500000,-179.300000,180.000000,0.010279,0.002490,0.001484,0.002844,1000.000000
41.500000,-180.500000,-179.300000,0.000000,0.010469,0.002485,0.001700,0.002837,1000.000000
41.500000,-180.500000,-179.300000,180.000000,0.010442,0.002429,0.001670,0.002774,1000.000000
42.000000,-180.500000,-179.300000,0.000000,0.010366,0.002566,0.001583,0.002931,1000.000000
42.000000,-180.500000,-179.300000,180.000000,0.010505,0.002485,0.001741,0.002837,1000.000000
42.500000,-180.500000,-179.300000,0.000000,0.010508,0.002511,0.001746,0.002867,1000.000000
42.500000,-180.500000,-179.300000,180.000000,0.010358,0.002447,0.001574,0.002794,1000.000000
43.000000,-180.500000,-179.300000,0.000000,0.010269,0.002497,0.001472,0.002851,1000.000000
43.000000,-180.500000,-179.300000,180.000000,0.010421,0.002579,0.001645,0.002945,1000.000000
43.500000,-180.500000,-179.300000,0.000000,0.010361,0.002530,0.001577,0.002889,1000.000000
43.500000,-180.500000,-179.300000,180.000000,0.010497,0.002509,0.001732,0.002865,1000.000000
44.000000,-180.500000,-179.300000,0.000000,0.010538,0.002493,0.001779,0.002847,1000.000000
44.000000,-180.500000,-179.300000,180.000000,0.010381,0.002413,0.001600,0.002755,1000.000000
44.500000,-180.500000,-179.300000,0.000000,0.010562,0.002519,0.001807,0.002876,1000.000000
44.500000,-180.500000,-179.300000,180.000000,0.010394,0.002462,0.001615,0.002811,1000.000000
45.000000,-180.500000,-179.300000,0.000000,0.010398,0.002407,0.001619,0.002749,1000.000000
45.000000,-180.500000,-179.300000,180.000000,0.010365,0.002494,0.001581,0.002848,1000.000000
45.500000,-180.500000,-179.300000,0.000000,0.010344,0.002385,0.001558,0.002723,1000.000000
45.500000,-180.500000,-179.300000,180.000000,0.010282,0.002447,0.001487,0.002794,1000.000000
46.000000,-180.500000,-179.300000,0.000000,0.010477,0.002423,0.001709,0.002766,1000.000000
46.000000,-180.500000,-179.300000,180.000000,0.010502,0.002522,0.001738,0.002880,1000.000000
46.500000,-180.500000,-179.300000,0.000000,0.010449,0.002507,0.001677,0.002862,1000.000000
46.500000,-180.500000,-179.300000,180.000000,0.010386,0.002544,0.001606,0.002905,1000.000000
47.000000,-180.500000,-179.300000,0.000000,0.010452,0.002535,0.001682,0.002895,1000.000000
47.000000,-180.500000,-179.300000,180.000000,0.010500,0.002553,0.001735,0.002915,1000.000000
47.500000,-180.500000,-179.300000,0.000000,0.010426,0.002511,0.001651,0.002867,1000.000000
47.500000,-180.500000,-179.300000,180.000000,0.010312,0.002518,0.001522,0.002875,1000.000000
48.000000,-180.500000,-179.300000,0.000000,0.010321,0.002409,0.001532,0.002751,1000.000000
48.000000,-180.500000,-179.300000,180.000000,0.010333,0.002508,0.001545,0.002864,1000.000000
48.500000,-180.500000,-179.300000,0.000000,0.010342,0.002500,0.001555,0.002854,1000.000000
48.500000,-180.500000,-179.300000,180.000000,0.010409,0.002487,0.001632,0.002839,1000.000000
49.000000,-180.500000,-179.300000,0.000000,0.010404,0.002547,0.001626,0.002908,1000.000000
49.000000,-180.500000,-179.300000,180.000000,0.010385,0.002486,0.001604,0.002839,1000.000000
49.500000,-180.500000,-179.300000,0.000000,0.010407,0.002561,0.001629,0.002925,1000.000000
49.500000,-180.500000,-179.300000,180.000000,0.010415,0.002550,0.001639,0.002912,1000.000000
50.000000,-180.500000,-179.300000,0.000000,0.010470,0.002493,0.001702,0.002846,1000.000000
50.000000,-180.500000,-179.300000,180.000000,0.010354,0.002576,0.001570,0.002941,1000.000000
50.500000,-180.500000,-179.300000,0.000000,0.010242,0.002542,0.001442,0.002903,1000.000000
50.500000,-180.500000,-179.300000,180.000000,0.010344,0.002502,0.001558,0.002857,1000.000000
51.000000,-180.500000,-179.300000,0.000000,0.010328,0.002562,0.001539,0.002926,1000.000000
51.000000,-180.500000,-179.300000,180.000000,0.010342,0.002446,0.001555,0.002794,1000.000000
51.500000,-180.500000,-179.300000,0.000000,0.010389,0.002456,0.001609,0.002804,1000.000000
51.500000,-180.500000,-179.300000,180.000000,0.010500,0.002472,0.001735,0.002822,1000.000000
52.000000,-180.500000,-179.300000,0.000000,0.010421,0.002495,0.001645,0.002849,1000.000000
52.000000,-180.500000,-179.300000,180.000000,0.010312,0.002432,0.001522,0.002778,1000.000000
52.500000,-180.500000,-179.300000,0.000000,0.010387,0.002510,0.001607,0.002867,1000.000000
52.500000,-180.500000,-179.300000,180.000000,0.010399,0.002408,0.001620,0.002750,1000.000000
53.000000,-180.500000,-179.300000,0.000000,0.010488,0.002498,0.001722,0.002852,1000.000000
53.000000,-180.500000,-179.300000,180.000000,0.010409,0.002536,0.001632,0.002896,1000.000000
53.500000,-180.500000,-179.300000,0.000000,0.010273,0.002514,0.001476,0.002871,1000.000000
53.500000,-180.500000,-179.300000,180.000000,0.010428,0.002547,0.001654,0.002908,1000.000000
54.000000,-180.500000,-179.300000,0.000000,0.010445,0.002431,0.001673,0.002776,1000.000000
54.000000,-180.500000,-179.300000,180.000000,0.010421,0.002475,0.001645,0.002826,1000.000000
54.500000,-180.500000,-179.300000,0.000000,0.010414,0.002524,0.001638,0.002882,1000.000000
54.500000,-180.500000,-179.300000,180.000000,0.010306,0.002510,0.001514,0.002866,1000.000000
55.000000,-180.500000,-179.300000,0.000000,0.010419,0.002480,0.001644,0.002832,1000.000000
55.000000,-180.500000,-179.300000,180.000000,0.010496,0.002584,0.001731,0.002951,1000.000000
0.000000,-181.000000,-179.300000,0.000000,0.010400,0.002451,0.001622,0.002799,1000.000000
0.000000,-181.000000,-179.300000,180.000000,0.010409,0.002542,0.001632,0.002903,1000.000000
0.500000,-181.000000,-179.300000,0.000000,0.010422,0.002513,0.001647,0.002870,1000.000000
0.500000,-181.000000,-179.300000,180.000000,0.010385,0.002637,0.001604,0.003011,1000.000000
1.000000,-181.000000,-179.300000,0.000000,0.010367,0.002506,0.001584,0.002861,1000.000000
1.000000,-181.000000,-179.300000,180.000000,0.010418,0.002538,0.001642,0.002898,1000.000000
1.500000,-181.000000,-179.300000,0.000000,0.010474,0.002543,0.001706,0.002904,1000.000000
1.500000,-181.000000,-179.300000,180.000000,0.010396,0.002419,0.001618,0.002762,1000.000000
2.000000,-181.000000,-179.300000,0.000000,0.010375,0.002416,0.001593,0.002758,1000.000000
2.000000,-181.000000,-179.300000,180.000000,0.010447,0.002446,0.001676,0.002793,1000.000000
2.500000,-181.000000,-179.300000,0.000000,0.010399,0.002451,0.001620,0.002798,1000.000000
2.500000,-181.000000,-179.300000,180.000000,0.010452,0.002477,0.001682,0.002829,1000.000000
3.000000,-181.000000,-179.300000,0.000000,0.010423,0.002514,0.001648,0.002870,1000.000000
3.000000,-181.000000,-179.300000,180.000000,0.010292,0.002449,0.001498,0.002797,1000.000000
3.500000,-181.000000,-179.300000,0.000000,0.010412,0.002498,0.001635,0.002852,1000.000000
3.500000,-181.000000,-179.300000,180.000000,0.010445,0.002503,0.001673,0.002858,1000.000000
4.000000,-181.000000,-179.300000,0.000000,0.010303,0.002520,0.001511,0.002878,1000.000000
4.000000,-181.000000,-179.300000,180.000000,0.010398,0.002547,0.001619,0.002908,1000.000000
4.500000,-181.000000,-179.300000,0.000000,0.010213,0.002480,0.001408,0.002832,1000.000000
4.500000,-181.000000,-179.300000,180.000000,0.010333,0.002477,0.001545,0.002828,1000.000000
5.000000,-181.000000,-179.300000,0.000000,0.010357,0.002526,0.001572,0.002885,1000.000000
5.000000,-181.000000,-179.300000,180.000000,0.010526,0.002506,0.001766,0.002862,1000.000000
5.500000,-181.000000,-179.300000,0.000000,0.010470,0.002493,0.001702,0.002847,1000.000000
5.500000,-181.000000,-179.300000,180.000000,0.010352,0.002489,0.001567,0.002842,1000.000000
6.000000,-181.000000,-179.300000,0.000000,0.010326,0.002552,0.001538,0.002914,1000.000000
6.000000,-181.000000,-179.300000,180.000000,0.010379,0.002438,0.001597,0.002784,1000.000000
6.500000,-181.000000,-179.300000,0.000000,0.010282,0.002544,0.001487,0.002905,1000.000000
6.500000,-181.000000,-179.300000,180.000000,0.010325,0.002486,0.001536,0.002839,1000.000000
7.000000,-181.000000,-179.300000,0.000000,0.010371,0.002570,0.001588,0.002935,1000.000000
7.000000,-181.000000,-179.300000,180.000000,0.010404,0.002494,0.001626,0.002847,1000.000000
7.500000,-181.000000,-179.300000,0.000000,0.010433,0.002577,0.001660,0.002942,1000.000000
7.500000,-181.000000,-179.300000,180.000000,0.010488,0.002473,0.001722,0.002824,1000.000000
8.000000,-181.000000,-179.300000,0.000000,0.010399,0.002498,0.001620,0.002852,1000.000000
8.000000,-181.000000,-179.300000,180.000000,0.010379,0.002520,0.001597,0.002878,1000.000000
8.500000,-181.000000,-179.300000,0.000000,0.010436,0.002442,0.001663,0.002788,1000.000000
8.500000,-181.000000,-179.300000,180.000000,0.010357,0.002488,0.001572,0.002840,1000.000000
9.000000,-181.000000,-179.300000,0.000000,0.010301,0.002592,0.001508,0.002960,1000.000000
9.000000,-181.000000,-179.300000,180.000000,0.010419,0.002480,0.001644,0.002832,1000.000000
9.500000,-181.000000,-179.300000,0.000000,0.010436,0.002434,0.001663,0.002779,1000.000000
9.500000,-181.000000,-179.300000,180.000000,0.010269,0.002541,0.001472,0.002901,1000.000000
10.000000,-181.000000,-179.300000,0.000000,0.010421,0.002476,0.001645,0.002827,1000.000000
10.000000,-181.000000,-179.300000,180.000000,0.010387,0.002495,0.001607,0.002849,1000.000000
10.500000,-181.000000,-179.300000,0.000000,0.010450,0.002519,0.001679,0.002876,1000.000000
10.500000,-181.000000,-179.300000,180.000000,0.010376,0.002470,0.001594,0.002820,1000.000000
11.000000,-181.000000,-179.300000,0.000000,0.010400,0.002512,0.001622,0.002868,1000.000000
11.000000,-181.000000,-179.300000,180.000000,0.010444,0.002534,0.001671,0.002893,1000.000000
11.500000,-181.000000,-179.300000,0.000000,0.010343,0.002467,0.001556,0.002817,1000.000000
11.500000,-181.000000,-179.300000,180.000000,0.010445,0.002466,0.001673,0.002816,1000.000000
12.000000,-181.000000,-179.300000,0.000000,0.010426,0.002525,0.001651,0.002883,1000.000000
12.000000,-181.000000,-179.300000,180.000000,0.010365,0.002457,0.001581,0.002806,1000.000000
12.500000,-181.000000,-179.300000,0.000000,0.010365,0.002537,0.001581,0.002897,1000.000000
12.500000,-181.000000,-179.300000,180.000000,0.010337,0.002468,0.001549,0.002818,1000.000000
13.000000,-181.000000,-179.300000,0.000000,0.010361,0.002509,0.001577,0.002864,1000.000000
13.000000,-181.000000,-179.300000,180.000000,0.010399,0.002547,0.001620,0.002908,1000.000000
13.500000,-181.000000,-179.300000,0.000000,0.010371,0.002542,0.001588,0.002903,1000.000000
13.500000,-181.000000,-179.300000,180.000000,0.010365,0.002504,0.001581,0.002859,1000.000000
14.000000,-181.000000,-179.300000,0.000000,0.010430,0.002475,0.001655,0.002827,1000.000000
14.000000,-181.000000,-179.300000,180.000000,0.010363,0.002459,0.001580,0.002808,1000.000000
14.500000,-181.000000,-179.300000,0.000000,0.010423,0.002486,0.001648,0.002838,1000.000000
14.500000,-181.000000,-179.300000,180.000000,0.010401,0.002494,0.001623,0.002847,1000.000000
15.000000,-181.000000,-179.300000,0.000000,0.010399,0.002485,0.001620,0.002838,1000.000000
15.000000,-181.000000,-179.300000,180.000000,0.010459,0.002555,0.001689,0.002918,1000.000000
15.500000,-181.000000,-179.300000,0.000000,0.010289,0.002540,0.001495,0.002900,1000.000000
15.500000,-181.000000,-179.300000,180.000000,0.010398,0.002503,0.001619,0.002858,1000.000000
16.000000,-181.000000,-179.300000,0.000000,0.010316,0.002549,0.001526,0.002910,1000.000000
16.000000,-181.000000,-179.300000,180.000000,0.010384,0.002514,0.001603,0.002870,1000.000000
16.500000,-181.000000,-179.300000,0.000000,0.010329,0.002540,0.001540,0.002900,1000.000000
16.500000,-181.000000,-179.300000,180.000000,0.010365,0.002490,0.001581,0.002843,1000.000000
17.000000,-181.000000,-179.300000,0.000000,0.010484,0.002579,0.001718,0.002945,1000.000000
17.000000,-181.000000,-179.300000,180.000000,0.010365,0.002536,0.001581,0.002896,1000.000000
17.500000,-181.000000,-179.300000,0.000000,0.010505,0.002533,0.001741,0.002892,1000.000000
17.500000,-181.000000,-179.300000,180.000000,0.010410,0.002535,0.001634,0.002894,1000.000000
18.000000,-181.000000,-179.300000,0.000000,0.010400,0.002487,0.001622,0.002840,1000.000000
18.000000,-181.000000,-179.300000,180.000000,0.010489,0.002438,0.001724,0.002784,1000.000000
18.500000,-181.000000,-179.300000,0.000000,0.010371,0.002514,0.001588,0.002870,1000.000000
18.500000,-181.000000,-179.300000,180.000000,0.010436,0.002489,0.001663,0.002843,1000.000000
19.000000,-181.000000,-179.300000,0.000000,0.010365,0.002461,0.001581,0.002810,1000.000000
19.000000,-181.000000,-179.300000,180.000000,0.010280,0.002520,0.001485,0.002878,1000.000000
19.500000,-181.000000,-179.300000,0.000000,0.010314,0.002547,0.001523,0.002909,1000.000000
19.500000,-181.000000,-179.300000,180.000000,0.010451,0.002520,0.001680,0.002877,1000.000000
20.000000,-181.000000,-179.300000,0.000000,0.010315,0.002464,0.001524,0.002814,1000.000000
20.000000,-181.000000,-179.300000,180.000000,0.010353,0.002480,0.001568,0.002832,1000.000000
20.500000,-181.000000,-179.300000,0.000000,0.010339,0.002462,0.001552,0.002812,1000.000000
20.500000,-181.000000,-179.300000,180.000000,0.010278,0.002599,0.001482,0.002968,1000.000000
21.000000,-181.000000,-179.300000,0.000000,0.010301,0.002465,0.001508,0.002815,1000.000000
21.000000,-181.000000,-179.300000,180.000000,0.010342,0.002493,0.001555,0.002847,1000.000000
21.500000,-181.000000,-179.300000,0.000000,0.010382,0.002506,0.001602,0.002862,1000.000000
21.500000,-181.000000,-179.300000,180.000000,0.010372,0.002506,0.001590,0.002861,1000.000000
22.000000,-181.000000,-179.300000,0.000000,0.010483,0.002494,0.001716,0.002848,1000.000000
22.000000,-181.000000,-179.300000,180.000000,0.010430,0.002464,0.001655,0.002814,1000.000000
22.500000,-181.000000,-179.300000,0.000000,0.010224,0.002519,0.001421,0.002876,1000.000000
22.500000,-181.000000,-179.300000,180.000000,0.010365,0.002481,0.001581,0.002833,1000.000000
23.000000,-181.000000,-179.300000,0.000000,0.010344,0.002500,0.001558,0.002854,1000.000000
23.000000,-181.000000,-179.300000,180.000000,0.010291,0.002426,0.001497,0.002770,1000.000000
23.500000,-181.000000,-179.300000,0.000000,0.010413,0.002541,0.001636,0.002902,1000.000000
23.500000,-181.000000,-179.300000,180.000000,0.010320,0.002507,0.001530,0.002863,1000.000000
24.000000,-181.000000,-179.300000,0.000000,0.010317,0.002492,0.001527,0.002845,1000.000000
24.000000,-181.000000,-179.300000,180.000000,0.010347,0.002486,0.001561,0.002839,1000.000000
24.500000,-181.000000,-179.300000,0.000000,0.010492,0.002610,0.001727,0.002980,1000.000000
24.500000,-181.000000,-179.300000,180.000000,0.010418,0.002414,0.001642,0.002757,1000.000000
25.000000,-181.000000,-179.300000,0.000000,0.010366,0.002520,0.001583,0.002877,1000.000000
25.000000,-181.000000,-179.300000,180.000000,0.010412,0.002431,0.001635,0.002775,1000.000000
25.500000,-181.000000,-179.300000,0.000000,0.010362,0.002506,0.001578,0.002862,1000.000000
25.500000,-181.000000,-179.300000,180.000000,0.010294,0.002471,0.001501,0.002822,1000.000000
26.000000,-181.000000,-179.300000,0.000000,0.010349,0.002543,0.001564,0.002903,1000.000000
26.000000,-181.000000,-179.300000,180.000000,0.010391,0.002464,0.001612,0.002814,1000.000000
26.500000,-181.000000,-179.300000,0.000000,0.010354,0.002460,0.001570,0.002809,1000.000000
26.500000,-181.000000,-179.300000,180.000000,0.010427,0.002530,0.001652,0.002889,1000.000000
27.000000,-181.000000,-179.300000,0.000000,0.010482,0.002561,0.001715,0.002925,1000.000000
27.000000,-181.000000,-179.300000,180.000000,0.010589,0.002544,0.001837,0.002906,1000.000000
27.500000,-181.000000,-179.300000,0.000000,0.010423,0.002428,0.001648,0.002773,1000.000000
27.500000,-181.000000,-179.300000,180.000000,0.010343,0.002471,0.001556,0.002822,1000.000000
28.000000,-181.000000,-179.300000,0.000000,0.010454,0.002486,0.001683,0.002839,1000.000000
28.000000,-181.000000,-179.300000,180.000000,0.010377,0.002511,0.001596,0.002868,1000.000000
28.500000,-181.000000,-179.300000,0.000000,0.010438,0.002476,0.001666,0.002828,1000.000000
28.500000,-181.000000,-179.300000,180.000000,0.010324,0.002462,0.001535,0.002812,1000.000000
29.000000,-181.000000,-179.300000,0.000000,0.010361,0.002473,0.001577,0.002824,1000.000000
29.000000,-181.000000,-179.300000,180.000000,0.010445,0.002495,0.001673,0.002849,1000.000000
29.500000,-181.000000,-179.300000,0.000000,0.010324,0.002430,0.001535,0.002775,1000.000000
29.500000,-181.000000,-179.300000,180.000000,0.010400,0.002478,0.001622,0.002830,1000.000000
30.000000,-181.000000,-179.300000,0.000000,0.010396,0.002530,0.001618,0.002888,1000.000000
30.000000,-181.000000,-179.300000,180.000000,0.010342,0.002481,0.001555,0.002833,1000.000000
30.500000,-181.000000,-179.300000,0.000000,0.010254,0.002439,0.001455,0.002785,1000.000000
30.500000,-181.000000,-179.300000,180.000000,0.010407,0.002416,0.001629,0.002759,1000.000000
31.000000,-181.000000,-179.300000,0.000000,0.010340,0.002492,0.001554,0.002846,1000.000000
31.000000,-181.000000,-179.300000,180.000000,0.010330,0.002594,0.001542,0.002962,1000.000000
31.500000,-181.000000,-179.300000,0.000000,0.010368,0.002499,0.001586,0.002854,1000.000000
31.500000,-181.000000,-179.300000,180.000000,0.010337,0.002516,0.001549,0.002872,1000.000000
32.000000,-181.000000,-179.300000,0.000000,0.010367,0.002497,0.001584,0.002852,1000.000000
32.000000,-181.000000,-179.300000,180.000000,0.010245,0.002571,0.001444,0.002936,1000.000000
32.500000,-181.000000,-179.300000,0.000000,0.010362,0.002518,0.001578,0.002875,1000.000000
32.500000,-181.000000,-179.300000,180.000000,0.010390,0.002485,0.001610,0.002837,1000.000000
33.000000,-181.000000,-179.300000,0.000000,0.010340,0.002505,0.001554,0.002860,1000.000000
33.000000,-181.000000,-179.300000,180.000000,0.010510,0.002530,0.001747,0.002889,1000.000000
33.500000,-181.000000,-179.300000,0.000000,0.010321,0.002500,0.001532,0.002854,1000.000000
33.500000,-181.000000,-179.300000,180.000000,0.010410,0.002533,0.001634,0.002893,1000.000000
34.000000,-181.000000,-179.300000,0.000000,0.010472,0.002520,0.001703,0.002877,1000.000000
34.000000,-181.000000,-179.300000,180.000000,0.010308,0.002596,0.001517,0.002964,1000.000000
34.500000,-181.000000,-179.300000,0.000000,0.010421,0.002530,0.001645,0.002889,1000.000000
34.500000,-181.000000,-179.300000,180.000000,0.010237,0.002530,0.001436,0.002889,1000.000000
35.000000,-181.000000,-179.300000,0.000000,0.010254,0.002437,0.001455,0.002782,1000.000000
35.000000,-181.000000,-179.300000,180.000000,0.010337,0.002501,0.001549,0.002856,1000.000000
35.500000,-181.000000,-179.300000,0.000000,0.010435,0.002487,0.001661,0.002840,1000.000000
35.500000,-181.000000,-179.300000,180.000000,0.010352,0.002533,0.001567,0.002892,1000.000000
36.000000,-181.000000,-179.300000,0.000000,0.010418,0.002536,0.001642,0.002896,1000.000000
36.000000,-181.000000,-179.300000,180.000000,0.010331,0.002491,0.001543,0.002844,1000.000000
36.500000,-181.000000,-179.300000,0.000000,0.010404,0.002442,0.001626,0.002788,1000.000000
36.500000,-181.000000,-179.300000,180.000000,0.010400,0.002506,0.001622,0.002861,1000.000000
37.000000,-181.000000,-179.300000,0.000000,0.010413,0.002471,0.001636,0.002822,1000.000000
37.000000,-181.000000,-179.300000,180.000000,0.010354,0.002504,0.001570,0.002859,1000.000000
37.500000,-181.000000,-179.300000,0.000000,0.010358,0.002463,0.001574,0.002812,1000.000000
37.500000,-181.000000,-179.300000,180.000000,0.010421,0.002405,0.001645,0.002746,1000.000000
38.000000,-181.000000,-179.300000,0.000000,0.010325,0.002471,0.001536,0.002822,1000.000000
38.000000,-181.000000,-179.300000,180.000000,0.010306,0.002478,0.001514,0.002829,1000.000000
38.500000,-181.000000,-179.300000,0.000000,0.010433,0.002473,0.001660,0.002824,1000.000000
38.500000,-181.000000,-179.300000,180.000000,0.010254,0.002494,0.001455,0.002848,1000.000000
39.000000,-181.000000,-179.300000,0.000000,0.010554,0.002522,0.001798,0.002880,1000.000000
39.000000,-181.000000,-179.300000,180.000000,0.010446,0.002516,0.001674,0.002873,1000.000000
39.500000,-181.000000,-179.300000,0.000000,0.010353,0.002497,0.001568,0.002851,1000.000000
39.500000,-181.000000,-179.300000,180.000000,0.010342,0.002499,0.001555,0.002854,1000.000000
40.000000,-181.000000,-179.300000,0.000000,0.010303,0.002444,0.001511,0.002790,1000.000000
40.000000,-181.000000,-179.300000,180.000000,0.010370,0.002476,0.001587,0.002827,1000.000000
40.500000,-181.000000,-179.300000,0.000000,0.010380,0.002548,0.001599,0.002910,1000.000000
40.500000,-181.000000,-179.300000,180.000000,0.010389,0.002470,0.001609,0.002821,1000.000000
41.000000,-181.000000,-179.300000,0.000000,0.010362,0.002500,0.001578,0.002854,1000.000000
41.000000,-181.000000,-179.300000,180.000000,0.010423,0.002546,0.001648,0.002907,1000.000000
41.500000,-181.000000,-179.300000,0.000000,0.010347,0.002572,0.001561,0.002937,1000.000000
41.500000,-181.000000,-179.300000,180.000000,0.010362,0.002512,0.001578,0.002869,1000.000000
42.000000,-181.000000,-179.300000,0.000000,0.010403,0.002515,0.001625,0.002872,1000.000000
42.000000,-181.000000,-179.300000,180.000000,0.010339,0.002478,0.001552,0.002830,1000.000000
42.500000,-181.000000,-179.300000,0.000000,0.010343,0.002523,0.001556,0.002881,1000.000000
42.500000,-181.000000,-179.300000,180.000000,0.010348,0.002477,0.001562,0.002828,1000.000000
43.000000,-181.000000,-179.300000,0.000000,0.010399,0.002457,0.001620,0.002805,1000.000000
43.000000,-181.000000,-179.300000,180.000000,0.010333,0.002531,0.001545,0.002890,1000.000000
43.500000,-181.000000,-179.300000,0.000000,0.010398,0.002495,0.001619,0.002849,1000.000000
43.500000,-181.000000,-179.300000,180.000000,0.010335,0.002492,0.001548,0.002846,1000.000000
44.000000,-181.000000,-179.300000,0.000000,0.010242,0.002500,0.001442,0.002855,1000.000000
44.000000,-181.000000,-179.300000,180.000000,0.010345,0.002504,0.001559,0.002859,1000.000000
44.500000,-181.000000,-179.300000,0.000000,0.010368,0.002534,0.001586,0.002894,1000.000000
44.500000,-181.000000,-179.300000,180.000000,0.010396,0.002437,0.001618,0.002783,1000.000000
45.000000,-181.000000,-179.300000,0.000000,0.010475,0.002491,0.001708,0.002844,1000.000000
45.000000,-181.000000,-179.300000,180.000000,0.010386,0.002488,0.001606,0.002841,1000.000000
45.500000,-181.000000,-179.300000,0.000000,0.010514,0.002443,0.001751,0.002790,1000.000000
45.500000,-181.000000,-179.300000,180.000000,0.010345,0.002447,0.001559,0.002795,1000.000000
46.000000,-181.000000,-179.300000,0.000000,0.010277,0.002364,0.001481,0.002700,1000.000000
46.000000,-181.000000,-179.300000,180.000000,0.010235,0.002493,0.001433,0.002846,1000.000000
46.500000,-181.000000,-179.300000,0.000000,0.010413,0.002506,0.001636,0.002862,1000.000000
46.500000,-181.000000,-179.300000,180.000000,0.010335,0.002470,0.001548,0.002821,1000.000000
47.000000,-181.000000,-179.300000,0.000000,0.010335,0.002476,0.001548,0.002827,1000.000000
47.000000,-181.000000,-179.300000,180.000000,0.010389,0.002533,0.001609,0.002892,1000.000000
47.500000,-181.000000,-179.300000,0.000000,0.010337,0.002513,0.001549,0.002869,1000.000000
47.500000,-181.000000,-179.300000,180.000000,0.010421,0.002461,0.001645,0.002811,1000.000000
48.000000,-181.000000,-179.300000,0.000000,0.010372,0.002543,0.001590,0.002904,1000.000000
48.000000,-181.000000,-179.300000,180.000000,0.010319,0.002525,0.001529,0.002884,1000.000000
48.500000,-181.000000,-179.300000,0.000000,0.010273,0.002503,0.001476,0.002858,1000.000000
48.500000,-181.000000,-179.300000,180.000000,0.010415,0.002535,0.001639,0.002895,1000.000000
49.000000,-181.000000,-179.300000,0.000000,0.010370,0.002502,0.001587,0.002857,1000.000000
49.000000,-181.000000,-179.300000,180.000000,0.010389,0.002483,0.001609,0.002836,1000.000000
49.500000,-181.000000,-179.300000,0.000000,0.010572,0.002490,0.001818,0.002844,1000.000000
49.500000,-181.000000,-179.300000,180.000000,0.010279,0.002455,0.001484,0.002803,1000.000000
50.000000,-181.000000,-179.300000,0.000000,0.010321,0.002440,0.001532,0.002787,1000.000000
50.000000,-181.000000,-179.300000,180.000000,0.010224,0.002438,0.001421,0.002783,1000.000000
50.500000,-181.000000,-179.300000,0.000000,0.010302,0.002454,0.001510,0.002802,1000.000000
50.500000,-181.000000,-179.300000,180.000000,0.010517,0.002482,0.001756,0.002834,1000.000000
51.000000,-181.000000,-179.300000,0.000000,0.010522,0.002509,0.001762,0.002865,1000.000000
51.000000,-181.000000,-179.300000,180.000000,0.010298,0.002533,0.001506,0.002893,1000.000000
51.500000,-181.000000,-179.300000,0.000000,0.010460,0.002490,0.001690,0.002844,1000.000000
51.500000,-181.000000,-179.300000,180.000000,0.010358,0.002495,0.001574,0.002849,1000.000000
52.000000,-181.000000,-179.300000,0.000000,0.010403,0.002497,0.001625,0.002851,1000.000000
52.000000,-181.000000,-179.300000,180.000000,0.010419,0.002444,0.001644,0.002791,1000.000000
52.500000,-181.000000,-179.300000,0.000000,0.010409,0.002492,0.001632,0.002845,1000.000000
52.500000,-181.000000,-179.300000,180.000000,0.010277,0.002597,0.001481,0.002965,1000.000000
53.000000,-181.000000,-179.300000,0.000000,0.010400,0.002453,0.001622,0.002801,1000.000000
53.000000,-181.000000,-179.300000,180.000000,0.010343,0.002462,0.001556,0.002811,1000.000000
53.500000,-181.000000,-179.300000,0.000000,0.010272,0.002438,0.001475,0.002784,1000.000000
53.500000,-181.000000,-179.300000,180.000000,0.010351,0.002487,0.001565,0.002840,1000.000000
54.000000,-181.000000,-179.300000,0.000000,0.010380,0.002441,0.001599,0.002787,1000.000000
54.000000,-181.000000,-179.300000,180.000000,0.010312,0.002470,0.001522,0.002821,1000.000000
54.500000,-181.000000,-179.300000,0.000000,0.010352,0.002473,0.001567,0.002824,1000.000000
54.500000,-181.000000,-179.300000,180.000000,0.010359,0.002557,0.001575,0.002919,1000.000000
55.000000,-181.000000,-179.300000,0.000000,0.010344,0.002471,0.001558,0.002822,1000.000000
55.000000,-181.000000,-179.300000,180.000000,0.010361,0.002520,0.001577,0.002878,1000.000000
0.000000,-181.500000,-179.300000,0.000000,0.010540,0.002525,0.001782,0.002883,1000.000000
0.000000,-181.500000,-179.300000,180.000000,0.010468,0.002466,0.001699,0.002816,1000.000000
0.500000,-181.500000,-179.300000,0.000000,0.010365,0.002519,0.001581,0.002876,1000.000000
0.500000,-181.500000,-179.300000,180.000000,0.010382,0.002563,0.001602,0.002926,1000.000000
1.000000,-181.500000,-179.300000,0.000000,0.010307,0.002465,0.001516,0.002814,1000.000000
1.000000,-181.500000,-179.300000,180.000000,0.010331,0.002540,0.001543,0.002901,1000.000000
1.500000,-181.500000,-179.300000,0.000000,0.010410,0.002545,0.001634,0.002906,1000.000000
1.500000,-181.500000,-179.300000,180.000000,0.010357,0.002541,0.001572,0.002902,1000.000000
2.000000,-181.500000,-179.300000,0.000000,0.010442,0.002456,0.001670,0.002804,1000.000000
2.000000,-181.500000,-179.300000,180.000000,0.010198,0.002511,0.001391,0.002868,1000.000000
2.500000,-181.500000,-179.300000,0.000000,0.010338,0.002474,0.001551,0.002825,1000.000000
2.500000,-181.500000,-179.300000,180.000000,0.010316,0.002495,0.001526,0.002849,1000.000000
3.000000,-181.500000,-179.300000,0.000000,0.010376,0.002521,0.001594,0.002879,1000.000000
3.000000,-181.500000,-179.300000,180.000000,0.010482,0.002512,0.001715,0.002869,1000.000000
3.500000,-181.500000,-179.300000,0.000000,0.010465,0.002524,0.001696,0.002882,1000.000000
3.500000,-181.500000,-179.300000,180.000000,0.010424,0.002548,0.001650,0.002910,1000.000000
4.000000,-181.500000,-179.300000,0.000000,0.010584,0.002487,0.001831,0.002839,1000.000000
4.000000,-181.500000,-179.300000,180.000000,0.010798,0.002515,0.002076,0.002872,1000.000000
4.500000,-181.500000,-179.300000,0.000000,0.010401,0.002407,0.001623,0.002749,1000.000000
4.500000,-181.500000,-179.300000,180.000000,0.010584,0.002529,0.001831,0.002888,1000.000000
5.000000,-181.500000,-179.300000,0.000000,0.010305,0.002529,0.001513,0.002888,1000.000000
5.000000,-181.500000,-179.300000,180.000000,0.010454,0.002501,0.001683,0.002856,1000.000000
5.500000,-181.500000,-179.300000,0.000000,0.010596,0.002548,0.001846,0.002910,1000.000000
5.500000,-181.500000,-179.300000,180.000000,0.010317,0.002518,0.001527,0.002875,1000.000000
6.000000,-181.500000,-179.300000,0.000000,0.010024,0.002454,0.001193,0.002802,1000.000000
6.000000,-181.500000,-179.300000,180.000000,0.010325,0.002495,0.001536,0.002849,1000.000000
6.500000,-181.500000,-179.300000,0.000000,0.010343,0.002521,0.001556,0.002879,1000.000000
6.500000,-181.500000,-179.300000,180.000000,0.010163,0.002444,0.001351,0.002791,1000.000000
7.000000,-181.500000,-179.300000,0.000000,0.010386,0.002494,0.001606,0.002847,1000.000000
7.000000,-181.500000,-179.300000,180.000000,0.010823,0.002643,0.002105,0.003018,1000.000000
7.500000,-181.500000,-179.300000,0.000000,0.010286,0.002422,0.001491,0.002766,1000.000000
7.500000,-181.500000,-179.300000,180.000000,0.010297,0.002517,0.001504,0.002874,1000.000000
8.000000,-181.500000,-179.300000,0.000000,0.010561,0.002568,0.001805,0.002932,1000.000000
8.000000,-181.500000,-179.300000,180.000000,0.010375,0.002483,0.001593,0.002836,1000.000000
8.500000,-181.500000,-179.300000,0.000000,0.010302,0.002445,0.001510,0.002792,1000.000000
8.500000,-181.500000,-179.300000,180.000000,0.010487,0.002510,0.001721,0.002866,1000.000000
9.000000,-181.500000,-179.300000,0.000000,0.010417,0.002589,0.001641,0.002956,1000.000000
9.000000,-181.500000,-179.300000,180.000000,0.010288,0.002464,0.001494,0.002814,1000.000000
9.500000,-181.500000,-179.300000,0.000000,0.010377,0.002570,0.001596,0.002935,1000.000000
9.500000,-181.500000,-179.300000,180.000000,0.010463,0.002494,0.001693,0.002848,1000.000000
10.000000,-181.500000,-179.300000,0.000000,0.010377,0.002524,0.001596,0.002882,1000.000000
10.000000,-181.500000,-179.300000,180.000000,0.010308,0.002460,0.001517,0.002809,1000.000000
10.500000,-181.500000,-179.300000,0.000000,0.010264,0.002491,0.001466,0.002844,1000.000000
10.500000,-181.500000,-179.300000,180.000000,0.010362,0.002518,0.001578,0.002875,1000.000000
11.000000,-181.500000,-179.300000,0.000000,0.010165,0.002499,0.001353,0.002854,1000.000000
11.000000,-181.500000,-179.300000,180.000000,0.010320,0.002529,0.001530,0.002887,1000.000000
11.500000,-181.500000,-179.300000,0.000000,0.010465,0.002434,0.001696,0.002780,1000.000000
11.500000,-181.500000,-179.300000,180.000000,0.010414,0.002508,0.001638,0.002864,1000.000000
12.000000,-181.500000,-179.300000,0.000000,0.010382,0.002568,0.001602,0.002932,1000.000000
12.000000,-181.500000,-179.300000,180.000000,0.010333,0.002502,0.001545,0.002857,1000.000000
12.500000,-181.500000,-179.300000,0.000000,0.010351,0.002565,0.001565,0.002929,1000.000000
12.500000,-181.500000,-179.300000,180.000000,0.010310,0.002508,0.001519,0.002864,1000.000000
13.000000,-181.500000,-179.300000,0.000000,0.010303,0.002524,0.001511,0.002882,1000.000000
13.000000,-181.500000,-179.300000,180.000000,0.010356,0.002462,0.001571,0.002811,1000.000000
13.500000,-181.500000,-179.300000,0.000000,0.010384,0.002434,0.001603,0.002779,1000.000000
13.500000,-181.500000,-179.300000,180.000000,0.010333,0.002529,0.001545,0.002888,1000.000000
14.000000,-181.500000,-179.300000,0.000000,0.010458,0.002456,0.001687,0.002805,1000.000000
14.000000,-181.500000,-179.300000,180.000000,0.010352,0.002521,0.001567,0.002879,1000.000000
14.500000,-181.500000,-179.300000,0.000000,0.010494,0.002508,0.001730,0.002864,1000.000000
14.500000,-181.500000,-179.300000,180.000000,0.010351,0.002494,0.001565,0.002847,1000.000000
15.000000,-181.500000,-179.300000,0.000000,0.010312,0.002525,0.001522,0.002884,1000.000000
15.000000,-181.500000,-179.300000,180.000000,0.010357,0.002505,0.001572,0.002861,1000.000000
15.500000,-181.500000,-179.300000,0.000000,0.010565,0.002470,0.001810,0.002821,1000.000000
15.500000,-181.500000,-179.300000,180.000000,0.010380,0.002482,0.001599,0.002834,1000.000000
16.000000,-181.500000,-179.300000,0.000000,0.010372,0.002502,0.001590,0.002857,1000.000000
16.000000,-181.500000,-179.300000,180.000000,0.010447,0.002551,0.001676,0.002913,1000.000000
16.500000,-181.500000,-179.300000,0.000000,0.010419,0.002480,0.001644,0.002832,1000.000000
16.500000,-181.500000,-179.300000,180.000000,0.010357,0.002535,0.001572,0.002895,1000.000000
17.000000,-181.500000,-179.300000,0.000000,0.010380,0.002541,0.001599,0.002902,1000.000000
17.000000,-181.500000,-179.300000,180.000000,0.010273,0.002467,0.001476,0.002817,1000.000000
17.500000,-181.500000,-179.300000,0.000000,0.010293,0.002566,0.001500,0.002930,1000.000000
17.500000,-181.500000,-179.300000,180.000000,0.010358,0.002504,0.001574,0.002859,1000.000000
18.000000,-181.500000,-179.300000,0.000000,0.010401,0.002463,0.001623,0.002813,1000.000000
18.000000,-181.500000,-179.300000,180.000000,0.010362,0.002547,0.001578,0.002909,1000.000000
18.500000,-181.500000,-179.300000,0.000000,0.010410,0.002531,0.001634,0.002890,1000.000000
18.500000,-181.500000,-179.300000,180.000000,0.010432,0.002517,0.001658,0.002874,1000.000000
19.000000,-181.500000,-179.300000,0.000000,0.010421,0.002476,0.001645,0.002827,1000.000000
19.000000,-181.500000,-179.300000,180.000000,0.010450,0.002519,0.001679,0.002876,1000.000000
19.500000,-181.500000,-179.300000,0.000000,0.010435,0.002498,0.001661,0.002852,1000.000000
19.500000,-181.500000,-179.300000,180.000000,0.010326,0.002534,0.001538,0.002893,1000.000000
20.000000,-181.500000,-179.300000,0.000000,0.010373,0.002516,0.001591,0.002873,1000.000000
20.000000,-181.500000,-179.300000,180.000000,0.010275,0.002535,0.001479,0.002895,1000.000000
20.500000,-181.500000,-179.300000,0.000000,0.010287,0.002430,0.001492,0.002774,1000.000000
20.500000,-181.500000,-179.300000,180.000000,0.010337,0.002432,0.001549,0.002777,1000.000000
21.000000,-181.500000,-179.300000,0.000000,0.010349,0.002503,0.001564,0.002858,1000.000000
21.000000,-181.500000,-179.300000,180.000000,0.010320,0.002443,0.001530,0.002790,1000.000000
21.500000,-181.500000,-179.300000,0.000000,0.010401,0.002539,0.001623,0.002900,1000.000000
21.500000,-181.500000,-179.300000,180.000000,0.010330,0.002482,0.001542,0.002834,1000.000000
22.000000,-181.500000,-179.300000,0.000000,0.010312,0.002497,0.001522,0.002851,1000.000000
22.000000,-181.500000,-179.300000,180.000000,0.010365,0.002520,0.001581,0.002878,1000.000000
22.500000,-181.500000,-179.300000,0.000000,0.010344,0.002498,0.001558,0.002853,1000.000000
22.500000,-181.500000,-179.300000,180.000000,0.010387,0.002375,0.001607,0.002712,1000.000000
23.000000,-181.500000,-179.300000,0.000000,0.010269,0.002516,0.001472,0.002873,1000.000000
23.000000,-181.500000,-179.300000,180.000000,0.010403,0.002400,0.001625,0.002741,1000.000000
23.500000,-181.500000,-179.300000,0.000000,0.010349,0.002514,0.001564,0.002871,1000.000000
23.500000,-181.500000,-179.300000,180.000000,0.010343,0.002564,0.001556,0.002928,1000.000000
24.000000,-181.500000,-179.300000,0.000000,0.010426,0.002475,0.001651,0.002827,1000.000000
24.000000,-181.500000,-179.300000,180.000000,0.010437,0.002454,0.001664,0.002802,1000.000000
24.500000,-181.500000,-179.300000,0.000000,0.010419,0.002489,0.001644,0.002842,1000.000000
24.500000,-181.500000,-179.300000,180.000000,0.010381,0.002521,0.001600,0.002878,1000.000000
25.000000,-181.500000,-179.300000,0.000000,0.010372,0.002486,0.001590,0.002839,1000.000000
25.000000,-181.500000,-179.300000,180.000000,0.010319,0.002499,0.001529,0.002854,1000.000000
25.500000,-181.500000,-179.300000,0.000000,0.010323,0.002517,0.001533,0.002874,1000.000000
25.500000,-181.500000,-179.300000,180.000000,0.010373,0.002503,0.001591,0.002859,1000.000000
26.000000,-181.500000,-179.300000,0.000000,0.010447,0.002528,0.001676,0.002887,1000.000000
26.000000,-181.500000,-179.300000,180.000000,0.010395,0.002485,0.001616,0.002837,1000.000000
26.500000,-181.500000,-179.300000,0.000000,0.010362,0.002577,0.001578,0.002943,1000.000000
26.500000,-181.500000,-179.300000,180.000000,0.010441,0.002495,0.001668,0.002849,1000.000000
27.000000,-181.500000,-179.300000,0.000000,0.010284,0.002461,0.001490,0.002810,1000.000000
27.000000,-181.500000,-179.300000,180.000000,0.010338,0.002499,0.001551,0.002853,1000.000000
27.500000,-181.500000,-179.300000,0.000000,0.010302,0.002435,0.001510,0.002780,1000.000000
27.500000,-181.500000,-179.300000,180.000000,0.010325,0.002553,0.001536,0.002915,1000.000000
28.000000,-181.500000,-179.300000,0.000000,0.010382,0.002510,0.001602,0.002866,1000.000000
28.000000,-181.500000,-179.300000,180.000000,0.010358,0.002447,0.001574,0.002794,1000.000000
28.500000,-181.500000,-179.300000,0.000000,0.010249,0.002565,0.001449,0.002929,1000.000000
28.500000,-181.500000,-179.300000,180.000000,0.010333,0.002441,0.001545,0.002787,1000.000000
29.000000,-181.500000,-179.300000,0.000000,0.010242,0.002507,0.001442,0.002863,1000.000000
29.000000,-181.500000,-179.300000,180.000000,0.010408,0.002546,0.001631,0.002907,1000.000000
29.500000,-181.500000,-179.300000,0.000000,0.010275,0.002499,0.001479,0.002854,1000.000000
29.500000,-181.500000,-179.300000,180.000000,0.010385,0.002427,0.001604,0.002771,1000.000000
30.000000,-181.500000,-179.300000,0.000000,0.010258,0.002466,0.001459,0.002815,1000.000000
30.000000,-181.500000,-179.300000,180.000000,0.010264,0.002466,0.001466,0.002816,1000.000000
30.500000,-181.500000,-179.300000,0.000000,0.010396,0.002489,0.001618,0.002842,1000.000000
30.500000,-181.500000,-179.300000,180.000000,0.010358,0.002536,0.001574,0.002896,1000.000000
31.000000,-181.500000,-179.300000,0.000000,0.010433,0.002511,0.001660,0.002867,1000.000000
31.000000,-181.500000,-179.300000,180.000000,0.010321,0.002509,0.001532,0.002865,1000.000000
31.500000,-181.500000,-179.300000,0.000000,0.010373,0.002474,0.001591,0.002825,1000.000000
31.500000,-181.500000,-179.300000,180.000000,0.010419,0.002527,0.001644,0.002886,1000.000000
32.000000,-181.500000,-179.300000,0.000000,0.010342,0.002493,0.001555,0.002847,1000.000000
32.000000,-181.500000,-179.300000,180.000000,0.010340,0.002478,0.001554,0.002830,1000.000000
32.500000,-181.500000,-179.300000,0.000000,0.010334,0.002524,0.001546,0.002882,1000.000000
32.500000,-181.500000,-179.300000,180.000000,0.010259,0.002481,0.001460,0.002833,1000.000000
33.000000,-181.500000,-179.300000,0.000000,0.010586,0.002580,0.001834,0.002946,1000.000000
33.000000,-181.500000,-179.300000,180.000000,0.010312,0.002473,0.001522,0.002824,1000.000000
33.500000,-181.500000,-179.300000,0.000000,0.010335,0.002534,0.001548,0.002894,1000.000000
33.500000,-181.500000,-179.300000,180.000000,0.010419,0.002483,0.001644,0.002835,1000.000000
34.000000,-181.500000,-179.300000,0.000000,0.010351,0.002492,0.001565,0.002846,1000.000000
34.000000,-181.500000,-179.300000,180.000000,0.010317,0.002548,0.001527,0.002909,1000.000000
34.500000,-181.500000,-179.300000,0.000000,0.010385,0.002539,0.001604,0.002900,1000.000000
34.500000,-181.500000,-179.300000,180.000000,0.010393,0.002481,0.001613,0.002833,1000.000000
35.000000,-181.500000,-179.300000,0.000000,0.010342,0.002474,0.001555,0.002825,1000.000000
35.000000,-181.500000,-179.300000,180.000000,0.010386,0.002477,0.001606,0.002829,1000.000000
35.500000,-181.500000,-179.300000,0.000000,0.010390,0.002523,0.001610,0.002881,1000.000000
35.500000,-181.500000,-179.300000,180.000000,0.010354,0.002483,0.001570,0.002836,1000.000000
