28.000000,-92.550000,-178.300000,0.000000,0.152478,0.002495,0.163859,0.002849,1000.000000
28.000000,-92.550000,-178.300000,180.000000,0.157738,0.002404,0.169866,0.002745,1000.000000
33.000000,-92.550000,-178.300000,0.000000,0.205969,0.002679,0.224941,0.003059,1000.000000
33.000000,-92.550000,-178.300000,180.000000,0.213420,0.002571,0.233448,0.002936,1000.000000
38.000000,-92.550000,-178.300000,0.000000,0.157513,0.002604,0.169608,0.002974,1000.000000
38.000000,-92.550000,-178.300000,180.000000,0.165088,0.002566,0.178258,0.002930,1000.000000
28.000000,-97.550000,-178.300000,0.000000,0.200673,0.002613,0.218893,0.002984,1000.000000
28.000000,-97.550000,-178.300000,180.000000,0.197407,0.002678,0.215164,0.003058,1000.000000
33.000000,-97.550000,-178.300000,0.000000,0.242518,0.002629,0.266675,0.003002,1000.000000
33.000000,-97.550000,-178.300000,180.000000,0.241546,0.002501,0.265565,0.002856,1000.000000
38.000000,-97.550000,-178.300000,0.000000,0.200891,0.002554,0.219142,0.002917,1000.000000
38.000000,-97.550000,-178.300000,180.000000,0.202927,0.002526,0.221466,0.002884,1000.000000
28.000000,-102.550000,-178.300000,0.000000,0.149133,0.002592,0.160039,0.002960,1000.000000
28.000000,-102.550000,-178.300000,180.000000,0.140815,0.002589,0.150542,0.002956,1000.000000
33.000000,-102.550000,-178.300000,0.000000,0.199303,0.002503,0.217328,0.002858,1000.000000
33.000000,-102.550000,-178.300000,180.000000,0.191058,0.002567,0.207913,0.002931,1000.000000
38.000000,-102.550000,-178.300000,0.000000,0.148895,0.002422,0.159767,0.002766,1000.000000
38.000000,-102.550000,-178.300000,180.000000,0.143463,0.002677,0.153566,0.003057,1000.000000
