17.739800, -98.000000, -179.400000, 0.000000, 0.005338,0.002225,-0.004158, 0.002541,1000
18.739800, -98.000000, -179.400000, 0.000000, 0.005419,0.002175,-0.004067, 0.002483,1000
19.739800, -98.000000, -179.400000, 0.000000, 0.005798,0.002235,-0.003633, 0.002552,1000
20.739800, -98.000000, -179.400000, 0.000000, 0.006440,0.002253,-0.002900, 0.002573,1000
21.739800, -98.000000, -179.400000, 0.000000, 0.007825,0.002300,-0.001319, 0.002627,1000
22.739800, -98.000000, -179.400000, 0.000000, 0.010469,0.002454,0.001700, 0.002802,1000
23.739800, -98.000000, -179.400000, 0.000000, 0.014721,0.002450,0.006555, 0.002798,1000
24.739800, -98.000000, -179.400000, 0.000000, 0.022592,0.002498,0.015544, 0.002852,1000
25.739800, -98.000000, -179.400000, 0.000000, 0.035923,0.002528,0.030766, 0.002887,1000
26.739800, -98.000000, -179.400000, 0.000000, 0.059062,0.002577,0.057188, 0.002943,1000
27.739800, -98.000000, -179.400000, 0.000000, 0.096495,0.002437,0.099932, 0.002783,1000
28.739800, -98.000000, -179.400000, 0.000000, 0.145440,0.002673,0.155823, 0.003053,1000
29.739800, -98.000000, -179.400000, 0.000000, 0.192902,0.002495,0.210019, 0.002848,1000
30.739800, -98.000000, -179.400000, 0.000000, 0.228929,0.002679,0.251157, 0.003059,1000
31.739800, -98.000000, -179.400000, 0.000000, 0.251460,0.002715,0.276885, 0.003100,1000
32.739800, -98.000000, -179.400000, 0.000000, 0.263398,0.002647,0.290518, 0.003023,1000
33.739800, -98.000000, -179.400000, 0.000000, 0.264985,0.002619,0.292330, 0.002990,1000
34.739800, -98.000000, -179.400000, 0.000000, 0.253853,0.002653,0.279618, 0.003030,1000
35.739800, -98.000000, -179.400000, 0.000000, 0.230632,0.002589,0.253102, 0.002956,1000
36.739800, -98.000000, -179.400000, 0.000000, 0.192584,0.002584,0.209656, 0.002950,1000
37.739800, -98.000000, -179.400000, 0.000000, 0.142900,0.002615,0.152923, 0.002986,1000
38.739800, -98.000000, -179.400000, 0.000000, 0.095724,0.002472,0.099052, 0.002823,1000
39.739800, -98.000000, -179.400000, 0.000000, 0.061162,0.002539,0.059587, 0.002899,1000
40.739800, -98.000000, -179.400000, 0.000000, 0.039244,0.002380,0.034558, 0.002717,1000
41.739800, -98.000000, -179.400000, 0.000000, 0.025756,0.002442,0.019157, 0.002788,1000
42.739800, -98.000000, -179.400000, 0.000000, 0.017342,0.002515,0.009549, 0.002872,1000
43.739800, -98.000000, -179.400000, 0.000000, 0.012401,0.002519,0.003907, 0.002877,1000
44.739800, -98.000000, -179.400000, 0.000000, 0.009459,0.002327,0.000547, 0.002657,1000
45.739800, -98.000000, -179.400000, 0.000000, 0.007812,0.002268,-0.001334, 0.002590,1000
46.739800, -98.000000, -179.400000, 0.000000, 0.006919,0.002193,-0.002353, 0.002504,1000
47.739800, -98.000000, -179.400000, 0.000000, 0.006313,0.002121,-0.003045, 0.002422,1000
48.739800, -98.000000, -179.400000, 0.000000, 0.006120,0.002243,-0.003265, 0.002561,1000
49.260200, -98.000000, -179.400000, 0.000000, 0.006177,0.002126,-0.003201, 0.002428,1000
