0.000000, -60.000000, -170.100000, -0.026121, 0.000458, 100
0.000000, -60.000000, -169.600000, -0.024122, 0.000483, 100
0.000000, -60.000000, -169.100000, -0.022089, 0.000361, 100
0.000000, -60.000000, -168.600000, -0.021126, 0.001299, 100
0.000000, -60.000000, -168.100000, -0.018610, 0.000813, 100
0.000000, -60.000000, -167.600000, -0.018613, 0.002075, 100
0.000000, -60.000000, -167.100000, -0.015167, 0.000540, 100
0.000000, -60.000000, -166.600000, -0.013520, 0.000466, 100
0.000000, -60.000000, -166.100000, -0.012060, 0.000565, 100
0.000000, -60.000000, -165.600000, -0.011665, 0.001260, 100
0.000000, -60.000000, -165.100000, -0.009564, 0.000501, 100
0.000000, -60.000000, -164.600000, -0.008699, 0.001011, 100
0.000000, -60.000000, -164.100000, -0.009679, 0.002440, 100
0.000000, -60.000000, -163.600000, -0.006357, 0.000468, 100
0.000000, -60.000000, -163.100000, -0.006160, 0.001442, 100
0.000000, -60.000000, -162.600000, -0.006828, 0.002331, 100
0.000000, -60.000000, -162.100000, -0.003953, 0.000521, 100
0.000000, -60.000000, -161.600000, -0.003552, 0.001001, 100
0.000000, -60.000000, -161.100000, -0.005361, 0.002835, 100
0.000000, -60.000000, -160.600000, -0.003519, 0.001717, 100
0.000000, -60.000000, -160.100000, -0.002687, 0.001566, 100
0.000000, -60.000000, -159.600000, -0.003500, 0.002292, 100
0.000000, -60.000000, -159.100000, -0.003256, 0.002339, 100
0.000000, -60.000000, -158.600000, -0.001257, 0.001182, 100
0.000000, -60.000000, -158.100000, -0.002635, 0.002363, 100
0.000000, -60.000000, -157.600000, -0.002829, 0.002674, 100
0.000000, -60.000000, -157.100000, -0.000093, 0.000462, 100
0.000000, -60.000000, -156.600000, -0.002414, 0.002568, 100
0.000000, -60.000000, -156.100000, -0.002457, 0.002718, 100
0.000000, -60.000000, -155.600000, -0.000330, 0.001186, 100
0.000000, -60.000000, -155.100000, -0.002312, 0.002633, 100
0.000000, -59.500000, -170.100000, -0.026762, 0.000683, 100
0.000000, -59.500000, -169.600000, -0.027321, 0.002893, 100
0.000000, -59.500000, -169.100000, -0.022418, 0.000498, 100
0.000000, -59.500000, -168.600000, -0.020422, 0.000489, 100
0.000000, -59.500000, -168.100000, -0.018475, 0.000500, 100
0.000000, -59.500000, -167.600000, -0.016690, 0.000530, 100
0.000000, -59.500000, -167.100000, -0.014947, 0.000548, 100
0.000000, -59.500000, -166.600000, -0.013227, 0.000523, 100
0.000000, -59.500000, -166.100000, -0.011750, 0.000492, 100
0.000000, -59.500000, -165.600000, -0.010379, 0.000551, 100
0.000000, -59.500000, -165.100000, -0.009106, 0.000595, 100
0.000000, -59.500000, -164.600000, -0.007840, 0.000493, 100
0.000000, -59.500000, -164.100000, -0.006650, 0.000500, 100
0.000000, -59.500000, -163.600000, -0.005838, 0.000656, 100
0.000000, -59.500000, -163.100000, -0.005127, 0.000808, 100
0.000000, -59.500000, -162.600000, -0.004318, 0.000850, 100
0.000000, -59.500000, -162.100000, -0.003605, 0.000843, 100
0.000000, -59.500000, -161.600000, -0.002648, 0.000528, 100
0.000000, -59.500000, -161.100000, -0.001987, 0.000511, 100
0.000000, -59.500000, -160.600000, -0.001563, 0.000587, 100
0.000000, -59.500000, -160.100000, -0.001106, 0.000483, 100
0.000000, -59.500000, -159.600000, -0.001201, 0.000950, 100
0.000000, -59.500000, -159.100000, -0.000395, 0.000478, 100
0.000000, -59.500000, -158.600000, -0.000040, 0.000478, 100
0.000000, -59.500000, -158.100000, 0.000029, 0.000602, 100
0.000000, -59.500000, -157.600000, 0.000269, 0.000447, 100
0.000000, -59.500000, -157.100000, 0.000335, 0.000670, 100
0.000000, -59.500000, -156.600000, -0.000316, 0.001373, 100
0.000000, -59.500000, -156.100000, 0.000401, 0.000807, 100
0.000000, -59.500000, -155.600000, 0.000713, 0.000609, 100
0.000000, -59.500000, -155.100000, 0.000766, 0.000433, 100
0.000000, -59.000000, -170.100000, -0.027976, 0.001392, 100
0.000000, -59.000000, -169.600000, -0.024802, 0.000442, 100
0.000000, -59.000000, -169.100000, -0.022944, 0.000975, 100
0.000000, -59.000000, -168.600000, -0.022129, 0.001955, 100
0.000000, -59.000000, -168.100000, -0.018620, 0.000751, 100
0.000000, -59.000000, -167.600000, -0.017259, 0.001473, 100
0.000000, -59.000000, -167.100000, -0.014687, 0.000536, 100
0.000000, -59.000000, -166.600000, -0.012951, 0.000429, 100
0.000000, -59.000000, -166.100000, -0.011803, 0.001149, 100
0.000000, -59.000000, -165.600000, -0.011902, 0.002203, 100
0.000000, -59.000000, -165.100000, -0.008416, 0.000438, 100
0.000000, -59.000000, -164.600000, -0.009317, 0.002202, 100
0.000000, -59.000000, -164.100000, -0.006084, 0.000468, 100
0.000000, -59.000000, -163.600000, -0.006890, 0.002027, 100
0.000000, -59.000000, -163.100000, -0.004799, 0.001287, 100
0.000000, -59.000000, -162.600000, -0.003325, 0.000486, 100
0.000000, -59.000000, -162.100000, -0.003644, 0.001414, 100
0.000000, -59.000000, -161.600000, -0.004134, 0.002360, 100
0.000000, -59.000000, -161.100000, -0.003493, 0.002224, 100
0.000000, -59.000000, -160.600000, -0.000928, 0.000427, 100
0.000000, -59.000000, -160.100000, -0.000435, 0.000498, 100
0.000000, -59.000000, -159.600000, -0.000103, 0.000530, 100
0.000000, -59.000000, -159.100000, -0.001158, 0.001836, 100
0.000000, -59.000000, -158.600000, 0.000466, 0.000531, 100
0.000000, -59.000000, -158.100000, 0.000216, 0.000993, 100
0.000000, -59.000000, -157.600000, 0.000183, 0.001241, 100
0.000000, -59.000000, -157.100000, -0.001145, 0.002301, 100
0.000000, -59.000000, -156.600000, -0.000866, 0.002206, 100
0.000000, -59.000000, -156.100000, 0.001203, 0.000453, 100
0.000000, -59.000000, -155.600000, -0.001102, 0.002430, 100
0.000000, -59.000000, -155.100000, -0.000797, 0.002334, 100
0.000000, -58.500000, -170.100000, -0.027805, 0.000661, 100
0.000000, -58.500000, -169.600000, -0.026286, 0.001629, 100
0.000000, -58.500000, -169.100000, -0.025016, 0.002464, 100
0.000000, -58.500000, -168.600000, -0.020938, 0.001019, 100
0.000000, -58.500000, -168.100000, -0.020994, 0.002758, 100
0.000000, -58.500000, -167.600000, -0.019021, 0.002645, 100
0.000000, -58.500000, -167.100000, -0.014296, 0.000477, 100
0.000000, -58.500000, -166.600000, -0.012559, 0.000440, 100
0.000000, -58.500000, -166.100000, -0.013533, 0.002781, 100
0.000000, -58.500000, -165.600000, -0.009366, 0.000623, 100
0.000000, -58.500000, -165.100000, -0.010208, 0.002483, 100
0.000000, -58.500000, -164.600000, -0.008669, 0.002311, 100
0.000000, -58.500000, -164.100000, -0.005394, 0.000483, 100
0.000000, -58.500000, -163.600000, -0.004365, 0.000438, 100
0.000000, -58.500000, -163.100000, -0.005078, 0.002043, 100
0.000000, -58.500000, -162.600000, -0.004463, 0.002178, 100
0.000000, -58.500000, -162.100000, -0.002895, 0.001577, 100
0.000000, -58.500000, -161.600000, -0.001628, 0.001147, 100
0.000000, -58.500000, -161.100000, -0.003408, 0.002860, 100
0.000000, -58.500000, -160.600000, -0.002845, 0.002787, 100
0.000000, -58.500000, -160.100000, -0.002460, 0.002936, 100
0.000000, -58.500000, -159.600000, 0.000552, 0.000452, 100
0.000000, -58.500000, -159.100000, -0.001872, 0.002863, 100
0.000000, -58.500000, -158.600000, -0.000954, 0.002252, 100
0.000000, -58.500000, -158.100000, 0.001216, 0.000550, 100
0.000000, -58.500000, -157.600000, -0.001300, 0.002818, 100
0.000000, -58.500000, -157.100000, 0.000318, 0.001670, 100
0.000000, -58.500000, -156.600000, 0.000131, 0.001879, 100
0.000000, -58.500000, -156.100000, 0.001703, 0.000534, 100
0.000000, -58.500000, -155.600000, 0.001177, 0.001033, 100
0.000000, -58.500000, -155.100000, 0.000637, 0.001549, 100
0.000000, -58.000000, -170.100000, -0.030699, 0.002630, 100
0.000000, -58.000000, -169.600000, -0.028275, 0.002865, 100
0.000000, -58.000000, -169.100000, -0.025878, 0.002983, 100
0.000000, -58.000000, -168.600000, -0.023448, 0.002993, 100
0.000000, -58.000000, -168.100000, -0.020340, 0.002381, 100
0.000000, -58.000000, -167.600000, -0.018972, 0.002953, 100
0.000000, -58.000000, -167.100000, -0.016785, 0.002817, 100
0.000000, -58.000000, -166.600000, -0.012106, 0.000510, 100
0.000000, -58.000000, -166.100000, -0.012915, 0.002653, 100
0.000000, -58.000000, -165.600000, -0.011619, 0.002935, 100
0.000000, -58.000000, -165.100000, -0.007416, 0.000882, 100
0.000000, -58.000000, -164.600000, -0.005890, 0.000475, 100
0.000000, -58.000000, -164.100000, -0.005338, 0.001330, 100
0.000000, -58.000000, -163.600000, -0.003552, 0.000450, 100
0.000000, -58.000000, -163.100000, -0.004434, 0.002095, 100
0.000000, -58.000000, -162.600000, -0.004029, 0.002321, 100
0.000000, -58.000000, -162.100000, -0.001148, 0.000478, 100
0.000000, -58.000000, -161.600000, -0.003365, 0.002919, 100
0.000000, -58.000000, -161.100000, -0.002947, 0.002886, 100
0.000000, -58.000000, -160.600000, -0.002059, 0.002586, 100
0.000000, -58.000000, -160.100000, -0.001934, 0.002906, 100
0.000000, -58.000000, -159.600000, -0.001448, 0.002761, 100
0.000000, -58.000000, -159.100000, -0.000395, 0.002183, 100
0.000000, -58.000000, -158.600000, -0.000264, 0.002411, 100
0.000000, -58.000000, -158.100000, 0.000447, 0.002443, 100
0.000000, -58.000000, -157.600000, -0.000701, 0.002941, 100
0.000000, -58.000000, -157.100000, 0.002035, 0.000819, 100
0.000000, -58.000000, -156.600000, -0.000507, 0.002818, 100
0.000000, -58.000000, -156.100000, 0.002186, 0.000647, 100
0.000000, -58.000000, -155.600000, 0.000739, 0.001769, 100
0.000000, -58.000000, -155.100000, -0.000530, 0.002999, 100
0.000000, -57.500000, -170.100000, -0.031383, 0.003086, 100
0.000000, -57.500000, -169.600000, -0.028666, 0.003048, 100
0.000000, -57.500000, -169.100000, -0.025671, 0.002751, 100
0.000000, -57.500000, -168.600000, -0.021100, 0.001246, 100
0.000000, -57.500000, -168.100000, -0.018051, 0.000445, 100
0.000000, -57.500000, -167.600000, -0.018370, 0.002734, 100
0.000000, -57.500000, -167.100000, -0.014227, 0.001389, 100
0.000000, -57.500000, -166.600000, -0.014240, 0.002870, 100
0.000000, -57.500000, -166.100000, -0.012293, 0.002638, 100
0.000000, -57.500000, -165.600000, -0.009222, 0.001697, 100
0.000000, -57.500000, -165.100000, -0.006555, 0.000609, 100
0.000000, -57.500000, -164.600000, -0.007475, 0.002510, 100
0.000000, -57.500000, -164.100000, -0.004963, 0.001733, 100
0.000000, -57.500000, -163.600000, -0.002819, 0.000507, 100
0.000000, -57.500000, -163.100000, -0.004134, 0.002360, 100
0.000000, -57.500000, -162.600000, -0.001139, 0.000678, 100
0.000000, -57.500000, -162.100000, -0.000964, 0.001236, 100
0.000000, -57.500000, -161.600000, -0.002730, 0.003100, 100
0.000000, -57.500000, -161.100000, -0.001434, 0.002300, 100
0.000000, -57.500000, -160.600000, -0.001589, 0.003039, 100
0.000000, -57.500000, -160.100000, -0.001014, 0.002811, 100
0.000000, -57.500000, -159.600000, -0.000981, 0.002949, 100
0.000000, -57.500000, -159.100000, -0.000257, 0.002578, 100
0.000000, -57.500000, -158.600000, -0.000537, 0.002940, 100
0.000000, -57.500000, -158.100000, 0.002643, 0.000454, 100
0.000000, -57.500000, -157.600000, -0.000280, 0.002917, 100
0.000000, -57.500000, -157.100000, -0.000057, 0.002938, 100
0.000000, -57.500000, -156.600000, 0.002551, 0.000951, 100
0.000000, -57.500000, -156.100000, 0.002525, 0.000932, 100
0.000000, -57.500000, -155.600000, 0.000035, 0.002941, 100
0.000000, -57.500000, -155.100000, -0.000224, 0.002982, 100
0.000000, -57.000000, -170.100000, -0.030337, 0.001819, 100
0.000000, -57.000000, -169.600000, -0.028857, 0.003017, 100
0.000000, -57.000000, -169.100000, -0.023704, 0.001279, 100
0.000000, -57.000000, -168.600000, -0.022520, 0.002421, 100
0.000000, -57.000000, -168.100000, -0.020744, 0.002927, 100
0.000000, -57.000000, -167.600000, -0.016006, 0.001317, 100
0.000000, -57.000000, -167.100000, -0.015720, 0.002952, 100
0.000000, -57.000000, -166.600000, -0.012158, 0.002194, 100
0.000000, -57.000000, -166.100000, -0.009518, 0.001342, 100
0.000000, -57.000000, -165.600000, -0.010218, 0.003069, 100
0.000000, -57.000000, -165.100000, -0.008699, 0.002948, 100
0.000000, -57.000000, -164.600000, -0.007249, 0.003005, 100
0.000000, -57.000000, -164.100000, -0.006019, 0.002935, 100
0.000000, -57.000000, -163.600000, -0.004536, 0.002605, 100
0.000000, -57.000000, -163.100000, -0.003878, 0.003036, 100
0.000000, -57.000000, -162.600000, -0.002957, 0.002842, 100
0.000000, -57.000000, -162.100000, -0.000579, 0.001800, 100
0.000000, -57.000000, -161.600000, 0.001071, 0.000527, 100
0.000000, -57.000000, -161.100000, 0.001574, 0.000550, 100
0.000000, -57.000000, -160.600000, 0.000289, 0.002072, 100
0.000000, -57.000000, -160.100000, -0.000501, 0.003036, 100
0.000000, -57.000000, -159.600000, 0.001614, 0.001645, 100
0.000000, -57.000000, -159.100000, 0.002180, 0.001438, 100
0.000000, -57.000000, -158.600000, 0.000203, 0.003040, 100
0.000000, -57.000000, -158.100000, 0.003219, 0.000511, 100
0.000000, -57.000000, -157.600000, 0.003357, 0.000504, 100
0.000000, -57.000000, -157.100000, 0.000430, 0.002920, 100
0.000000, -57.000000, -156.600000, 0.002597, 0.001272, 100
0.000000, -57.000000, -156.100000, 0.002101, 0.001662, 100
0.000000, -57.000000, -155.600000, 0.003344, 0.000566, 100
0.000000, -57.000000, -155.100000, 0.000417, 0.002814, 100
0.000000, -56.500000, -170.100000, -0.029390, 0.000414, 100
0.000000, -56.500000, -169.600000, -0.029183, 0.003039, 100
0.000000, -56.500000, -169.100000, -0.023023, 0.000413, 100
0.000000, -56.500000, -168.600000, -0.023129, 0.003045, 100
0.000000, -56.500000, -168.100000, -0.020356, 0.002938, 100
0.000000, -56.500000, -167.600000, -0.017752, 0.003048, 100
0.000000, -56.500000, -167.100000, -0.015404, 0.002981, 100
0.000000, -56.500000, -166.600000, -0.013151, 0.003095, 100
0.000000, -56.500000, -166.100000, -0.011290, 0.003087, 100
0.000000, -56.500000, -165.600000, -0.006492, 0.000454, 100
0.000000, -56.500000, -165.100000, -0.006042, 0.002042, 100
0.000000, -56.500000, -164.600000, -0.006463, 0.003028, 100
0.000000, -56.500000, -164.100000, -0.004644, 0.002471, 100
0.000000, -56.500000, -163.600000, -0.004009, 0.002969, 100
0.000000, -56.500000, -163.100000, -0.003092, 0.002935, 100
0.000000, -56.500000, -162.600000, -0.001888, 0.002579, 100
0.000000, -56.500000, -162.100000, 0.001259, 0.000522, 100
0.000000, -56.500000, -161.600000, 0.001282, 0.001227, 100
0.000000, -56.500000, -161.100000, -0.000560, 0.002990, 100
0.000000, -56.500000, -160.600000, 0.000160, 0.002687, 100
0.000000, -56.500000, -160.100000, 0.001637, 0.001858, 100
0.000000, -56.500000, -159.600000, 0.002426, 0.001485, 100
0.000000, -56.500000, -159.100000, 0.001598, 0.002128, 100
0.000000, -56.500000, -158.600000, 0.001032, 0.002832, 100
0.000000, -56.500000, -158.100000, 0.001795, 0.002514, 100
0.000000, -56.500000, -157.600000, 0.003962, 0.000439, 100
0.000000, -56.500000, -157.100000, 0.001035, 0.002922, 100
0.000000, -56.500000, -156.600000, 0.001058, 0.002948, 100
0.000000, -56.500000, -156.100000, 0.000992, 0.002918, 100
0.000000, -56.500000, -155.600000, 0.001598, 0.002267, 100
0.000000, -56.500000, -155.100000, 0.003709, 0.000528, 100
0.000000, -56.000000, -170.100000, -0.029683, 0.000429, 100
0.000000, -56.000000, -169.600000, -0.029370, 0.003058, 100
0.000000, -56.000000, -169.100000, -0.022918, 0.000353, 100
0.000000, -56.000000, -168.600000, -0.022925, 0.003128, 100
0.000000, -56.000000, -168.100000, -0.019952, 0.002929, 100
0.000000, -56.000000, -167.600000, -0.017275, 0.003032, 100
0.000000, -56.000000, -167.100000, -0.013299, 0.001832, 100
0.000000, -56.000000, -166.600000, -0.012201, 0.002733, 100
0.000000, -56.000000, -166.100000, -0.008929, 0.001715, 100
0.000000, -56.000000, -165.600000, -0.008669, 0.002993, 100
0.000000, -56.000000, -165.100000, -0.005624, 0.001956, 100
0.000000, -56.000000, -164.600000, -0.005502, 0.002892, 100
0.000000, -56.000000, -164.100000, -0.001734, 0.001033, 100
0.000000, -56.000000, -163.600000, -0.002385, 0.002300, 100
0.000000, -56.000000, -163.100000, -0.001244, 0.002179, 100
0.000000, -56.000000, -162.600000, 0.000029, 0.001974, 100
0.000000, -56.000000, -162.100000, 0.002203, 0.000474, 100
0.000000, -56.000000, -161.600000, 0.002788, 0.000519, 100
0.000000, -56.000000, -161.100000, 0.003133, 0.000643, 100
0.000000, -56.000000, -160.600000, 0.003705, 0.000445, 100
0.000000, -56.000000, -160.100000, 0.003899, 0.000521, 100
0.000000, -56.000000, -159.600000, 0.004166, 0.000588, 100
0.000000, -56.000000, -159.100000, 0.004350, 0.000577, 100
0.000000, -56.000000, -158.600000, 0.004449, 0.000636, 100
0.000000, -56.000000, -158.100000, 0.004524, 0.000581, 100
0.000000, -56.000000, -157.600000, 0.004659, 0.000612, 100
0.000000, -56.000000, -157.100000, 0.004577, 0.000571, 100
0.000000, -56.000000, -156.600000, 0.004485, 0.000594, 100
0.000000, -56.000000, -156.100000, 0.004468, 0.000503, 100
0.000000, -56.000000, -155.600000, 0.004380, 0.000469, 100
0.000000, -56.000000, -155.100000, 0.004304, 0.000599, 100
0.000000, -55.500000, -170.100000, -0.029962, 0.000567, 100
0.000000, -55.500000, -169.600000, -0.026325, 0.000481, 100
0.000000, -55.500000, -169.100000, -0.022810, 0.000469, 100
0.000000, -55.500000, -168.600000, -0.019646, 0.000513, 100
0.000000, -55.500000, -168.100000, -0.016614, 0.000519, 100
0.000000, -55.500000, -167.600000, -0.013727, 0.000529, 100
0.000000, -55.500000, -167.100000, -0.011175, 0.000501, 100
0.000000, -55.500000, -166.600000, -0.008847, 0.000545, 100
0.000000, -55.500000, -166.100000, -0.006565, 0.000523, 100
0.000000, -55.500000, -165.600000, -0.004789, 0.000541, 100
0.000000, -55.500000, -165.100000, -0.003108, 0.000544, 100
0.000000, -55.500000, -164.600000, -0.001642, 0.000551, 100
0.000000, -55.500000, -164.100000, -0.000326, 0.000541, 100
0.000000, -55.500000, -163.600000, 0.000815, 0.000546, 100
0.000000, -55.500000, -163.100000, 0.001755, 0.000515, 100
0.000000, -55.500000, -162.600000, 0.002512, 0.000593, 100
0.000000, -55.500000, -162.100000, 0.003189, 0.000528, 100
0.000000, -55.500000, -161.600000, 0.003590, 0.000586, 100
0.000000, -55.500000, -161.100000, 0.002420, 0.002430, 100
0.000000, -55.500000, -160.600000, 0.004488, 0.000499, 100
0.000000, -55.500000, -160.100000, 0.004827, 0.000548, 100
0.000000, -55.500000, -159.600000, 0.004975, 0.000514, 100
0.000000, -55.500000, -159.100000, 0.005172, 0.000572, 100
0.000000, -55.500000, -158.600000, 0.004705, 0.001452, 100
0.000000, -55.500000, -158.100000, 0.004919, 0.001290, 100
0.000000, -55.500000, -157.600000, 0.005264, 0.000467, 100
0.000000, -55.500000, -157.100000, 0.005192, 0.000583, 100
0.000000, -55.500000, -156.600000, 0.003932, 0.001653, 100
0.000000, -55.500000, -156.100000, 0.004327, 0.001349, 100
0.000000, -55.500000, -155.600000, 0.003380, 0.001874, 100
0.000000, -55.500000, -155.100000, 0.004028, 0.001298, 100
0.000000, -55.000000, -170.100000, -0.030182, 0.000561, 100
0.000000, -55.000000, -169.600000, -0.026355, 0.000473, 100
0.000000, -55.000000, -169.100000, -0.024220, 0.001958, 100
0.000000, -55.000000, -168.600000, -0.019110, 0.000459, 100
0.000000, -55.000000, -168.100000, -0.015924, 0.000489, 100
0.000000, -55.000000, -167.600000, -0.013260, 0.000870, 100
0.000000, -55.000000, -167.100000, -0.010221, 0.000470, 100
0.000000, -55.000000, -166.600000, -0.008455, 0.001237, 100
0.000000, -55.000000, -166.100000, -0.006328, 0.001301, 100
0.000000, -55.000000, -165.600000, -0.003901, 0.000704, 100
0.000000, -55.000000, -165.100000, -0.004358, 0.002480, 100
0.000000, -55.000000, -164.600000, -0.001865, 0.001746, 100
0.000000, -55.000000, -164.100000, -0.001786, 0.002639, 100
0.000000, -55.000000, -163.600000, 0.001890, 0.000497, 100
0.000000, -55.000000, -163.100000, 0.000331, 0.002612, 100
0.000000, -55.000000, -162.600000, 0.001897, 0.001848, 100
0.000000, -55.000000, -162.100000, 0.002305, 0.002456, 100
0.000000, -55.000000, -161.600000, 0.001762, 0.002942, 100
0.000000, -55.000000, -161.100000, 0.005041, 0.000547, 100
0.000000, -55.000000, -160.600000, 0.002429, 0.002993, 100
0.000000, -55.000000, -160.100000, 0.005623, 0.000516, 100
0.000000, -55.000000, -159.600000, 0.005771, 0.000614, 100
0.000000, -55.000000, -159.100000, 0.003087, 0.002930, 100
0.000000, -55.000000, -158.600000, 0.003360, 0.002685, 100
0.000000, -55.000000, -158.100000, 0.006001, 0.000492, 100
0.000000, -55.000000, -157.600000, 0.005218, 0.001287, 100
0.000000, -55.000000, -157.100000, 0.004814, 0.001572, 100
0.000000, -55.000000, -156.600000, 0.003238, 0.002703, 100
0.000000, -55.000000, -156.100000, 0.005659, 0.000442, 100
0.000000, -55.000000, -155.600000, 0.005435, 0.000438, 100
0.000000, -55.000000, -155.100000, 0.005290, 0.000479, 100
0.000000, -54.500000, -170.100000, -0.030893, 0.001132, 100
0.000000, -54.500000, -169.600000, -0.026302, 0.000481, 100
0.000000, -54.500000, -169.100000, -0.025404, 0.003155, 100
0.000000, -54.500000, -168.600000, -0.021063, 0.002612, 100
0.000000, -54.500000, -168.100000, -0.018350, 0.003114, 100
0.000000, -54.500000, -167.600000, -0.013309, 0.001541, 100
0.000000, -54.500000, -167.100000, -0.010073, 0.001464, 100
0.000000, -54.500000, -166.600000, -0.006860, 0.000430, 100
0.000000, -54.500000, -166.100000, -0.007709, 0.003126, 100
0.000000, -54.500000, -165.600000, -0.002740, 0.000424, 100
0.000000, -54.500000, -165.100000, -0.000994, 0.000454, 100
0.000000, -54.500000, -164.600000, -0.000902, 0.001796, 100
0.000000, -54.500000, -164.100000, 0.001769, 0.000478, 100
0.000000, -54.500000, -163.600000, 0.002791, 0.000435, 100
0.000000, -54.500000, -163.100000, 0.003640, 0.000657, 100
0.000000, -54.500000, -162.600000, 0.004511, 0.000396, 100
0.000000, -54.500000, -162.100000, 0.002962, 0.002385, 100
0.000000, -54.500000, -161.600000, 0.004741, 0.001376, 100
0.000000, -54.500000, -161.100000, 0.005892, 0.000458, 100
0.000000, -54.500000, -160.600000, 0.005350, 0.001532, 100
0.000000, -54.500000, -160.100000, 0.006527, 0.000449, 100
0.000000, -54.500000, -159.600000, 0.005070, 0.001836, 100
0.000000, -54.500000, -159.100000, 0.006652, 0.000442, 100
