26.500000, -35.000000, -156.000000, -0.014753, 0.000557, 1000
27.000000, -35.000000, -156.000000, -0.014145, 0.000624, 1000
27.500000, -35.000000, -156.000000, -0.013411, 0.000552, 1000
28.000000, -35.000000, -156.000000, -0.012558, 0.000612, 1000
28.500000, -35.000000, -156.000000, -0.011537, 0.000656, 1000
29.000000, -35.000000, -156.000000, -0.010288, 0.000646, 1000
29.500000, -35.000000, -156.000000, -0.009149, 0.000589, 1000
30.000000, -35.000000, -156.000000, -0.007700, 0.000622, 1000
30.500000, -35.000000, -156.000000, -0.006302, 0.000624, 1000
31.000000, -35.000000, -156.000000, -0.004762, 0.000642, 1000
31.500000, -35.000000, -156.000000, -0.003249, 0.000659, 1000
32.000000, -35.000000, -156.000000, -0.001862, 0.000635, 1000
32.500000, -35.000000, -156.000000, -0.000708, 0.000689, 1000
33.000000, -35.000000, -156.000000, 0.000509, 0.000641, 1000
33.500000, -35.000000, -156.000000, 0.001617, 0.000673, 1000
34.000000, -35.000000, -156.000000, 0.002318, 0.000689, 1000
34.500000, -35.000000, -156.000000, 0.002698, 0.000620, 1000
35.000000, -35.000000, -156.000000, 0.002749, 0.000660, 1000
35.500000, -35.000000, -156.000000, 0.002400, 0.000654, 1000
36.000000, -35.000000, -156.000000, 0.001750, 0.000645, 1000
36.500000, -35.000000, -156.000000, 0.000741, 0.000639, 1000
37.000000, -35.000000, -156.000000, -0.000542, 0.000700, 1000
37.500000, -35.000000, -156.000000, -0.002011, 0.000655, 1000
38.000000, -35.000000, -156.000000, -0.003727, 0.000603, 1000
38.500000, -35.000000, -156.000000, -0.005439, 0.000772, 1000
39.000000, -35.000000, -156.000000, -0.007148, 0.000664, 1000
39.500000, -35.000000, -156.000000, -0.008540, 0.000669, 1000
40.000000, -35.000000, -156.000000, -0.009865, 0.000672, 1000
40.500000, -35.000000, -156.000000, -0.011065, 0.000674, 1000
41.000000, -35.000000, -156.000000, -0.012092, 0.000689, 1000
41.500000, -35.000000, -156.000000, -0.013006, 0.000636, 1000
26.500000, -35.500000, -156.000000, -0.014070, 0.000597, 1000
27.000000, -35.500000, -156.000000, -0.013332, 0.000600, 1000
27.500000, -35.500000, -156.000000, -0.012391, 0.000629, 1000
28.000000, -35.500000, -156.000000, -0.011230, 0.000644, 1000
28.500000, -35.500000, -156.000000, -0.009791, 0.000605, 1000
29.000000, -35.500000, -156.000000, -0.008301, 0.000594, 1000
29.500000, -35.500000, -156.000000, -0.006698, 0.000635, 1000
30.000000, -35.500000, -156.000000, -0.004716, 0.000695, 1000
30.500000, -35.500000, -156.000000, -0.002764, 0.000633, 1000
31.000000, -35.500000, -156.000000, -0.000640, 0.000645, 1000
31.500000, -35.500000, -156.000000, 0.001467, 0.000641, 1000
32.000000, -35.500000, -156.000000, 0.003556, 0.000657, 1000
32.500000, -35.500000, -156.000000, 0.005485, 0.000671, 1000
33.000000, -35.500000, -156.000000, 0.007405, 0.000715, 1000
33.500000, -35.500000, -156.000000, 0.009023, 0.000642, 1000
34.000000, -35.500000, -156.000000, 0.010092, 0.000672, 1000
34.500000, -35.500000, -156.000000, 0.010618, 0.000692, 1000
35.000000, -35.500000, -156.000000, 0.010587, 0.000648, 1000
35.500000, -35.500000, -156.000000, 0.009913, 0.000678, 1000
36.000000, -35.500000, -156.000000, 0.008771, 0.000669, 1000
36.500000, -35.500000, -156.000000, 0.007035, 0.000696, 1000
37.000000, -35.500000, -156.000000, 0.005075, 0.000682, 1000
37.500000, -35.500000, -156.000000, 0.002863, 0.000643, 1000
38.000000, -35.500000, -156.000000, 0.000356, 0.000643, 1000
38.500000, -35.500000, -156.000000, -0.002044, 0.000670, 1000
39.000000, -35.500000, -156.000000, -0.004258, 0.000653, 1000
39.500000, -35.500000, -156.000000, -0.006308, 0.000657, 1000
40.000000, -35.500000, -156.000000, -0.008033, 0.000676, 1000
40.500000, -35.500000, -156.000000, -0.009700, 0.000654, 1000
41.000000, -35.500000, -156.000000, -0.011079, 0.000615, 1000
41.500000, -35.500000, -156.000000, -0.012200, 0.000651, 1000
26.500000, -36.000000, -156.000000, -0.013439, 0.000612, 1000
27.000000, -36.000000, -156.000000, -0.012481, 0.000620, 1000
27.500000, -36.000000, -156.000000, -0.011214, 0.000627, 1000
28.000000, -36.000000, -156.000000, -0.009595, 0.000638, 1000
28.500000, -36.000000, -156.000000, -0.007675, 0.000662, 1000
29.000000, -36.000000, -156.000000, -0.005612, 0.000636, 1000
29.500000, -36.000000, -156.000000, -0.003306, 0.000630, 1000
30.000000, -36.000000, -156.000000, -0.000597, 0.000655, 1000
30.500000, -36.000000, -156.000000, 0.002425, 0.000682, 1000
31.000000, -36.000000, -156.000000, 0.005593, 0.000652, 1000
31.500000, -36.000000, -156.000000, 0.008935, 0.000618, 1000
32.000000, -36.000000, -156.000000, 0.012109, 0.000674, 1000
32.500000, -36.000000, -156.000000, 0.015241, 0.000651, 1000
33.000000, -36.000000, -156.000000, 0.018383, 0.000663, 1000
33.500000, -36.000000, -156.000000, 0.021000, 0.000658, 1000
34.000000, -36.000000, -156.000000, 0.022845, 0.000702, 1000
34.500000, -36.000000, -156.000000, 0.023585, 0.000735, 1000
35.000000, -36.000000, -156.000000, 0.023420, 0.000709, 1000
35.500000, -36.000000, -156.000000, 0.022063, 0.000703, 1000
36.000000, -36.000000, -156.000000, 0.019943, 0.000684, 1000
36.500000, -36.000000, -156.000000, 0.017011, 0.000682, 1000
37.000000, -36.000000, -156.000000, 0.013719, 0.000681, 1000
37.500000, -36.000000, -156.000000, 0.010199, 0.000704, 1000
38.000000, -36.000000, -156.000000, 0.006494, 0.000660, 1000
38.500000, -36.000000, -156.000000, 0.002951, 0.000686, 1000
39.000000, -36.000000, -156.000000, -0.000225, 0.000665, 1000
39.500000, -36.000000, -156.000000, -0.003019, 0.000707, 1000
40.000000, -36.000000, -156.000000, -0.005488, 0.000638, 1000
40.500000, -36.000000, -156.000000, -0.007591, 0.000632, 1000
41.000000, -36.000000, -156.000000, -0.009382, 0.000665, 1000
41.500000, -36.000000, -156.000000, -0.010998, 0.000625, 1000
26.500000, -36.500000, -156.000000, -0.012816, 0.000618, 1000
27.000000, -36.500000, -156.000000, -0.011589, 0.000607, 1000
27.500000, -36.500000, -156.000000, -0.009913, 0.000615, 1000
28.000000, -36.500000, -156.000000, -0.007881, 0.000613, 1000
28.500000, -36.500000, -156.000000, -0.005303, 0.000624, 1000
29.000000, -36.500000, -156.000000, -0.002294, 0.000640, 1000
29.500000, -36.500000, -156.000000, 0.001052, 0.000633, 1000
30.000000, -36.500000, -156.000000, 0.004969, 0.000673, 1000
30.500000, -36.500000, -156.000000, 0.009488, 0.000627, 1000
31.000000, -36.500000, -156.000000, 0.014376, 0.000660, 1000
31.500000, -36.500000, -156.000000, 0.019427, 0.000667, 1000
32.000000, -36.500000, -156.000000, 0.024744, 0.000654, 1000
32.500000, -36.500000, -156.000000, 0.029966, 0.000708, 1000
33.000000, -36.500000, -156.000000, 0.035011, 0.000702, 1000
33.500000, -36.500000, -156.000000, 0.039203, 0.000699, 1000
34.000000, -36.500000, -156.000000, 0.042024, 0.000741, 1000
34.500000, -36.500000, -156.000000, 0.043156, 0.000815, 1000
35.000000, -36.500000, -156.000000, 0.042655, 0.000775, 1000
35.500000, -36.500000, -156.000000, 0.040181, 0.000754, 1000
36.000000, -36.500000, -156.000000, 0.036424, 0.000757, 1000
36.500000, -36.500000, -156.000000, 0.031496, 0.000625, 1000
37.000000, -36.500000, -156.000000, 0.025986, 0.000667, 1000
37.500000, -36.500000, -156.000000, 0.020374, 0.000679, 1000
38.000000, -36.500000, -156.000000, 0.014705, 0.000689, 1000
38.500000, -36.500000, -156.000000, 0.009645, 0.000690, 1000
39.000000, -36.500000, -156.000000, 0.005019, 0.000690, 1000
39.500000, -36.500000, -156.000000, 0.001101, 0.000677, 1000
40.000000, -36.500000, -156.000000, -0.002272, 0.000660, 1000
40.500000, -36.500000, -156.000000, -0.005210, 0.000651, 1000
41.000000, -36.500000, -156.000000, -0.007655, 0.000646, 1000
41.500000, -36.500000, -156.000000, -0.009619, 0.000670, 1000
26.500000, -37.000000, -156.000000, -0.011837, 0.000600, 1000
27.000000, -37.000000, -156.000000, -0.010150, 0.000632, 1000
27.500000, -37.000000, -156.000000, -0.007996, 0.000625, 1000
28.000000, -37.000000, -156.000000, -0.005290, 0.000639, 1000
28.500000, -37.000000, -156.000000, -0.001964, 0.000644, 1000
29.000000, -37.000000, -156.000000, 0.002022, 0.000619, 1000
29.500000, -37.000000, -156.000000, 0.006791, 0.000644, 1000
30.000000, -37.000000, -156.000000, 0.012626, 0.000678, 1000
30.500000, -37.000000, -156.000000, 0.019283, 0.000686, 1000
31.000000, -37.000000, -156.000000, 0.026900, 0.000665, 1000
31.500000, -37.000000, -156.000000, 0.035206, 0.000683, 1000
32.000000, -37.000000, -156.000000, 0.043778, 0.000721, 1000
32.500000, -37.000000, -156.000000, 0.052347, 0.000728, 1000
33.000000, -37.000000, -156.000000, 0.060846, 0.000727, 1000
33.500000, -37.000000, -156.000000, 0.067943, 0.000770, 1000
34.000000, -37.000000, -156.000000, 0.072578, 0.000776, 1000
34.500000, -37.000000, -156.000000, 0.074473, 0.000782, 1000
35.000000, -37.000000, -156.000000, 0.073149, 0.000774, 1000
35.500000, -37.000000, -156.000000, 0.068724, 0.000790, 1000
36.000000, -37.000000, -156.000000, 0.061840, 0.000786, 1000
36.500000, -37.000000, -156.000000, 0.053287, 0.000712, 1000
37.000000, -37.000000, -156.000000, 0.044169, 0.000760, 1000
37.500000, -37.000000, -156.000000, 0.035089, 0.000680, 1000
38.000000, -37.000000, -156.000000, 0.026394, 0.000694, 1000
38.500000, -37.000000, -156.000000, 0.018710, 0.000683, 1000
39.000000, -37.000000, -156.000000, 0.012022, 0.000680, 1000
39.500000, -37.000000, -156.000000, 0.006471, 0.000709, 1000
40.000000, -37.000000, -156.000000, 0.001729, 0.000640, 1000
40.500000, -37.000000, -156.000000, -0.002111, 0.000651, 1000
41.000000, -37.000000, -156.000000, -0.005335, 0.000683, 1000
41.500000, -37.000000, -156.000000, -0.007920, 0.000580, 1000
26.500000, -37.500000, -156.000000, -0.010664, 0.000616, 1000
27.000000, -37.500000, -156.000000, -0.008544, 0.000603, 1000
27.500000, -37.500000, -156.000000, -0.005734, 0.000628, 1000
28.000000, -37.500000, -156.000000, -0.002220, 0.000605, 1000
28.500000, -37.500000, -156.000000, 0.002393, 0.000652, 1000
29.000000, -37.500000, -156.000000, 0.007707, 0.000706, 1000
29.500000, -37.500000, -156.000000, 0.014407, 0.000611, 1000
30.000000, -37.500000, -156.000000, 0.022599, 0.000647, 1000
30.500000, -37.500000, -156.000000, 0.032484, 0.000723, 1000
31.000000, -37.500000, -156.000000, 0.044008, 0.000730, 1000
31.500000, -37.500000, -156.000000, 0.057239, 0.000716, 1000
32.000000, -37.500000, -156.000000, 0.071137, 0.000745, 1000
32.500000, -37.500000, -156.000000, 0.085495, 0.000751, 1000
33.000000, -37.500000, -156.000000, 0.099101, 0.000795, 1000
33.500000, -37.500000, -156.000000, 0.110340, 0.000862, 1000
34.000000, -37.500000, -156.000000, 0.117677, 0.000863, 1000
34.500000, -37.500000, -156.000000, 0.120582, 0.000900, 1000
35.000000, -37.500000, -156.000000, 0.118451, 0.000811, 1000
35.500000, -37.500000, -156.000000, 0.110952, 0.001031, 1000
36.000000, -37.500000, -156.000000, 0.099246, 0.000807, 1000
36.500000, -37.500000, -156.000000, 0.084855, 0.000822, 1000
37.000000, -37.500000, -156.000000, 0.069822, 0.000784, 1000
37.500000, -37.500000, -156.000000, 0.055366, 0.000742, 1000
38.000000, -37.500000, -156.000000, 0.041928, 0.000756, 1000
38.500000, -37.500000, -156.000000, 0.030506, 0.000701, 1000
39.000000, -37.500000, -156.000000, 0.020944, 0.000676, 1000
39.500000, -37.500000, -156.000000, 0.013116, 0.000670, 1000
40.000000, -37.500000, -156.000000, 0.006678, 0.000641, 1000
40.500000, -37.500000, -156.000000, 0.001518, 0.000666, 1000
41.000000, -37.500000, -156.000000, -0.002661, 0.000652, 1000
41.500000, -37.500000, -156.000000, -0.005995, 0.000706, 1000
26.500000, -38.000000, -156.000000, -0.009507, 0.000612, 1000
27.000000, -38.000000, -156.000000, -0.006826, 0.000628, 1000
27.500000, -38.000000, -156.000000, -0.003243, 0.000640, 1000
28.000000, -38.000000, -156.000000, 0.001464, 0.000628, 1000
28.500000, -38.000000, -156.000000, 0.007395, 0.000600, 1000
29.000000, -38.000000, -156.000000, 0.014777, 0.000625, 1000
29.500000, -38.000000, -156.000000, 0.024139, 0.000634, 1000
30.000000, -38.000000, -156.000000, 0.036080, 0.000673, 1000
30.500000, -38.000000, -156.000000, 0.050570, 0.000652, 1000
31.000000, -38.000000, -156.000000, 0.068205, 0.000836, 1000
31.500000, -38.000000, -156.000000, 0.087960, 0.000694, 1000
32.000000, -38.000000, -156.000000, 0.109781, 0.000762, 1000
32.500000, -38.000000, -156.000000, 0.132164, 0.001017, 1000
33.000000, -38.000000, -156.000000, 0.152865, 0.000962, 1000
33.500000, -38.000000, -156.000000, 0.169614, 0.001001, 1000
34.000000, -38.000000, -156.000000, 0.180447, 0.000946, 1000
34.500000, -38.000000, -156.000000, 0.185016, 0.000970, 1000
35.000000, -38.000000, -156.000000, 0.181776, 0.001010, 1000
35.500000, -38.000000, -156.000000, 0.170612, 0.001099, 1000
36.000000, -38.000000, -156.000000, 0.152602, 0.000942, 1000
36.500000, -38.000000, -156.000000, 0.130058, 0.000892, 1000
37.000000, -38.000000, -156.000000, 0.106413, 0.000824, 1000
37.500000, -38.000000, -156.000000, 0.083594, 0.000944, 1000
38.000000, -38.000000, -156.000000, 0.063359, 0.000739, 1000
38.500000, -38.000000, -156.000000, 0.046320, 0.000694, 1000
39.000000, -38.000000, -156.000000, 0.032453, 0.000715, 1000
39.500000, -38.000000, -156.000000, 0.021436, 0.000685, 1000
40.000000, -38.000000, -156.000000, 0.012685, 0.000697, 1000
40.500000, -38.000000, -156.000000, 0.005869, 0.000680, 1000
41.000000, -38.000000, -156.000000, 0.000485, 0.000675, 1000
41.500000, -38.000000, -156.000000, -0.003746, 0.000677, 1000
26.500000, -38.500000, -156.000000, -0.008150, 0.000633, 1000
27.000000, -38.500000, -156.000000, -0.004848, 0.000595, 1000
27.500000, -38.500000, -156.000000, -0.000413, 0.000624, 1000
28.000000, -38.500000, -156.000000, 0.005411, 0.000633, 1000
28.500000, -38.500000, -156.000000, 0.013280, 0.000651, 1000
29.000000, -38.500000, -156.000000, 0.023020, 0.000696, 1000
29.500000, -38.500000, -156.000000, 0.035916, 0.000671, 1000
30.000000, -38.500000, -156.000000, 0.052745, 0.000708, 1000
30.500000, -38.500000, -156.000000, 0.073570, 0.000734, 1000
31.000000, -38.500000, -156.000000, 0.099302, 0.000783, 1000
31.500000, -38.500000, -156.000000, 0.128053, 0.000832, 1000
32.000000, -38.500000, -156.000000, 0.159095, 0.000931, 1000
32.500000, -38.500000, -156.000000, 0.189856, 0.000943, 1000
33.000000, -38.500000, -156.000000, 0.216609, 0.001075, 1000
33.500000, -38.500000, -156.000000, 0.236817, 0.001149, 1000
34.000000, -38.500000, -156.000000, 0.249562, 0.001117, 1000
34.500000, -38.500000, -156.000000, 0.255351, 0.001197, 1000
35.000000, -38.500000, -156.000000, 0.251299, 0.001178, 1000
35.500000, -38.500000, -156.000000, 0.238148, 0.001146, 1000
36.000000, -38.500000, -156.000000, 0.215976, 0.001088, 1000
36.500000, -38.500000, -156.000000, 0.186278, 0.001027, 1000
37.000000, -38.500000, -156.000000, 0.153339, 0.000955, 1000
37.500000, -38.500000, -156.000000, 0.120309, 0.000877, 1000
38.000000, -38.500000, -156.000000, 0.090943, 0.000813, 1000
38.500000, -38.500000, -156.000000, 0.066285, 0.000805, 1000
39.000000, -38.500000, -156.000000, 0.046657, 0.000685, 1000
39.500000, -38.500000, -156.000000, 0.031480, 0.000712, 1000
40.000000, -38.500000, -156.000000, 0.019762, 0.000664, 1000
40.500000, -38.500000, -156.000000, 0.010837, 0.000690, 1000
41.000000, -38.500000, -156.000000, 0.004020, 0.000633, 1000
41.500000, -38.500000, -156.000000, -0.001216, 0.000659, 1000
26.500000, -39.000000, -156.000000, -0.006761, 0.000589, 1000
27.000000, -39.000000, -156.000000, -0.002654, 0.000619, 1000
27.500000, -39.000000, -156.000000, 0.002840, 0.000604, 1000
28.000000, -39.000000, -156.000000, 0.010210, 0.000680, 1000
28.500000, -39.000000, -156.000000, 0.020104, 0.000650, 1000
29.000000, -39.000000, -156.000000, 0.033301, 0.000672, 1000
29.500000, -39.000000, -156.000000, 0.050593, 0.000690, 1000
30.000000, -39.000000, -156.000000, 0.073809, 0.000743, 1000
30.500000, -39.000000, -156.000000, 0.102981, 0.000802, 1000
31.000000, -39.000000, -156.000000, 0.138355, 0.000859, 1000
31.500000, -39.000000, -156.000000, 0.176606, 0.000931, 1000
32.000000, -39.000000, -156.000000, 0.214923, 0.001062, 1000
32.500000, -39.000000, -156.000000, 0.249311, 0.001162, 1000
33.000000, -39.000000, -156.000000, 0.276501, 0.001194, 1000
33.500000, -39.000000, -156.000000, 0.295385, 0.001248, 1000
34.000000, -39.000000, -156.000000, 0.306750, 0.001310, 1000
34.500000, -39.000000, -156.000000, 0.311650, 0.001304, 1000
35.000000, -39.000000, -156.000000, 0.308267, 0.001261, 1000
35.500000, -39.000000, -156.000000, 0.296986, 0.001251, 1000
36.000000, -39.000000, -156.000000, 0.276255, 0.001247, 1000
36.500000, -39.000000, -156.000000, 0.245481, 0.001130, 1000
37.000000, -39.000000, -156.000000, 0.207409, 0.001068, 1000
37.500000, -39.000000, -156.000000, 0.165303, 0.000978, 1000
38.000000, -39.000000, -156.000000, 0.125689, 0.000901, 1000
38.500000, -39.000000, -156.000000, 0.091537, 0.000836, 1000
39.000000, -39.000000, -156.000000, 0.064145, 0.000804, 1000
39.500000, -39.000000, -156.000000, 0.043519, 0.000739, 1000
40.000000, -39.000000, -156.000000, 0.028141, 0.000695, 1000
40.500000, -39.000000, -156.000000, 0.016692, 0.000711, 1000
41.000000, -39.000000, -156.000000, 0.008025, 0.000681, 1000
41.500000, -39.000000, -156.000000, 0.001590, 0.000653, 1000
26.500000, -39.500000, -156.000000, -0.005148, 0.000605, 1000
27.000000, -39.500000, -156.000000, -0.000385, 0.000622, 1000
27.500000, -39.500000, -156.000000, 0.006241, 0.000646, 1000
28.000000, -39.500000, -156.000000, 0.015193, 0.000625, 1000
28.500000, -39.500000, -156.000000, 0.027620, 0.000662, 1000
29.000000, -39.500000, -156.000000, 0.044308, 0.000713, 1000
29.500000, -39.500000, -156.000000, 0.067106, 0.000744, 1000
30.000000, -39.500000, -156.000000, 0.097442, 0.000807, 1000
30.500000, -39.500000, -156.000000, 0.135604, 0.000863, 1000
31.000000, -39.500000, -156.000000, 0.179486, 0.000984, 1000
31.500000, -39.500000, -156.000000, 0.222676, 0.001059, 1000
32.000000, -39.500000, -156.000000, 0.263382, 0.001132, 1000
32.500000, -39.500000, -156.000000, 0.296511, 0.001262, 1000
33.000000, -39.500000, -156.000000, 0.321614, 0.001299, 1000
33.500000, -39.500000, -156.000000, 0.338412, 0.001370, 1000
34.000000, -39.500000, -156.000000, 0.347691, 0.001387, 1000
34.500000, -39.500000, -156.000000, 0.352846, 0.001409, 1000
35.000000, -39.500000, -156.000000, 0.349969, 0.001404, 1000
35.500000, -39.500000, -156.000000, 0.341702, 0.001415, 1000
36.000000, -39.500000, -156.000000, 0.323553, 0.001356, 1000
36.500000, -39.500000, -156.000000, 0.295172, 0.001298, 1000
37.000000, -39.500000, -156.000000, 0.257792, 0.001210, 1000
37.500000, -39.500000, -156.000000, 0.212016, 0.001076, 1000
38.000000, -39.500000, -156.000000, 0.164194, 0.001007, 1000
38.500000, -39.500000, -156.000000, 0.120373, 0.000840, 1000
39.000000, -39.500000, -156.000000, 0.084401, 0.000815, 1000
39.500000, -39.500000, -156.000000, 0.057036, 0.000749, 1000
40.000000, -39.500000, -156.000000, 0.037214, 0.000733, 1000
40.500000, -39.500000, -156.000000, 0.022738, 0.000688, 1000
41.000000, -39.500000, -156.000000, 0.012162, 0.000712, 1000
41.500000, -39.500000, -156.000000, 0.004310, 0.000646, 1000
26.500000, -40.000000, -156.000000, -0.003635, 0.000590, 1000
27.000000, -40.000000, -156.000000, 0.001999, 0.000574, 1000
27.500000, -40.000000, -156.000000, 0.009813, 0.000620, 1000
28.000000, -40.000000, -156.000000, 0.020701, 0.000707, 1000
28.500000, -40.000000, -156.000000, 0.035977, 0.000663, 1000
29.000000, -40.000000, -156.000000, 0.057014, 0.000717, 1000
29.500000, -40.000000, -156.000000, 0.085779, 0.000825, 1000
30.000000, -40.000000, -156.000000, 0.124088, 0.000871, 1000
30.500000, -40.000000, -156.000000, 0.170481, 0.000907, 1000
31.000000, -40.000000, -156.000000, 0.219730, 0.001063, 1000
31.500000, -40.000000, -156.000000, 0.264416, 0.001167, 1000
32.000000, -40.000000, -156.000000, 0.303635, 0.001270, 1000
32.500000, -40.000000, -156.000000, 0.333199, 0.001331, 1000
33.000000, -40.000000, -156.000000, 0.354295, 0.001382, 1000
33.500000, -40.000000, -156.000000, 0.367353, 0.001398, 1000
34.000000, -40.000000, -156.000000, 0.375076, 0.001461, 1000
34.500000, -40.000000, -156.000000, 0.379125, 0.001455, 1000
35.000000, -40.000000, -156.000000, 0.377199, 0.001419, 1000
35.500000, -40.000000, -156.000000, 0.371013, 0.001412, 1000
36.000000, -40.000000, -156.000000, 0.355953, 0.001377, 1000
36.500000, -40.000000, -156.000000, 0.333104, 0.001370, 1000
37.000000, -40.000000, -156.000000, 0.300314, 0.001332, 1000
37.500000, -40.000000, -156.000000, 0.256093, 0.001158, 1000
38.000000, -40.000000, -156.000000, 0.204871, 0.001047, 1000
38.500000, -40.000000, -156.000000, 0.152584, 0.000936, 1000
39.000000, -40.000000, -156.000000, 0.107313, 0.000831, 1000
39.500000, -40.000000, -156.000000, 0.072620, 0.000762, 1000
40.000000, -40.000000, -156.000000, 0.047277, 0.000741, 1000
40.500000, -40.000000, -156.000000, 0.029489, 0.000698, 1000
41.000000, -40.000000, -156.000000, 0.016633, 0.000675, 1000
41.500000, -40.000000, -156.000000, 0.007446, 0.000661, 1000
26.500000, -40.500000, -156.000000, -0.002142, 0.000600, 1000
27.000000, -40.500000, -156.000000, 0.004250, 0.000636, 1000
27.500000, -40.500000, -156.000000, 0.013404, 0.000610, 1000
28.000000, -40.500000, -156.000000, 0.026096, 0.000637, 1000
28.500000, -40.500000, -156.000000, 0.044137, 0.000736, 1000
29.000000, -40.500000, -156.000000, 0.069708, 0.000696, 1000
29.500000, -40.500000, -156.000000, 0.104727, 0.000784, 1000
30.000000, -40.500000, -156.000000, 0.150310, 0.000852, 1000
30.500000, -40.500000, -156.000000, 0.202922, 0.000993, 1000
31.000000, -40.500000, -156.000000, 0.255122, 0.001140, 1000
31.500000, -40.500000, -156.000000, 0.298033, 0.001257, 1000
32.000000, -40.500000, -156.000000, 0.331652, 0.001291, 1000
32.500000, -40.500000, -156.000000, 0.355575, 0.001407, 1000
33.000000, -40.500000, -156.000000, 0.372267, 0.001380, 1000
33.500000, -40.500000, -156.000000, 0.383343, 0.001465, 1000
34.000000, -40.500000, -156.000000, 0.389941, 0.001491, 1000
34.500000, -40.500000, -156.000000, 0.393772, 0.001537, 1000
35.000000, -40.500000, -156.000000, 0.393157, 0.001496, 1000
35.500000, -40.500000, -156.000000, 0.388628, 0.001436, 1000
36.000000, -40.500000, -156.000000, 0.377094, 0.001421, 1000
36.500000, -40.500000, -156.000000, 0.360209, 0.001430, 1000
37.000000, -40.500000, -156.000000, 0.332915, 0.001335, 1000
37.500000, -40.500000, -156.000000, 0.293092, 0.001249, 1000
38.000000, -40.500000, -156.000000, 0.242366, 0.001152, 1000
38.500000, -40.500000, -156.000000, 0.184966, 0.001042, 1000
39.000000, -40.500000, -156.000000, 0.130833, 0.000898, 1000
39.500000, -40.500000, -156.000000, 0.088266, 0.000831, 1000
40.000000, -40.500000, -156.000000, 0.057548, 0.000750, 1000
40.500000, -40.500000, -156.000000, 0.036151, 0.000717, 1000
41.000000, -40.500000, -156.000000, 0.021046, 0.000725, 1000
41.500000, -40.500000, -156.000000, 0.010413, 0.000650, 1000
26.500000, -41.000000, -156.000000, -0.000848, 0.000624, 1000
27.000000, -41.000000, -156.000000, 0.006274, 0.000626, 1000
27.500000, -41.000000, -156.000000, 0.016438, 0.000637, 1000
28.000000, -41.000000, -156.000000, 0.031025, 0.000679, 1000
28.500000, -41.000000, -156.000000, 0.052035, 0.000714, 1000
29.000000, -41.000000, -156.000000, 0.081856, 0.000760, 1000
29.500000, -41.000000, -156.000000, 0.122621, 0.000856, 1000
30.000000, -41.000000, -156.000000, 0.173944, 0.000929, 1000
30.500000, -41.000000, -156.000000, 0.229516, 0.001042, 1000
31.000000, -41.000000, -156.000000, 0.280833, 0.001221, 1000
31.500000, -41.000000, -156.000000, 0.319900, 0.001267, 1000
32.000000, -41.000000, -156.000000, 0.349314, 0.001380, 1000
32.500000, -41.000000, -156.000000, 0.370560, 0.001340, 1000
33.000000, -41.000000, -156.000000, 0.384629, 0.001446, 1000
33.500000, -41.000000, -156.000000, 0.393979, 0.001405, 1000
34.000000, -41.000000, -156.000000, 0.400161, 0.001467, 1000
34.500000, -41.000000, -156.000000, 0.403820, 0.001490, 1000
35.000000, -41.000000, -156.000000, 0.403461, 0.001502, 1000
35.500000, -41.000000, -156.000000, 0.399223, 0.001511, 1000
36.000000, -41.000000, -156.000000, 0.389696, 0.001392, 1000
36.500000, -41.000000, -156.000000, 0.375775, 0.001443, 1000
37.000000, -41.000000, -156.000000, 0.352957, 0.001389, 1000
37.500000, -41.000000, -156.000000, 0.318778, 0.001339, 1000
38.000000, -41.000000, -156.000000, 0.271702, 0.001180, 1000
38.500000, -41.000000, -156.000000, 0.212832, 0.001123, 1000
39.000000, -41.000000, -156.000000, 0.152643, 0.000860, 1000
39.500000, -41.000000, -156.000000, 0.103267, 0.000840, 1000
40.000000, -41.000000, -156.000000, 0.067204, 0.000784, 1000
40.500000, -41.000000, -156.000000, 0.042390, 0.000752, 1000
41.000000, -41.000000, -156.000000, 0.025050, 0.000691, 1000
41.500000, -41.000000, -156.000000, 0.013092, 0.000675, 1000
26.500000, -41.500000, -156.000000, 0.000222, 0.000634, 1000
27.000000, -41.500000, -156.000000, 0.007952, 0.000630, 1000
27.500000, -41.500000, -156.000000, 0.019120, 0.000596, 1000
28.000000, -41.500000, -156.000000, 0.035285, 0.000664, 1000
28.500000, -41.500000, -156.000000, 0.058752, 0.000692, 1000
29.000000, -41.500000, -156.000000, 0.092233, 0.000759, 1000
29.500000, -41.500000, -156.000000, 0.137489, 0.000902, 1000
30.000000, -41.500000, -156.000000, 0.192471, 0.000992, 1000
30.500000, -41.500000, -156.000000, 0.248143, 0.001131, 1000
31.000000, -41.500000, -156.000000, 0.296435, 0.001239, 1000
31.500000, -41.500000, -156.000000, 0.332863, 0.001355, 1000
32.000000, -41.500000, -156.000000, 0.361628, 0.001396, 1000
32.500000, -41.500000, -156.000000, 0.381670, 0.001448, 1000
33.000000, -41.500000, -156.000000, 0.395689, 0.001410, 1000
33.500000, -41.500000, -156.000000, 0.404375, 0.001442, 1000
34.000000, -41.500000, -156.000000, 0.409196, 0.001557, 1000
34.500000, -41.500000, -156.000000, 0.411684, 0.001524, 1000
35.000000, -41.500000, -156.000000, 0.411042, 0.001458, 1000
35.500000, -41.500000, -156.000000, 0.406640, 0.001593, 1000
36.000000, -41.500000, -156.000000, 0.398041, 0.001456, 1000
36.500000, -41.500000, -156.000000, 0.383709, 0.001459, 1000
37.000000, -41.500000, -156.000000, 0.361946, 0.001426, 1000
37.500000, -41.500000, -156.000000, 0.330876, 0.001354, 1000
38.000000, -41.500000, -156.000000, 0.286916, 0.001267, 1000
38.500000, -41.500000, -156.000000, 0.229829, 0.001085, 1000
39.000000, -41.500000, -156.000000, 0.167607, 0.001028, 1000
39.500000, -41.500000, -156.000000, 0.114676, 0.000860, 1000
40.000000, -41.500000, -156.000000, 0.075103, 0.000791, 1000
40.500000, -41.500000, -156.000000, 0.047555, 0.000739, 1000
41.000000, -41.500000, -156.000000, 0.028438, 0.000719, 1000
41.500000, -41.500000, -156.000000, 0.015186, 0.000666, 1000
26.500000, -42.000000, -156.000000, 0.000972, 0.000645, 1000
27.000000, -42.000000, -156.000000, 0.009138, 0.000618, 1000
27.500000, -42.000000, -156.000000, 0.020973, 0.000649, 1000
28.000000, -42.000000, -156.000000, 0.038188, 0.000651, 1000
28.500000, -42.000000, -156.000000, 0.063653, 0.000703, 1000
29.000000, -42.000000, -156.000000, 0.099511, 0.000791, 1000
29.500000, -42.000000, -156.000000, 0.147436, 0.000857, 1000
30.000000, -42.000000, -156.000000, 0.204121, 0.000995, 1000
30.500000, -42.000000, -156.000000, 0.259242, 0.001086, 1000
31.000000, -42.000000, -156.000000, 0.306396, 0.001254, 1000
31.500000, -42.000000, -156.000000, 0.340887, 0.001333, 1000
32.000000, -42.000000, -156.000000, 0.367415, 0.001407, 1000
32.500000, -42.000000, -156.000000, 0.386308, 0.001408, 1000
33.000000, -42.000000, -156.000000, 0.399495, 0.001483, 1000
33.500000, -42.000000, -156.000000, 0.407110, 0.001509, 1000
34.000000, -42.000000, -156.000000, 0.411729, 0.001501, 1000
34.500000, -42.000000, -156.000000, 0.413868, 0.001511, 1000
35.000000, -42.000000, -156.000000, 0.413477, 0.001504, 1000
35.500000, -42.000000, -156.000000, 0.408768, 0.001512, 1000
36.000000, -42.000000, -156.000000, 0.400549, 0.001531, 1000
36.500000, -42.000000, -156.000000, 0.387182, 0.001484, 1000
37.000000, -42.000000, -156.000000, 0.367663, 0.001417, 1000
37.500000, -42.000000, -156.000000, 0.338113, 0.001366, 1000
38.000000, -42.000000, -156.000000, 0.296299, 0.001288, 1000
38.500000, -42.000000, -156.000000, 0.239899, 0.001111, 1000
39.000000, -42.000000, -156.000000, 0.177319, 0.001000, 1000
39.500000, -42.000000, -156.000000, 0.122284, 0.000861, 1000
40.000000, -42.000000, -156.000000, 0.080541, 0.000778, 1000
40.500000, -42.000000, -156.000000, 0.051131, 0.000743, 1000
41.000000, -42.000000, -156.000000, 0.030836, 0.000695, 1000
41.500000, -42.000000, -156.000000, 0.016795, 0.000699, 1000
26.500000, -42.500000, -156.000000, 0.001326, 0.000631, 1000
27.000000, -42.500000, -156.000000, 0.009665, 0.000616, 1000
27.500000, -42.500000, -156.000000, 0.021749, 0.000605, 1000
28.000000, -42.500000, -156.000000, 0.039536, 0.000690, 1000
28.500000, -42.500000, -156.000000, 0.065552, 0.000722, 1000
29.000000, -42.500000, -156.000000, 0.102554, 0.000810, 1000
29.500000, -42.500000, -156.000000, 0.151597, 0.000874, 1000
30.000000, -42.500000, -156.000000, 0.208801, 0.000972, 1000
30.500000, -42.500000, -156.000000, 0.264052, 0.001074, 1000
31.000000, -42.500000, -156.000000, 0.310373, 0.001249, 1000
31.500000, -42.500000, -156.000000, 0.344209, 0.001354, 1000
32.000000, -42.500000, -156.000000, 0.369102, 0.001392, 1000
32.500000, -42.500000, -156.000000, 0.385872, 0.001409, 1000
33.000000, -42.500000, -156.000000, 0.398157, 0.001439, 1000
33.500000, -42.500000, -156.000000, 0.405930, 0.001488, 1000
34.000000, -42.500000, -156.000000, 0.410555, 0.001478, 1000
34.500000, -42.500000, -156.000000, 0.413081, 0.001453, 1000
35.000000, -42.500000, -156.000000, 0.412711, 0.001444, 1000
35.500000, -42.500000, -156.000000, 0.408412, 0.001470, 1000
36.000000, -42.500000, -156.000000, 0.401086, 0.001489, 1000
36.500000, -42.500000, -156.000000, 0.388739, 0.001462, 1000
37.000000, -42.500000, -156.000000, 0.369838, 0.001371, 1000
37.500000, -42.500000, -156.000000, 0.340902, 0.001374, 1000
38.000000, -42.500000, -156.000000, 0.300193, 0.001263, 1000
38.500000, -42.500000, -156.000000, 0.244730, 0.001180, 1000
39.000000, -42.500000, -156.000000, 0.181746, 0.000981, 1000
39.500000, -42.500000, -156.000000, 0.125830, 0.000875, 1000
40.000000, -42.500000, -156.000000, 0.083191, 0.000762, 1000
40.500000, -42.500000, -156.000000, 0.053072, 0.000706, 1000
41.000000, -42.500000, -156.000000, 0.032084, 0.000710, 1000
41.500000, -42.500000, -156.000000, 0.017571, 0.000697, 1000
26.500000, -43.000000, -156.000000, 0.001366, 0.000612, 1000
27.000000, -43.000000, -156.000000, 0.009697, 0.000632, 1000
27.500000, -43.000000, -156.000000, 0.021778, 0.000647, 1000
28.000000, -43.000000, -156.000000, 0.039477, 0.000672, 1000
28.500000, -43.000000, -156.000000, 0.065540, 0.000716, 1000
29.000000, -43.000000, -156.000000, 0.102337, 0.000787, 1000
29.500000, -43.000000, -156.000000, 0.150878, 0.000879, 1000
30.000000, -43.000000, -156.000000, 0.207544, 0.000998, 1000
30.500000, -43.000000, -156.000000, 0.262354, 0.001125, 1000
31.000000, -43.000000, -156.000000, 0.308512, 0.001252, 1000
31.500000, -43.000000, -156.000000, 0.342759, 0.001330, 1000
32.000000, -43.000000, -156.000000, 0.367821, 0.001398, 1000
32.500000, -43.000000, -156.000000, 0.384917, 0.001411, 1000
33.000000, -43.000000, -156.000000, 0.396796, 0.001503, 1000
33.500000, -43.000000, -156.000000, 0.403731, 0.001490, 1000
34.000000, -43.000000, -156.000000, 0.408184, 0.001519, 1000
34.500000, -43.000000, -156.000000, 0.410594, 0.001496, 1000
35.000000, -43.000000, -156.000000, 0.410447, 0.001476, 1000
35.500000, -43.000000, -156.000000, 0.406493, 0.001481, 1000
36.000000, -43.000000, -156.000000, 0.399260, 0.001503, 1000
36.500000, -43.000000, -156.000000, 0.386975, 0.001432, 1000
37.000000, -43.000000, -156.000000, 0.368537, 0.001416, 1000
37.500000, -43.000000, -156.000000, 0.340261, 0.001364, 1000
38.000000, -43.000000, -156.000000, 0.299395, 0.001289, 1000
38.500000, -43.000000, -156.000000, 0.243306, 0.001160, 1000
39.000000, -43.000000, -156.000000, 0.180819, 0.001043, 1000
39.500000, -43.000000, -156.000000, 0.125358, 0.000892, 1000
40.000000, -43.000000, -156.000000, 0.082891, 0.000809, 1000
40.500000, -43.000000, -156.000000, 0.052890, 0.000767, 1000
41.000000, -43.000000, -156.000000, 0.032045, 0.000701, 1000
41.500000, -43.000000, -156.000000, 0.017537, 0.000690, 1000
26.500000, -43.500000, -156.000000, 0.000973, 0.000625, 1000
27.000000, -43.500000, -156.000000, 0.009088, 0.000615, 1000
27.500000, -43.500000, -156.000000, 0.020707, 0.000643, 1000
28.000000, -43.500000, -156.000000, 0.037868, 0.000646, 1000
28.500000, -43.500000, -156.000000, 0.062725, 0.000711, 1000
29.000000, -43.500000, -156.000000, 0.098017, 0.000757, 1000
29.500000, -43.500000, -156.000000, 0.144940, 0.000843, 1000
30.000000, -43.500000, -156.000000, 0.200326, 0.001007, 1000
30.500000, -43.500000, -156.000000, 0.254598, 0.001089, 1000
31.000000, -43.500000, -156.000000, 0.300124, 0.001225, 1000
31.500000, -43.500000, -156.000000, 0.334539, 0.001255, 1000
32.000000, -43.500000, -156.000000, 0.361463, 0.001322, 1000
32.500000, -43.500000, -156.000000, 0.380194, 0.001407, 1000
33.000000, -43.500000, -156.000000, 0.393479, 0.001419, 1000
33.500000, -43.500000, -156.000000, 0.401373, 0.001518, 1000
34.000000, -43.500000, -156.000000, 0.406450, 0.001479, 1000
34.500000, -43.500000, -156.000000, 0.408881, 0.001437, 1000
35.000000, -43.500000, -156.000000, 0.408123, 0.001513, 1000
35.500000, -43.500000, -156.000000, 0.402931, 0.001458, 1000
36.000000, -43.500000, -156.000000, 0.394840, 0.001497, 1000
36.500000, -43.500000, -156.000000, 0.381522, 0.001443, 1000
37.000000, -43.500000, -156.000000, 0.362211, 0.001425, 1000
37.500000, -43.500000, -156.000000, 0.332516, 0.001349, 1000
38.000000, -43.500000, -156.000000, 0.290748, 0.001234, 1000
38.500000, -43.500000, -156.000000, 0.234982, 0.001112, 1000
39.000000, -43.500000, -156.000000, 0.174417, 0.000988, 1000
39.500000, -43.500000, -156.000000, 0.120766, 0.000879, 1000
40.000000, -43.500000, -156.000000, 0.079777, 0.000825, 1000
40.500000, -43.500000, -156.000000, 0.050778, 0.000731, 1000
41.000000, -43.500000, -156.000000, 0.030732, 0.000690, 1000
41.500000, -43.500000, -156.000000, 0.016749, 0.000704, 1000
26.500000, -44.000000, -156.000000, 0.000120, 0.000610, 1000
27.000000, -44.000000, -156.000000, 0.007735, 0.000645, 1000
27.500000, -44.000000, -156.000000, 0.018698, 0.000635, 1000
28.000000, -44.000000, -156.000000, 0.034716, 0.000651, 1000
28.500000, -44.000000, -156.000000, 0.057694, 0.000675, 1000
29.000000, -44.000000, -156.000000, 0.090135, 0.000785, 1000
29.500000, -44.000000, -156.000000, 0.133842, 0.000846, 1000
30.000000, -44.000000, -156.000000, 0.186750, 0.000920, 1000
30.500000, -44.000000, -156.000000, 0.240672, 0.001048, 1000
31.000000, -44.000000, -156.000000, 0.287373, 0.001149, 1000
31.500000, -44.000000, -156.000000, 0.323813, 0.001260, 1000
32.000000, -44.000000, -156.000000, 0.351798, 0.001339, 1000
32.500000, -44.000000, -156.000000, 0.372125, 0.001378, 1000
33.000000, -44.000000, -156.000000, 0.385908, 0.001429, 1000
33.500000, -44.000000, -156.000000, 0.394580, 0.001406, 1000
34.000000, -44.000000, -156.000000, 0.399863, 0.001417, 1000
34.500000, -44.000000, -156.000000, 0.402728, 0.001387, 1000
35.000000, -44.000000, -156.000000, 0.401386, 0.001497, 1000
35.500000, -44.000000, -156.000000, 0.396172, 0.001421, 1000
36.000000, -44.000000, -156.000000, 0.387175, 0.001465, 1000
36.500000, -44.000000, -156.000000, 0.373151, 0.001358, 1000
37.000000, -44.000000, -156.000000, 0.352118, 0.001403, 1000
37.500000, -44.000000, -156.000000, 0.321029, 0.001341, 1000
38.000000, -44.000000, -156.000000, 0.278009, 0.001171, 1000
38.500000, -44.000000, -156.000000, 0.222400, 0.001079, 1000
39.000000, -44.000000, -156.000000, 0.163513, 0.000963, 1000
39.500000, -44.000000, -156.000000, 0.112536, 0.000915, 1000
40.000000, -44.000000, -156.000000, 0.074078, 0.000782, 1000
40.500000, -44.000000, -156.000000, 0.046995, 0.000740, 1000
41.000000, -44.000000, -156.000000, 0.028277, 0.000705, 1000
41.500000, -44.000000, -156.000000, 0.015159, 0.000658, 1000
26.500000, -44.500000, -156.000000, -0.000903, 0.000602, 1000
27.000000, -44.500000, -156.000000, 0.006224, 0.000612, 1000
27.500000, -44.500000, -156.000000, 0.016272, 0.000620, 1000
28.000000, -44.500000, -156.000000, 0.030840, 0.000663, 1000
28.500000, -44.500000, -156.000000, 0.051279, 0.000689, 1000
29.000000, -44.500000, -156.000000, 0.080349, 0.000756, 1000
29.500000, -44.500000, -156.000000, 0.119685, 0.000787, 1000
30.000000, -44.500000, -156.000000, 0.168429, 0.000897, 1000
30.500000, -44.500000, -156.000000, 0.220838, 0.000972, 1000
31.000000, -44.500000, -156.000000, 0.269352, 0.001152, 1000
31.500000, -44.500000, -156.000000, 0.308546, 0.001179, 1000
32.000000, -44.500000, -156.000000, 0.337821, 0.001384, 1000
32.500000, -44.500000, -156.000000, 0.359027, 0.001343, 1000
33.000000, -44.500000, -156.000000, 0.373712, 0.001391, 1000
33.500000, -44.500000, -156.000000, 0.382847, 0.001420, 1000
34.000000, -44.500000, -156.000000, 0.388875, 0.001397, 1000
34.500000, -44.500000, -156.000000, 0.391600, 0.001463, 1000
35.000000, -44.500000, -156.000000, 0.391152, 0.001499, 1000
35.500000, -44.500000, -156.000000, 0.385771, 0.001424, 1000
36.000000, -44.500000, -156.000000, 0.376205, 0.001336, 1000
36.500000, -44.500000, -156.000000, 0.362010, 0.001380, 1000
37.000000, -44.500000, -156.000000, 0.339085, 0.001309, 1000
37.500000, -44.500000, -156.000000, 0.305291, 0.001278, 1000
38.000000, -44.500000, -156.000000, 0.260027, 0.001236, 1000
38.500000, -44.500000, -156.000000, 0.204402, 0.001048, 1000
39.000000, -44.500000, -156.000000, 0.148057, 0.000896, 1000
39.500000, -44.500000, -156.000000, 0.101076, 0.000833, 1000
40.000000, -44.500000, -156.000000, 0.066571, 0.000796, 1000
40.500000, -44.500000, -156.000000, 0.042278, 0.000739, 1000
41.000000, -44.500000, -156.000000, 0.025176, 0.000691, 1000
41.500000, -44.500000, -156.000000, 0.013236, 0.000665, 1000
26.500000, -45.000000, -156.000000, -0.002101, 0.000573, 1000
27.000000, -45.000000, -156.000000, 0.004199, 0.000617, 1000
27.500000, -45.000000, -156.000000, 0.013215, 0.000633, 1000
28.000000, -45.000000, -156.000000, 0.025928, 0.000639, 1000
28.500000, -45.000000, -156.000000, 0.043811, 0.000694, 1000
29.000000, -45.000000, -156.000000, 0.068843, 0.000679, 1000
29.500000, -45.000000, -156.000000, 0.102631, 0.000789, 1000
30.000000, -45.000000, -156.000000, 0.145629, 0.000880, 1000
30.500000, -45.000000, -156.000000, 0.193950, 0.000931, 1000
31.000000, -45.000000, -156.000000, 0.241765, 0.001094, 1000
31.500000, -45.000000, -156.000000, 0.283089, 0.001141, 1000
32.000000, -45.000000, -156.000000, 0.315919, 0.001266, 1000
32.500000, -45.000000, -156.000000, 0.339997, 0.001352, 1000
33.000000, -45.000000, -156.000000, 0.356663, 0.001335, 1000
33.500000, -45.000000, -156.000000, 0.367264, 0.001325, 1000
34.000000, -45.000000, -156.000000, 0.373899, 0.001375, 1000
34.500000, -45.000000, -156.000000, 0.377138, 0.001465, 1000
35.000000, -45.000000, -156.000000, 0.376164, 0.001436, 1000
35.500000, -45.000000, -156.000000, 0.369703, 0.001422, 1000
36.000000, -45.000000, -156.000000, 0.358491, 0.001339, 1000
36.500000, -45.000000, -156.000000, 0.341874, 0.001339, 1000
37.000000, -45.000000, -156.000000, 0.315238, 0.001275, 1000
37.500000, -45.000000, -156.000000, 0.277689, 0.001223, 1000
38.000000, -45.000000, -156.000000, 0.230627, 0.001101, 1000
38.500000, -45.000000, -156.000000, 0.177620, 0.000993, 1000
39.000000, -45.000000, -156.000000, 0.127165, 0.000881, 1000
39.500000, -45.000000, -156.000000, 0.086709, 0.000797, 1000
40.000000, -45.000000, -156.000000, 0.057146, 0.000696, 1000
40.500000, -45.000000, -156.000000, 0.036053, 0.000698, 1000
41.000000, -45.000000, -156.000000, 0.021285, 0.000682, 1000
41.500000, -45.000000, -156.000000, 0.010594, 0.000630, 1000
26.500000, -45.500000, -156.000000, -0.003588, 0.000598, 1000
27.000000, -45.500000, -156.000000, 0.002011, 0.000626, 1000
27.500000, -45.500000, -156.000000, 0.009837, 0.000631, 1000
28.000000, -45.500000, -156.000000, 0.020719, 0.000649, 1000
28.500000, -45.500000, -156.000000, 0.035810, 0.000656, 1000
29.000000, -45.500000, -156.000000, 0.056624, 0.000693, 1000
29.500000, -45.500000, -156.000000, 0.084404, 0.000720, 1000
30.000000, -45.500000, -156.000000, 0.120330, 0.000791, 1000
30.500000, -45.500000, -156.000000, 0.162624, 0.000907, 1000
31.000000, -45.500000, -156.000000, 0.207411, 0.001003, 1000
31.500000, -45.500000, -156.000000, 0.249728, 0.001095, 1000
32.000000, -45.500000, -156.000000, 0.285573, 0.001187, 1000
32.500000, -45.500000, -156.000000, 0.313720, 0.001272, 1000
33.000000, -45.500000, -156.000000, 0.333284, 0.001362, 1000
33.500000, -45.500000, -156.000000, 0.345592, 0.001326, 1000
34.000000, -45.500000, -156.000000, 0.353002, 0.001360, 1000
34.500000, -45.500000, -156.000000, 0.355836, 0.001342, 1000
35.000000, -45.500000, -156.000000, 0.354594, 0.001368, 1000
35.500000, -45.500000, -156.000000, 0.346577, 0.001307, 1000
36.000000, -45.500000, -156.000000, 0.333112, 0.001277, 1000
36.500000, -45.500000, -156.000000, 0.312727, 0.001284, 1000
37.000000, -45.500000, -156.000000, 0.281689, 0.001212, 1000
37.500000, -45.500000, -156.000000, 0.242007, 0.001111, 1000
38.000000, -45.500000, -156.000000, 0.195201, 0.001045, 1000
38.500000, -45.500000, -156.000000, 0.147142, 0.000910, 1000
39.000000, -45.500000, -156.000000, 0.104523, 0.000837, 1000
39.500000, -45.500000, -156.000000, 0.071421, 0.000764, 1000
40.000000, -45.500000, -156.000000, 0.047058, 0.000700, 1000
40.500000, -45.500000, -156.000000, 0.029627, 0.000676, 1000
41.000000, -45.500000, -156.000000, 0.016922, 0.000678, 1000
41.500000, -45.500000, -156.000000, 0.007781, 0.000653, 1000
26.500000, -46.000000, -156.000000, -0.005018, 0.000632, 1000
27.000000, -46.000000, -156.000000, -0.000244, 0.000621, 1000
27.500000, -46.000000, -156.000000, 0.006511, 0.000626, 1000
28.000000, -46.000000, -156.000000, 0.015427, 0.000619, 1000
28.500000, -46.000000, -156.000000, 0.027864, 0.000653, 1000
29.000000, -46.000000, -156.000000, 0.044471, 0.000710, 1000
29.500000, -46.000000, -156.000000, 0.066396, 0.000695, 1000
30.000000, -46.000000, -156.000000, 0.094872, 0.000730, 1000
30.500000, -46.000000, -156.000000, 0.129300, 0.000802, 1000
31.000000, -46.000000, -156.000000, 0.168083, 0.000885, 1000
31.500000, -46.000000, -156.000000, 0.207640, 0.000960, 1000
32.000000, -46.000000, -156.000000, 0.244553, 0.001044, 1000
32.500000, -46.000000, -156.000000, 0.275394, 0.001121, 1000
33.000000, -46.000000, -156.000000, 0.298231, 0.001192, 1000
33.500000, -46.000000, -156.000000, 0.312621, 0.001206, 1000
34.000000, -46.000000, -156.000000, 0.321299, 0.001279, 1000
34.500000, -46.000000, -156.000000, 0.324393, 0.001287, 1000
35.000000, -46.000000, -156.000000, 0.321869, 0.001376, 1000
35.500000, -46.000000, -156.000000, 0.311563, 0.001266, 1000
36.000000, -46.000000, -156.000000, 0.294580, 0.001185, 1000
36.500000, -46.000000, -156.000000, 0.270725, 0.001135, 1000
37.000000, -46.000000, -156.000000, 0.237034, 0.001078, 1000
37.500000, -46.000000, -156.000000, 0.197119, 0.000970, 1000
38.000000, -46.000000, -156.000000, 0.154884, 0.000936, 1000
38.500000, -46.000000, -156.000000, 0.115112, 0.000829, 1000
39.000000, -46.000000, -156.000000, 0.081674, 0.000790, 1000
39.500000, -46.000000, -156.000000, 0.055853, 0.000722, 1000
40.000000, -46.000000, -156.000000, 0.036711, 0.000665, 1000
40.500000, -46.000000, -156.000000, 0.022770, 0.000661, 1000
41.000000, -46.000000, -156.000000, 0.012406, 0.000681, 1000
41.500000, -46.000000, -156.000000, 0.004640, 0.000639, 1000
26.500000, -46.500000, -156.000000, -0.006616, 0.000605, 1000
27.000000, -46.500000, -156.000000, -0.002611, 0.000591, 1000
27.500000, -46.500000, -156.000000, 0.002925, 0.000607, 1000
28.000000, -46.500000, -156.000000, 0.010303, 0.000622, 1000
28.500000, -46.500000, -156.000000, 0.020140, 0.000645, 1000
29.000000, -46.500000, -156.000000, 0.033210, 0.000639, 1000
29.500000, -46.500000, -156.000000, 0.049805, 0.000666, 1000
30.000000, -46.500000, -156.000000, 0.071307, 0.000734, 1000
30.500000, -46.500000, -156.000000, 0.097615, 0.000775, 1000
31.000000, -46.500000, -156.000000, 0.128546, 0.000813, 1000
31.500000, -46.500000, -156.000000, 0.161951, 0.000893, 1000
32.000000, -46.500000, -156.000000, 0.195900, 0.000972, 1000
32.500000, -46.500000, -156.000000, 0.226569, 0.001059, 1000
33.000000, -46.500000, -156.000000, 0.251058, 0.001118, 1000
33.500000, -46.500000, -156.000000, 0.267070, 0.001134, 1000
34.000000, -46.500000, -156.000000, 0.276477, 0.001208, 1000
34.500000, -46.500000, -156.000000, 0.279322, 0.001135, 1000
35.000000, -46.500000, -156.000000, 0.275279, 0.001176, 1000
35.500000, -46.500000, -156.000000, 0.263037, 0.001163, 1000
36.000000, -46.500000, -156.000000, 0.242947, 0.001107, 1000
36.500000, -46.500000, -156.000000, 0.217249, 0.001032, 1000
37.000000, -46.500000, -156.000000, 0.184853, 0.001032, 1000
37.500000, -46.500000, -156.000000, 0.150029, 0.000899, 1000
38.000000, -46.500000, -156.000000, 0.116158, 0.000886, 1000
38.500000, -46.500000, -156.000000, 0.086043, 0.000777, 1000
39.000000, -46.500000, -156.000000, 0.061140, 0.000742, 1000
39.500000, -46.500000, -156.000000, 0.041816, 0.000698, 1000
40.000000, -46.500000, -156.000000, 0.027274, 0.000672, 1000
40.500000, -46.500000, -156.000000, 0.016260, 0.000654, 1000
41.000000, -46.500000, -156.000000, 0.007995, 0.000678, 1000
41.500000, -46.500000, -156.000000, 0.001670, 0.000623, 1000
26.500000, -47.000000, -156.000000, -0.007988, 0.000575, 1000
27.000000, -47.000000, -156.000000, -0.004673, 0.000611, 1000
27.500000, -47.000000, -156.000000, -0.000177, 0.000630, 1000
28.000000, -47.000000, -156.000000, 0.005693, 0.000614, 1000
28.500000, -47.000000, -156.000000, 0.013649, 0.000611, 1000
29.000000, -47.000000, -156.000000, 0.023622, 0.000661, 1000
29.500000, -47.000000, -156.000000, 0.036280, 0.000657, 1000
30.000000, -47.000000, -156.000000, 0.052217, 0.000704, 1000
30.500000, -47.000000, -156.000000, 0.071783, 0.000688, 1000
31.000000, -47.000000, -156.000000, 0.094960, 0.000795, 1000
31.500000, -47.000000, -156.000000, 0.120696, 0.000849, 1000
32.000000, -47.000000, -156.000000, 0.147808, 0.000860, 1000
32.500000, -47.000000, -156.000000, 0.173742, 0.000942, 1000
33.000000, -47.000000, -156.000000, 0.196110, 0.000968, 1000
33.500000, -47.000000, -156.000000, 0.211789, 0.000973, 1000
34.000000, -47.000000, -156.000000, 0.221436, 0.001081, 1000
34.500000, -47.000000, -156.000000, 0.223894, 0.001015, 1000
35.000000, -47.000000, -156.000000, 0.218613, 0.001049, 1000
35.500000, -47.000000, -156.000000, 0.205452, 0.000950, 1000
36.000000, -47.000000, -156.000000, 0.186417, 0.000929, 1000
36.500000, -47.000000, -156.000000, 0.162819, 0.000921, 1000
37.000000, -47.000000, -156.000000, 0.136143, 0.000907, 1000
37.500000, -47.000000, -156.000000, 0.109483, 0.000825, 1000
38.000000, -47.000000, -156.000000, 0.084496, 0.000747, 1000
38.500000, -47.000000, -156.000000, 0.062730, 0.000713, 1000
39.000000, -47.000000, -156.000000, 0.044774, 0.000684, 1000
39.500000, -47.000000, -156.000000, 0.030500, 0.000676, 1000
40.000000, -47.000000, -156.000000, 0.019294, 0.000634, 1000
40.500000, -47.000000, -156.000000, 0.010865, 0.000628, 1000
41.000000, -47.000000, -156.000000, 0.004115, 0.000653, 1000
41.500000, -47.000000, -156.000000, -0.001052, 0.000610, 1000
26.500000, -47.500000, -156.000000, -0.009287, 0.000626, 1000
27.000000, -47.500000, -156.000000, -0.006533, 0.000579, 1000
27.500000, -47.500000, -156.000000, -0.002943, 0.000617, 1000
28.000000, -47.500000, -156.000000, 0.001793, 0.000631, 1000
28.500000, -47.500000, -156.000000, 0.007936, 0.000669, 1000
29.000000, -47.500000, -156.000000, 0.015470, 0.000610, 1000
29.500000, -47.500000, -156.000000, 0.024961, 0.000679, 1000
30.000000, -47.500000, -156.000000, 0.036547, 0.000677, 1000
30.500000, -47.500000, -156.000000, 0.050431, 0.000675, 1000
31.000000, -47.500000, -156.000000, 0.067076, 0.000696, 1000
31.500000, -47.500000, -156.000000, 0.085302, 0.000778, 1000
32.000000, -47.500000, -156.000000, 0.104425, 0.000798, 1000
32.500000, -47.500000, -156.000000, 0.123253, 0.000826, 1000
33.000000, -47.500000, -156.000000, 0.139915, 0.000875, 1000
33.500000, -47.500000, -156.000000, 0.152551, 0.000915, 1000
34.000000, -47.500000, -156.000000, 0.160289, 0.000863, 1000
34.500000, -47.500000, -156.000000, 0.161816, 0.000955, 1000
35.000000, -47.500000, -156.000000, 0.157318, 0.000888, 1000
35.500000, -47.500000, -156.000000, 0.146731, 0.000841, 1000
36.000000, -47.500000, -156.000000, 0.131800, 0.000889, 1000
36.500000, -47.500000, -156.000000, 0.114269, 0.000781, 1000
37.000000, -47.500000, -156.000000, 0.095072, 0.000805, 1000
37.500000, -47.500000, -156.000000, 0.076669, 0.000708, 1000
38.000000, -47.500000, -156.000000, 0.059113, 0.000713, 1000
38.500000, -47.500000, -156.000000, 0.043973, 0.000708, 1000
39.000000, -47.500000, -156.000000, 0.031240, 0.000685, 1000
39.500000, -47.500000, -156.000000, 0.020880, 0.000676, 1000
40.000000, -47.500000, -156.000000, 0.012443, 0.000673, 1000
40.500000, -47.500000, -156.000000, 0.006035, 0.000635, 1000
41.000000, -47.500000, -156.000000, 0.000709, 0.000635, 1000
41.500000, -47.500000, -156.000000, -0.003476, 0.000627, 1000
26.500000, -48.000000, -156.000000, -0.010383, 0.000605, 1000
27.000000, -48.000000, -156.000000, -0.008183, 0.000592, 1000
27.500000, -48.000000, -156.000000, -0.005298, 0.000594, 1000
28.000000, -48.000000, -156.000000, -0.001597, 0.000589, 1000
28.500000, -48.000000, -156.000000, 0.003090, 0.000598, 1000
29.000000, -48.000000, -156.000000, 0.008763, 0.000624, 1000
29.500000, -48.000000, -156.000000, 0.015668, 0.000622, 1000
30.000000, -48.000000, -156.000000, 0.023937, 0.000646, 1000
30.500000, -48.000000, -156.000000, 0.033581, 0.000645, 1000
31.000000, -48.000000, -156.000000, 0.045204, 0.000674, 1000
31.500000, -48.000000, -156.000000, 0.057513, 0.000676, 1000
32.000000, -48.000000, -156.000000, 0.069979, 0.000737, 1000
32.500000, -48.000000, -156.000000, 0.082177, 0.000732, 1000
33.000000, -48.000000, -156.000000, 0.093196, 0.000782, 1000
33.500000, -48.000000, -156.000000, 0.101731, 0.000776, 1000
34.000000, -48.000000, -156.000000, 0.106868, 0.000795, 1000
34.500000, -48.000000, -156.000000, 0.107752, 0.000782, 1000
35.000000, -48.000000, -156.000000, 0.104268, 0.000775, 1000
35.500000, -48.000000, -156.000000, 0.097219, 0.000782, 1000
36.000000, -48.000000, -156.000000, 0.087583, 0.000748, 1000
36.500000, -48.000000, -156.000000, 0.076089, 0.000763, 1000
37.000000, -48.000000, -156.000000, 0.063354, 0.000730, 1000
37.500000, -48.000000, -156.000000, 0.051278, 0.000713, 1000
38.000000, -48.000000, -156.000000, 0.039562, 0.000678, 1000
38.500000, -48.000000, -156.000000, 0.029308, 0.000655, 1000
39.000000, -48.000000, -156.000000, 0.020257, 0.000676, 1000
39.500000, -48.000000, -156.000000, 0.012808, 0.000647, 1000
40.000000, -48.000000, -156.000000, 0.006564, 0.000644, 1000
40.500000, -48.000000, -156.000000, 0.001633, 0.000642, 1000
41.000000, -48.000000, -156.000000, -0.002416, 0.000660, 1000
41.500000, -48.000000, -156.000000, -0.005737, 0.000637, 1000
26.500000, -48.500000, -156.000000, -0.011437, 0.000575, 1000
27.000000, -48.500000, -156.000000, -0.009650, 0.000591, 1000
27.500000, -48.500000, -156.000000, -0.007409, 0.000611, 1000
28.000000, -48.500000, -156.000000, -0.004498, 0.000622, 1000
28.500000, -48.500000, -156.000000, -0.000971, 0.000621, 1000
29.000000, -48.500000, -156.000000, 0.003258, 0.000601, 1000
29.500000, -48.500000, -156.000000, 0.008274, 0.000634, 1000
30.000000, -48.500000, -156.000000, 0.014133, 0.000603, 1000
30.500000, -48.500000, -156.000000, 0.020685, 0.000638, 1000
31.000000, -48.500000, -156.000000, 0.028720, 0.000684, 1000
31.500000, -48.500000, -156.000000, 0.036685, 0.000640, 1000
32.000000, -48.500000, -156.000000, 0.044715, 0.000683, 1000
32.500000, -48.500000, -156.000000, 0.052264, 0.000711, 1000
33.000000, -48.500000, -156.000000, 0.059109, 0.000692, 1000
33.500000, -48.500000, -156.000000, 0.064478, 0.000704, 1000
34.000000, -48.500000, -156.000000, 0.067618, 0.000714, 1000
34.500000, -48.500000, -156.000000, 0.068015, 0.000677, 1000
35.000000, -48.500000, -156.000000, 0.065923, 0.000664, 1000
35.500000, -48.500000, -156.000000, 0.061517, 0.000739, 1000
36.000000, -48.500000, -156.000000, 0.055788, 0.000705, 1000
36.500000, -48.500000, -156.000000, 0.048643, 0.000736, 1000
37.000000, -48.500000, -156.000000, 0.040550, 0.000666, 1000
37.500000, -48.500000, -156.000000, 0.032854, 0.000636, 1000
38.000000, -48.500000, -156.000000, 0.025038, 0.000678, 1000
38.500000, -48.500000, -156.000000, 0.018018, 0.000671, 1000
39.000000, -48.500000, -156.000000, 0.011761, 0.000673, 1000
39.500000, -48.500000, -156.000000, 0.006374, 0.000626, 1000
40.000000, -48.500000, -156.000000, 0.001779, 0.000651, 1000
40.500000, -48.500000, -156.000000, -0.001821, 0.000644, 1000
41.000000, -48.500000, -156.000000, -0.005019, 0.000634, 1000
41.500000, -48.500000, -156.000000, -0.007604, 0.000608, 1000
26.500000, -49.000000, -156.000000, -0.012201, 0.000587, 1000
27.000000, -49.000000, -156.000000, -0.010827, 0.000607, 1000
27.500000, -49.000000, -156.000000, -0.009008, 0.000599, 1000
28.000000, -49.000000, -156.000000, -0.006826, 0.000645, 1000
28.500000, -49.000000, -156.000000, -0.004146, 0.000615, 1000
29.000000, -49.000000, -156.000000, -0.000996, 0.000621, 1000
29.500000, -49.000000, -156.000000, 0.002658, 0.000597, 1000
30.000000, -49.000000, -156.000000, 0.006812, 0.000621, 1000
30.500000, -49.000000, -156.000000, 0.011232, 0.000607, 1000
31.000000, -49.000000, -156.000000, 0.016558, 0.000621, 1000
31.500000, -49.000000, -156.000000, 0.022023, 0.000637, 1000
32.000000, -49.000000, -156.000000, 0.027287, 0.000641, 1000
32.500000, -49.000000, -156.000000, 0.031994, 0.000635, 1000
33.000000, -49.000000, -156.000000, 0.036159, 0.000612, 1000
33.500000, -49.000000, -156.000000, 0.039378, 0.000651, 1000
34.000000, -49.000000, -156.000000, 0.041370, 0.000677, 1000
34.500000, -49.000000, -156.000000, 0.041511, 0.000683, 1000
35.000000, -49.000000, -156.000000, 0.040431, 0.000670, 1000
35.500000, -49.000000, -156.000000, 0.037805, 0.000663, 1000
36.000000, -49.000000, -156.000000, 0.034501, 0.000659, 1000
36.500000, -49.000000, -156.000000, 0.029993, 0.000655, 1000
37.000000, -49.000000, -156.000000, 0.024937, 0.000642, 1000
37.500000, -49.000000, -156.000000, 0.019722, 0.000621, 1000
38.000000, -49.000000, -156.000000, 0.014593, 0.000635, 1000
38.500000, -49.000000, -156.000000, 0.009772, 0.000624, 1000
39.000000, -49.000000, -156.000000, 0.005284, 0.000639, 1000
39.500000, -49.000000, -156.000000, 0.001407, 0.000652, 1000
40.000000, -49.000000, -156.000000, -0.001959, 0.000612, 1000
40.500000, -49.000000, -156.000000, -0.004718, 0.000618, 1000
41.000000, -49.000000, -156.000000, -0.007149, 0.000609, 1000
41.500000, -49.000000, -156.000000, -0.009170, 0.000614, 1000
26.500000, -49.500000, -156.000000, -0.012958, 0.000561, 1000
27.000000, -49.500000, -156.000000, -0.011846, 0.000579, 1000
27.500000, -49.500000, -156.000000, -0.010446, 0.000606, 1000
28.000000, -49.500000, -156.000000, -0.008733, 0.000607, 1000
28.500000, -49.500000, -156.000000, -0.006676, 0.000580, 1000
29.000000, -49.500000, -156.000000, -0.004407, 0.000598, 1000
29.500000, -49.500000, -156.000000, -0.001769, 0.000581, 1000
30.000000, -49.500000, -156.000000, 0.001088, 0.000641, 1000
30.500000, -49.500000, -156.000000, 0.004036, 0.000617, 1000
31.000000, -49.500000, -156.000000, 0.007643, 0.000622, 1000
31.500000, -49.500000, -156.000000, 0.011010, 0.000597, 1000
32.000000, -49.500000, -156.000000, 0.014494, 0.000632, 1000
32.500000, -49.500000, -156.000000, 0.017611, 0.000623, 1000
33.000000, -49.500000, -156.000000, 0.020316, 0.000652, 1000
33.500000, -49.500000, -156.000000, 0.022361, 0.000634, 1000
34.000000, -49.500000, -156.000000, 0.023560, 0.000641, 1000
34.500000, -49.500000, -156.000000, 0.023701, 0.000660, 1000
35.000000, -49.500000, -156.000000, 0.022762, 0.000648, 1000
35.500000, -49.500000, -156.000000, 0.021053, 0.000643, 1000
36.000000, -49.500000, -156.000000, 0.018990, 0.000626, 1000
36.500000, -49.500000, -156.000000, 0.016187, 0.000630, 1000
37.000000, -49.500000, -156.000000, 0.013078, 0.000651, 1000
37.500000, -49.500000, -156.000000, 0.009886, 0.000611, 1000
38.000000, -49.500000, -156.000000, 0.006342, 0.000630, 1000
38.500000, -49.500000, -156.000000, 0.003123, 0.000617, 1000
39.000000, -49.500000, -156.000000, 0.000080, 0.000614, 1000
39.500000, -49.500000, -156.000000, -0.002615, 0.000628, 1000
40.000000, -49.500000, -156.000000, -0.005016, 0.000603, 1000
40.500000, -49.500000, -156.000000, -0.007073, 0.000609, 1000
41.000000, -49.500000, -156.000000, -0.008927, 0.000611, 1000
41.500000, -49.500000, -156.000000, -0.010455, 0.000639, 1000
26.500000, -50.000000, -156.000000, -0.013478, 0.000584, 1000
27.000000, -50.000000, -156.000000, -0.012625, 0.000585, 1000
27.500000, -50.000000, -156.000000, -0.011585, 0.000594, 1000
28.000000, -50.000000, -156.000000, -0.010285, 0.000604, 1000
28.500000, -50.000000, -156.000000, -0.008778, 0.000584, 1000
29.000000, -50.000000, -156.000000, -0.007113, 0.000619, 1000
29.500000, -50.000000, -156.000000, -0.005234, 0.000606, 1000
30.000000, -50.000000, -156.000000, -0.003268, 0.000614, 1000
30.500000, -50.000000, -156.000000, -0.001210, 0.000614, 1000
31.000000, -50.000000, -156.000000, 0.001199, 0.000623, 1000
31.500000, -50.000000, -156.000000, 0.003464, 0.000610, 1000
32.000000, -50.000000, -156.000000, 0.005700, 0.000615, 1000
32.500000, -50.000000, -156.000000, 0.007671, 0.000662, 1000
33.000000, -50.000000, -156.000000, 0.009481, 0.000610, 1000
33.500000, -50.000000, -156.000000, 0.010733, 0.000612, 1000
34.000000, -50.000000, -156.000000, 0.011445, 0.000628, 1000
34.500000, -50.000000, -156.000000, 0.011467, 0.000626, 1000
35.000000, -50.000000, -156.000000, 0.010951, 0.000632, 1000
35.500000, -50.000000, -156.000000, 0.009911, 0.000615, 1000
36.000000, -50.000000, -156.000000, 0.008673, 0.000614, 1000
36.500000, -50.000000, -156.000000, 0.006856, 0.000647, 1000
37.000000, -50.000000, -156.000000, 0.004823, 0.000655, 1000
37.500000, -50.000000, -156.000000, 0.002747, 0.000604, 1000
38.000000, -50.000000, -156.000000, 0.000407, 0.000624, 1000
38.500000, -50.000000, -156.000000, -0.001866, 0.000623, 1000
39.000000, -50.000000, -156.000000, -0.003901, 0.000627, 1000
39.500000, -50.000000, -156.000000, -0.005815, 0.000596, 1000
40.000000, -50.000000, -156.000000, -0.007529, 0.000616, 1000
40.500000, -50.000000, -156.000000, -0.008957, 0.000584, 1000
41.000000, -50.000000, -156.000000, -0.010395, 0.000631, 1000
41.500000, -50.000000, -156.000000, -0.011602, 0.000596, 1000
