19.500000, -25.500000, -157.500000, -0.008780, 0.000671, 1000
20.000000, -25.500000, -157.500000, -0.007786, 0.000666, 1000
20.500000, -25.500000, -157.500000, -0.006612, 0.000671, 1000
21.000000, -25.500000, -157.500000, -0.005421, 0.000686, 1000
21.500000, -25.500000, -157.500000, -0.003743, 0.000664, 1000
22.000000, -25.500000, -157.500000, -0.002082, 0.000699, 1000
22.500000, -25.500000, -157.500000, -0.000282, 0.000711, 1000
23.000000, -25.500000, -157.500000, 0.001741, 0.000697, 1000
23.500000, -25.500000, -157.500000, 0.003878, 0.000697, 1000
24.000000, -25.500000, -157.500000, 0.006054, 0.000698, 1000
24.500000, -25.500000, -157.500000, 0.008521, 0.000697, 1000
25.000000, -25.500000, -157.500000, 0.010704, 0.000676, 1000
25.500000, -25.500000, -157.500000, 0.012601, 0.000749, 1000
26.000000, -25.500000, -157.500000, 0.014124, 0.000698, 1000
26.500000, -25.500000, -157.500000, 0.015103, 0.000698, 1000
27.000000, -25.500000, -157.500000, 0.015679, 0.000714, 1000
27.500000, -25.500000, -157.500000, 0.015462, 0.000718, 1000
28.000000, -25.500000, -157.500000, 0.014561, 0.000719, 1000
28.500000, -25.500000, -157.500000, 0.013186, 0.000723, 1000
29.000000, -25.500000, -157.500000, 0.011207, 0.000712, 1000
29.500000, -25.500000, -157.500000, 0.009080, 0.000709, 1000
30.000000, -25.500000, -157.500000, 0.006629, 0.000708, 1000
30.500000, -25.500000, -157.500000, 0.004059, 0.000709, 1000
31.000000, -25.500000, -157.500000, 0.001516, 0.000707, 1000
31.500000, -25.500000, -157.500000, -0.000905, 0.000695, 1000
32.000000, -25.500000, -157.500000, -0.003097, 0.000721, 1000
32.500000, -25.500000, -157.500000, -0.005018, 0.000694, 1000
33.000000, -25.500000, -157.500000, -0.006761, 0.000685, 1000
33.500000, -25.500000, -157.500000, -0.008182, 0.000685, 1000
34.000000, -25.500000, -157.500000, -0.009345, 0.000686, 1000
34.500000, -25.500000, -157.500000, -0.010271, 0.000678, 1000
19.500000, -26.000000, -157.500000, -0.007660, 0.000665, 1000
20.000000, -26.000000, -157.500000, -0.006389, 0.000640, 1000
20.500000, -26.000000, -157.500000, -0.004918, 0.000635, 1000
21.000000, -26.000000, -157.500000, -0.003113, 0.000708, 1000
21.500000, -26.000000, -157.500000, -0.000982, 0.000671, 1000
22.000000, -26.000000, -157.500000, 0.001278, 0.000675, 1000
22.500000, -26.000000, -157.500000, 0.003783, 0.000696, 1000
23.000000, -26.000000, -157.500000, 0.006555, 0.000710, 1000
23.500000, -26.000000, -157.500000, 0.009655, 0.000694, 1000
24.000000, -26.000000, -157.500000, 0.012987, 0.000704, 1000
24.500000, -26.000000, -157.500000, 0.016155, 0.000696, 1000
25.000000, -26.000000, -157.500000, 0.019217, 0.000703, 1000
25.500000, -26.000000, -157.500000, 0.021906, 0.000724, 1000
26.000000, -26.000000, -157.500000, 0.024159, 0.000721, 1000
26.500000, -26.000000, -157.500000, 0.025672, 0.000737, 1000
27.000000, -26.000000, -157.500000, 0.026502, 0.000728, 1000
27.500000, -26.000000, -157.500000, 0.026032, 0.000732, 1000
28.000000, -26.000000, -157.500000, 0.024637, 0.000726, 1000
28.500000, -26.000000, -157.500000, 0.022505, 0.000736, 1000
29.000000, -26.000000, -157.500000, 0.019687, 0.000714, 1000
29.500000, -26.000000, -157.500000, 0.016622, 0.000731, 1000
30.000000, -26.000000, -157.500000, 0.013301, 0.000709, 1000
30.500000, -26.000000, -157.500000, 0.009718, 0.000707, 1000
31.000000, -26.000000, -157.500000, 0.006224, 0.000727, 1000
31.500000, -26.000000, -157.500000, 0.003078, 0.000694, 1000
32.000000, -26.000000, -157.500000, 0.000059, 0.000722, 1000
32.500000, -26.000000, -157.500000, -0.002507, 0.000679, 1000
33.000000, -26.000000, -157.500000, -0.004740, 0.000686, 1000
33.500000, -26.000000, -157.500000, -0.006533, 0.000702, 1000
34.000000, -26.000000, -157.500000, -0.008054, 0.000683, 1000
34.500000, -26.000000, -157.500000, -0.009274, 0.000703, 1000
19.500000, -26.500000, -157.500000, -0.006386, 0.000656, 1000
20.000000, -26.500000, -157.500000, -0.004772, 0.000648, 1000
20.500000, -26.500000, -157.500000, -0.002782, 0.000678, 1000
21.000000, -26.500000, -157.500000, -0.000474, 0.000687, 1000
21.500000, -26.500000, -157.500000, 0.002441, 0.000669, 1000
22.000000, -26.500000, -157.500000, 0.005497, 0.000700, 1000
22.500000, -26.500000, -157.500000, 0.008910, 0.000710, 1000
23.000000, -26.500000, -157.500000, 0.012808, 0.000735, 1000
23.500000, -26.500000, -157.500000, 0.017012, 0.000707, 1000
24.000000, -26.500000, -157.500000, 0.021512, 0.000730, 1000
24.500000, -26.500000, -157.500000, 0.026120, 0.000724, 1000
25.000000, -26.500000, -157.500000, 0.030561, 0.000735, 1000
25.500000, -26.500000, -157.500000, 0.034644, 0.000744, 1000
26.000000, -26.500000, -157.500000, 0.037679, 0.000745, 1000
26.500000, -26.500000, -157.500000, 0.039864, 0.000787, 1000
27.000000, -26.500000, -157.500000, 0.040797, 0.000761, 1000
27.500000, -26.500000, -157.500000, 0.040162, 0.000769, 1000
28.000000, -26.500000, -157.500000, 0.038128, 0.000769, 1000
28.500000, -26.500000, -157.500000, 0.035077, 0.000741, 1000
29.000000, -26.500000, -157.500000, 0.031006, 0.000753, 1000
29.500000, -26.500000, -157.500000, 0.026569, 0.000729, 1000
30.000000, -26.500000, -157.500000, 0.021741, 0.000728, 1000
30.500000, -26.500000, -157.500000, 0.016907, 0.000730, 1000
31.000000, -26.500000, -157.500000, 0.012224, 0.000721, 1000
31.500000, -26.500000, -157.500000, 0.008013, 0.000737, 1000
32.000000, -26.500000, -157.500000, 0.004073, 0.000702, 1000
32.500000, -26.500000, -157.500000, 0.000713, 0.000724, 1000
33.000000, -26.500000, -157.500000, -0.002230, 0.000699, 1000
33.500000, -26.500000, -157.500000, -0.004607, 0.000692, 1000
34.000000, -26.500000, -157.500000, -0.006626, 0.000672, 1000
34.500000, -26.500000, -157.500000, -0.008133, 0.000702, 1000
19.500000, -27.000000, -157.500000, -0.004845, 0.000653, 1000
20.000000, -27.000000, -157.500000, -0.002794, 0.000679, 1000
20.500000, -27.000000, -157.500000, -0.000301, 0.000672, 1000
21.000000, -27.000000, -157.500000, 0.002785, 0.000680, 1000
21.500000, -27.000000, -157.500000, 0.006426, 0.000689, 1000
22.000000, -27.000000, -157.500000, 0.010608, 0.000683, 1000
22.500000, -27.000000, -157.500000, 0.015356, 0.000685, 1000
23.000000, -27.000000, -157.500000, 0.020788, 0.000730, 1000
23.500000, -27.000000, -157.500000, 0.026879, 0.000739, 1000
24.000000, -27.000000, -157.500000, 0.033516, 0.000723, 1000
24.500000, -27.000000, -157.500000, 0.040172, 0.000773, 1000
25.000000, -27.000000, -157.500000, 0.046941, 0.000769, 1000
25.500000, -27.000000, -157.500000, 0.052830, 0.000765, 1000
26.000000, -27.000000, -157.500000, 0.057536, 0.000749, 1000
26.500000, -27.000000, -157.500000, 0.060523, 0.000771, 1000
27.000000, -27.000000, -157.500000, 0.061581, 0.000790, 1000
27.500000, -27.000000, -157.500000, 0.060320, 0.000824, 1000
28.000000, -27.000000, -157.500000, 0.057176, 0.000797, 1000
28.500000, -27.000000, -157.500000, 0.052599, 0.000798, 1000
29.000000, -27.000000, -157.500000, 0.046725, 0.000735, 1000
29.500000, -27.000000, -157.500000, 0.040390, 0.000772, 1000
30.000000, -27.000000, -157.500000, 0.033580, 0.000772, 1000
30.500000, -27.000000, -157.500000, 0.026843, 0.000782, 1000
31.000000, -27.000000, -157.500000, 0.020336, 0.000719, 1000
31.500000, -27.000000, -157.500000, 0.014584, 0.000708, 1000
32.000000, -27.000000, -157.500000, 0.009275, 0.000720, 1000
32.500000, -27.000000, -157.500000, 0.004721, 0.000696, 1000
33.000000, -27.000000, -157.500000, 0.000830, 0.000716, 1000
33.500000, -27.000000, -157.500000, -0.002239, 0.000691, 1000
34.000000, -27.000000, -157.500000, -0.004783, 0.000673, 1000
34.500000, -27.000000, -157.500000, -0.006789, 0.000672, 1000
19.500000, -27.500000, -157.500000, -0.003166, 0.000666, 1000
20.000000, -27.500000, -157.500000, -0.000553, 0.000645, 1000
20.500000, -27.500000, -157.500000, 0.002703, 0.000644, 1000
21.000000, -27.500000, -157.500000, 0.006607, 0.000670, 1000
21.500000, -27.500000, -157.500000, 0.011378, 0.000723, 1000
22.000000, -27.500000, -157.500000, 0.016945, 0.000686, 1000
22.500000, -27.500000, -157.500000, 0.023388, 0.000739, 1000
23.000000, -27.500000, -157.500000, 0.031105, 0.000685, 1000
23.500000, -27.500000, -157.500000, 0.039637, 0.000713, 1000
24.000000, -27.500000, -157.500000, 0.049117, 0.000827, 1000
24.500000, -27.500000, -157.500000, 0.058807, 0.000701, 1000
25.000000, -27.500000, -157.500000, 0.068669, 0.000740, 1000
25.500000, -27.500000, -157.500000, 0.077075, 0.000760, 1000
26.000000, -27.500000, -157.500000, 0.083839, 0.000890, 1000
26.500000, -27.500000, -157.500000, 0.087841, 0.000876, 1000
27.000000, -27.500000, -157.500000, 0.089304, 0.000886, 1000
27.500000, -27.500000, -157.500000, 0.087476, 0.000882, 1000
28.000000, -27.500000, -157.500000, 0.082876, 0.000809, 1000
28.500000, -27.500000, -157.500000, 0.076053, 0.000823, 1000
29.000000, -27.500000, -157.500000, 0.067675, 0.000779, 1000
29.500000, -27.500000, -157.500000, 0.058417, 0.000813, 1000
30.000000, -27.500000, -157.500000, 0.048756, 0.000820, 1000
30.500000, -27.500000, -157.500000, 0.039433, 0.000811, 1000
31.000000, -27.500000, -157.500000, 0.030565, 0.000753, 1000
31.500000, -27.500000, -157.500000, 0.022627, 0.000748, 1000
32.000000, -27.500000, -157.500000, 0.015480, 0.000733, 1000
32.500000, -27.500000, -157.500000, 0.009555, 0.000691, 1000
33.000000, -27.500000, -157.500000, 0.004422, 0.000703, 1000
33.500000, -27.500000, -157.500000, 0.000493, 0.000688, 1000
34.000000, -27.500000, -157.500000, -0.002735, 0.000675, 1000
34.500000, -27.500000, -157.500000, -0.005294, 0.000711, 1000
19.500000, -28.000000, -157.500000, -0.001144, 0.000645, 1000
20.000000, -28.000000, -157.500000, 0.002088, 0.000637, 1000
20.500000, -28.000000, -157.500000, 0.006127, 0.000672, 1000
21.000000, -28.000000, -157.500000, 0.011211, 0.000684, 1000
21.500000, -28.000000, -157.500000, 0.017551, 0.000680, 1000
22.000000, -28.000000, -157.500000, 0.024995, 0.000717, 1000
22.500000, -28.000000, -157.500000, 0.033874, 0.000744, 1000
23.000000, -28.000000, -157.500000, 0.044400, 0.000766, 1000
23.500000, -28.000000, -157.500000, 0.056595, 0.000747, 1000
24.000000, -28.000000, -157.500000, 0.070160, 0.000814, 1000
24.500000, -28.000000, -157.500000, 0.084178, 0.000842, 1000
25.000000, -28.000000, -157.500000, 0.097886, 0.000842, 1000
25.500000, -28.000000, -157.500000, 0.109958, 0.000887, 1000
26.000000, -28.000000, -157.500000, 0.119145, 0.000893, 1000
26.500000, -28.000000, -157.500000, 0.124865, 0.000923, 1000
27.000000, -28.000000, -157.500000, 0.126044, 0.000925, 1000
27.500000, -28.000000, -157.500000, 0.123081, 0.000946, 1000
28.000000, -28.000000, -157.500000, 0.116561, 0.000925, 1000
28.500000, -28.000000, -157.500000, 0.107078, 0.000896, 1000
29.000000, -28.000000, -157.500000, 0.095517, 0.000866, 1000
29.500000, -28.000000, -157.500000, 0.082623, 0.000851, 1000
30.000000, -28.000000, -157.500000, 0.069137, 0.000828, 1000
30.500000, -28.000000, -157.500000, 0.056067, 0.000801, 1000
31.000000, -28.000000, -157.500000, 0.043708, 0.000789, 1000
31.500000, -28.000000, -157.500000, 0.032980, 0.000766, 1000
32.000000, -28.000000, -157.500000, 0.023475, 0.000721, 1000
32.500000, -28.000000, -157.500000, 0.015491, 0.000700, 1000
33.000000, -28.000000, -157.500000, 0.008927, 0.000723, 1000
33.500000, -28.000000, -157.500000, 0.003880, 0.000711, 1000
34.000000, -28.000000, -157.500000, -0.000250, 0.000695, 1000
34.500000, -28.000000, -157.500000, -0.003404, 0.000703, 1000
19.500000, -28.500000, -157.500000, 0.000977, 0.000702, 1000
20.000000, -28.500000, -157.500000, 0.005056, 0.000661, 1000
20.500000, -28.500000, -157.500000, 0.010114, 0.000684, 1000
21.000000, -28.500000, -157.500000, 0.016574, 0.000695, 1000
21.500000, -28.500000, -157.500000, 0.024888, 0.000686, 1000
22.000000, -28.500000, -157.500000, 0.034576, 0.000706, 1000
22.500000, -28.500000, -157.500000, 0.046463, 0.000746, 1000
23.000000, -28.500000, -157.500000, 0.060972, 0.000794, 1000
23.500000, -28.500000, -157.500000, 0.077721, 0.000787, 1000
24.000000, -28.500000, -157.500000, 0.096353, 0.000843, 1000
24.500000, -28.500000, -157.500000, 0.115509, 0.000907, 1000
25.000000, -28.500000, -157.500000, 0.133885, 0.000932, 1000
25.500000, -28.500000, -157.500000, 0.149401, 0.000983, 1000
26.000000, -28.500000, -157.500000, 0.161230, 0.000997, 1000
26.500000, -28.500000, -157.500000, 0.167895, 0.001013, 1000
27.000000, -28.500000, -157.500000, 0.168550, 0.001022, 1000
27.500000, -28.500000, -157.500000, 0.164263, 0.001004, 1000
28.000000, -28.500000, -157.500000, 0.155718, 0.000998, 1000
28.500000, -28.500000, -157.500000, 0.143682, 0.000993, 1000
29.000000, -28.500000, -157.500000, 0.128984, 0.000933, 1000
29.500000, -28.500000, -157.500000, 0.111869, 0.000892, 1000
30.000000, -28.500000, -157.500000, 0.093990, 0.000881, 1000
30.500000, -28.500000, -157.500000, 0.076463, 0.000844, 1000
31.000000, -28.500000, -157.500000, 0.059891, 0.000827, 1000
31.500000, -28.500000, -157.500000, 0.045402, 0.000788, 1000
32.000000, -28.500000, -157.500000, 0.032867, 0.000759, 1000
32.500000, -28.500000, -157.500000, 0.022553, 0.000730, 1000
33.000000, -28.500000, -157.500000, 0.014256, 0.000698, 1000
33.500000, -28.500000, -157.500000, 0.007788, 0.000712, 1000
34.000000, -28.500000, -157.500000, 0.002580, 0.000693, 1000
34.500000, -28.500000, -157.500000, -0.001352, 0.000697, 1000
19.500000, -29.000000, -157.500000, 0.003453, 0.000650, 1000
20.000000, -29.000000, -157.500000, 0.008383, 0.000692, 1000
20.500000, -29.000000, -157.500000, 0.014647, 0.000665, 1000
21.000000, -29.000000, -157.500000, 0.022755, 0.000678, 1000
21.500000, -29.000000, -157.500000, 0.033133, 0.000707, 1000
22.000000, -29.000000, -157.500000, 0.045942, 0.000744, 1000
22.500000, -29.000000, -157.500000, 0.061788, 0.000756, 1000
23.000000, -29.000000, -157.500000, 0.081337, 0.000807, 1000
23.500000, -29.000000, -157.500000, 0.103623, 0.000868, 1000
24.000000, -29.000000, -157.500000, 0.128233, 0.000948, 1000
24.500000, -29.000000, -157.500000, 0.152729, 0.000977, 1000
25.000000, -29.000000, -157.500000, 0.174918, 0.001047, 1000
25.500000, -29.000000, -157.500000, 0.192667, 0.001032, 1000
26.000000, -29.000000, -157.500000, 0.205419, 0.001075, 1000
26.500000, -29.000000, -157.500000, 0.212258, 0.001126, 1000
27.000000, -29.000000, -157.500000, 0.212908, 0.001098, 1000
27.500000, -29.000000, -157.500000, 0.208355, 0.001120, 1000
28.000000, -29.000000, -157.500000, 0.199013, 0.001078, 1000
28.500000, -29.000000, -157.500000, 0.184849, 0.001047, 1000
29.000000, -29.000000, -157.500000, 0.167029, 0.001018, 1000
29.500000, -29.000000, -157.500000, 0.146049, 0.000991, 1000
30.000000, -29.000000, -157.500000, 0.123691, 0.000939, 1000
30.500000, -29.000000, -157.500000, 0.101150, 0.000897, 1000
31.000000, -29.000000, -157.500000, 0.079740, 0.000860, 1000
31.500000, -29.000000, -157.500000, 0.060628, 0.000817, 1000
32.000000, -29.000000, -157.500000, 0.044173, 0.000794, 1000
32.500000, -29.000000, -157.500000, 0.030843, 0.000740, 1000
33.000000, -29.000000, -157.500000, 0.020154, 0.000740, 1000
33.500000, -29.000000, -157.500000, 0.012045, 0.000725, 1000
34.000000, -29.000000, -157.500000, 0.005612, 0.000740, 1000
34.500000, -29.000000, -157.500000, 0.000825, 0.000702, 1000
19.500000, -29.500000, -157.500000, 0.006130, 0.000680, 1000
20.000000, -29.500000, -157.500000, 0.012018, 0.000689, 1000
20.500000, -29.500000, -157.500000, 0.019650, 0.000676, 1000
21.000000, -29.500000, -157.500000, 0.029801, 0.000716, 1000
21.500000, -29.500000, -157.500000, 0.042872, 0.000753, 1000
22.000000, -29.500000, -157.500000, 0.059431, 0.000758, 1000
22.500000, -29.500000, -157.500000, 0.080190, 0.000816, 1000
23.000000, -29.500000, -157.500000, 0.105590, 0.000868, 1000
23.500000, -29.500000, -157.500000, 0.134249, 0.000916, 1000
24.000000, -29.500000, -157.500000, 0.164567, 0.001007, 1000
24.500000, -29.500000, -157.500000, 0.193169, 0.001043, 1000
25.000000, -29.500000, -157.500000, 0.217521, 0.001109, 1000
25.500000, -29.500000, -157.500000, 0.236028, 0.001163, 1000
26.000000, -29.500000, -157.500000, 0.248479, 0.001215, 1000
26.500000, -29.500000, -157.500000, 0.254735, 0.001225, 1000
27.000000, -29.500000, -157.500000, 0.254730, 0.001194, 1000
27.500000, -29.500000, -157.500000, 0.249962, 0.001217, 1000
28.000000, -29.500000, -157.500000, 0.240434, 0.001178, 1000
28.500000, -29.500000, -157.500000, 0.225799, 0.001142, 1000
29.000000, -29.500000, -157.500000, 0.206784, 0.001121, 1000
29.500000, -29.500000, -157.500000, 0.183368, 0.001030, 1000
30.000000, -29.500000, -157.500000, 0.157398, 0.001009, 1000
30.500000, -29.500000, -157.500000, 0.130082, 0.000948, 1000
31.000000, -29.500000, -157.500000, 0.103181, 0.000895, 1000
31.500000, -29.500000, -157.500000, 0.078694, 0.000863, 1000
32.000000, -29.500000, -157.500000, 0.057512, 0.000816, 1000
32.500000, -29.500000, -157.500000, 0.040392, 0.000772, 1000
33.000000, -29.500000, -157.500000, 0.026983, 0.000744, 1000
33.500000, -29.500000, -157.500000, 0.016830, 0.000714, 1000
34.000000, -29.500000, -157.500000, 0.009085, 0.000697, 1000
34.500000, -29.500000, -157.500000, 0.003231, 0.000703, 1000
19.500000, -30.000000, -157.500000, 0.008804, 0.000684, 1000
20.000000, -30.000000, -157.500000, 0.015711, 0.000673, 1000
20.500000, -30.000000, -157.500000, 0.025017, 0.000676, 1000
21.000000, -30.000000, -157.500000, 0.037244, 0.000681, 1000
21.500000, -30.000000, -157.500000, 0.053477, 0.000746, 1000
22.000000, -30.000000, -157.500000, 0.074200, 0.000762, 1000
22.500000, -30.000000, -157.500000, 0.100253, 0.000834, 1000
23.000000, -30.000000, -157.500000, 0.131973, 0.000904, 1000
23.500000, -30.000000, -157.500000, 0.166372, 0.001009, 1000
24.000000, -30.000000, -157.500000, 0.200713, 0.001044, 1000
24.500000, -30.000000, -157.500000, 0.231544, 0.001134, 1000
25.000000, -30.000000, -157.500000, 0.255503, 0.001162, 1000
25.500000, -30.000000, -157.500000, 0.272626, 0.001212, 1000
26.000000, -30.000000, -157.500000, 0.283812, 0.001274, 1000
26.500000, -30.000000, -157.500000, 0.289421, 0.001321, 1000
27.000000, -30.000000, -157.500000, 0.288377, 0.001316, 1000
27.500000, -30.000000, -157.500000, 0.283423, 0.001302, 1000
28.000000, -30.000000, -157.500000, 0.274219, 0.001264, 1000
28.500000, -30.000000, -157.500000, 0.260439, 0.001216, 1000
29.000000, -30.000000, -157.500000, 0.242041, 0.001167, 1000
29.500000, -30.000000, -157.500000, 0.218452, 0.001131, 1000
30.000000, -30.000000, -157.500000, 0.190518, 0.001117, 1000
30.500000, -30.000000, -157.500000, 0.159578, 0.001024, 1000
31.000000, -30.000000, -157.500000, 0.127782, 0.000954, 1000
31.500000, -30.000000, -157.500000, 0.098128, 0.000897, 1000
32.000000, -30.000000, -157.500000, 0.072154, 0.000833, 1000
32.500000, -30.000000, -157.500000, 0.050900, 0.000768, 1000
33.000000, -30.000000, -157.500000, 0.034295, 0.000777, 1000
33.500000, -30.000000, -157.500000, 0.021795, 0.000765, 1000
34.000000, -30.000000, -157.500000, 0.012484, 0.000717, 1000
34.500000, -30.000000, -157.500000, 0.005591, 0.000689, 1000
19.500000, -30.500000, -157.500000, 0.011297, 0.000662, 1000
20.000000, -30.500000, -157.500000, 0.019473, 0.000677, 1000
20.500000, -30.500000, -157.500000, 0.030374, 0.000672, 1000
21.000000, -30.500000, -157.500000, 0.044952, 0.000711, 1000
21.500000, -30.500000, -157.500000, 0.064465, 0.000758, 1000
22.000000, -30.500000, -157.500000, 0.089670, 0.000828, 1000
22.500000, -30.500000, -157.500000, 0.121161, 0.000874, 1000
23.000000, -30.500000, -157.500000, 0.158320, 0.000963, 1000
23.500000, -30.500000, -157.500000, 0.196711, 0.001085, 1000
24.000000, -30.500000, -157.500000, 0.232889, 0.001150, 1000
24.500000, -30.500000, -157.500000, 0.263217, 0.001184, 1000
25.000000, -30.500000, -157.500000, 0.285203, 0.001299, 1000
25.500000, -30.500000, -157.500000, 0.300441, 0.001276, 1000
26.000000, -30.500000, -157.500000, 0.310099, 0.001283, 1000
26.500000, -30.500000, -157.500000, 0.314457, 0.001352, 1000
27.000000, -30.500000, -157.500000, 0.313169, 0.001378, 1000
27.500000, -30.500000, -157.500000, 0.308458, 0.001365, 1000
28.000000, -30.500000, -157.500000, 0.300320, 0.001316, 1000
28.500000, -30.500000, -157.500000, 0.287447, 0.001289, 1000
29.000000, -30.500000, -157.500000, 0.270427, 0.001239, 1000
29.500000, -30.500000, -157.500000, 0.248030, 0.001176, 1000
30.000000, -30.500000, -157.500000, 0.220239, 0.001124, 1000
30.500000, -30.500000, -157.500000, 0.187744, 0.001080, 1000
31.000000, -30.500000, -157.500000, 0.152417, 0.001051, 1000
31.500000, -30.500000, -157.500000, 0.118124, 0.000933, 1000
32.000000, -30.500000, -157.500000, 0.087201, 0.000846, 1000
32.500000, -30.500000, -157.500000, 0.061666, 0.000777, 1000
33.000000, -30.500000, -157.500000, 0.041660, 0.000773, 1000
33.500000, -30.500000, -157.500000, 0.026926, 0.000712, 1000
34.000000, -30.500000, -157.500000, 0.015914, 0.000704, 1000
34.500000, -30.500000, -157.500000, 0.007995, 0.000731, 1000
19.500000, -31.000000, -157.500000, 0.013697, 0.000656, 1000
20.000000, -31.000000, -157.500000, 0.022825, 0.000683, 1000
20.500000, -31.000000, -157.500000, 0.035234, 0.000678, 1000
21.000000, -31.000000, -157.500000, 0.052161, 0.000736, 1000
21.500000, -31.000000, -157.500000, 0.074872, 0.000749, 1000
22.000000, -31.000000, -157.500000, 0.104335, 0.000848, 1000
22.500000, -31.000000, -157.500000, 0.140492, 0.000904, 1000
23.000000, -31.000000, -157.500000, 0.181718, 0.000997, 1000
23.500000, -31.000000, -157.500000, 0.222259, 0.001104, 1000
24.000000, -31.000000, -157.500000, 0.258595, 0.001162, 1000
24.500000, -31.000000, -157.500000, 0.287287, 0.001255, 1000
25.000000, -31.000000, -157.500000, 0.307455, 0.001306, 1000
25.500000, -31.000000, -157.500000, 0.320935, 0.001377, 1000
26.000000, -31.000000, -157.500000, 0.329510, 0.001369, 1000
26.500000, -31.000000, -157.500000, 0.332571, 0.001376, 1000
27.000000, -31.000000, -157.500000, 0.330792, 0.001387, 1000
27.500000, -31.000000, -157.500000, 0.326078, 0.001364, 1000
28.000000, -31.000000, -157.500000, 0.318292, 0.001376, 1000
28.500000, -31.000000, -157.500000, 0.307466, 0.001332, 1000
29.000000, -31.000000, -157.500000, 0.292410, 0.001288, 1000
29.500000, -31.000000, -157.500000, 0.271784, 0.001249, 1000
30.000000, -31.000000, -157.500000, 0.245648, 0.001202, 1000
30.500000, -31.000000, -157.500000, 0.213628, 0.001136, 1000
31.000000, -31.000000, -157.500000, 0.176282, 0.001043, 1000
31.500000, -31.000000, -157.500000, 0.137353, 0.000981, 1000
32.000000, -31.000000, -157.500000, 0.101541, 0.000905, 1000
32.500000, -31.000000, -157.500000, 0.071960, 0.000842, 1000
33.000000, -31.000000, -157.500000, 0.048752, 0.000796, 1000
33.500000, -31.000000, -157.500000, 0.031737, 0.000729, 1000
34.000000, -31.000000, -157.500000, 0.019141, 0.000736, 1000
34.500000, -31.000000, -157.500000, 0.010218, 0.000712, 1000
19.500000, -31.500000, -157.500000, 0.015574, 0.000643, 1000
20.000000, -31.500000, -157.500000, 0.025667, 0.000672, 1000
20.500000, -31.500000, -157.500000, 0.039345, 0.000730, 1000
21.000000, -31.500000, -157.500000, 0.058426, 0.000715, 1000
21.500000, -31.500000, -157.500000, 0.083825, 0.000798, 1000
22.000000, -31.500000, -157.500000, 0.116818, 0.000853, 1000
22.500000, -31.500000, -157.500000, 0.156736, 0.000936, 1000
23.000000, -31.500000, -157.500000, 0.200701, 0.001016, 1000
23.500000, -31.500000, -157.500000, 0.241703, 0.001144, 1000
24.000000, -31.500000, -157.500000, 0.276613, 0.001235, 1000
24.500000, -31.500000, -157.500000, 0.303351, 0.001278, 1000
25.000000, -31.500000, -157.500000, 0.321722, 0.001364, 1000
25.500000, -31.500000, -157.500000, 0.333993, 0.001370, 1000
26.000000, -31.500000, -157.500000, 0.340987, 0.001398, 1000
26.500000, -31.500000, -157.500000, 0.343821, 0.001394, 1000
27.000000, -31.500000, -157.500000, 0.342501, 0.001383, 1000
27.500000, -31.500000, -157.500000, 0.338614, 0.001362, 1000
28.000000, -31.500000, -157.500000, 0.332258, 0.001376, 1000
28.500000, -31.500000, -157.500000, 0.321740, 0.001372, 1000
29.000000, -31.500000, -157.500000, 0.307643, 0.001330, 1000
29.500000, -31.500000, -157.500000, 0.288349, 0.001338, 1000
30.000000, -31.500000, -157.500000, 0.263517, 0.001221, 1000
30.500000, -31.500000, -157.500000, 0.231894, 0.001168, 1000
31.000000, -31.500000, -157.500000, 0.194240, 0.001090, 1000
31.500000, -31.500000, -157.500000, 0.153548, 0.001016, 1000
32.000000, -31.500000, -157.500000, 0.114377, 0.000894, 1000
32.500000, -31.500000, -157.500000, 0.081117, 0.000843, 1000
33.000000, -31.500000, -157.500000, 0.054905, 0.000795, 1000
33.500000, -31.500000, -157.500000, 0.035892, 0.000707, 1000
34.000000, -31.500000, -157.500000, 0.021959, 0.000729, 1000
34.500000, -31.500000, -157.500000, 0.012100, 0.000716, 1000
19.500000, -32.000000, -157.500000, 0.017088, 0.000663, 1000
20.000000, -32.000000, -157.500000, 0.027923, 0.000679, 1000
20.500000, -32.000000, -157.500000, 0.042658, 0.000701, 1000
21.000000, -32.000000, -157.500000, 0.063436, 0.000747, 1000
21.500000, -32.000000, -157.500000, 0.091082, 0.000798, 1000
22.000000, -32.000000, -157.500000, 0.126791, 0.000862, 1000
22.500000, -32.000000, -157.500000, 0.169324, 0.000960, 1000
23.000000, -32.000000, -157.500000, 0.214750, 0.001065, 1000
23.500000, -32.000000, -157.500000, 0.256084, 0.001158, 1000
24.000000, -32.000000, -157.500000, 0.289903, 0.001277, 1000
24.500000, -32.000000, -157.500000, 0.314863, 0.001333, 1000
25.000000, -32.000000, -157.500000, 0.331948, 0.001333, 1000
25.500000, -32.000000, -157.500000, 0.343079, 0.001375, 1000
26.000000, -32.000000, -157.500000, 0.349321, 0.001413, 1000
26.500000, -32.000000, -157.500000, 0.351552, 0.001410, 1000
27.000000, -32.000000, -157.500000, 0.349431, 0.001398, 1000
27.500000, -32.000000, -157.500000, 0.345335, 0.001408, 1000
28.000000, -32.000000, -157.500000, 0.339179, 0.001393, 1000
28.500000, -32.000000, -157.500000, 0.329832, 0.001376, 1000
29.000000, -32.000000, -157.500000, 0.317619, 0.001358, 1000
29.500000, -32.000000, -157.500000, 0.299726, 0.001307, 1000
30.000000, -32.000000, -157.500000, 0.276427, 0.001264, 1000
30.500000, -32.000000, -157.500000, 0.246524, 0.001205, 1000
31.000000, -32.000000, -157.500000, 0.209289, 0.001105, 1000
31.500000, -32.000000, -157.500000, 0.166604, 0.001006, 1000
32.000000, -32.000000, -157.500000, 0.124464, 0.000926, 1000
32.500000, -32.000000, -157.500000, 0.088292, 0.000855, 1000
33.000000, -32.000000, -157.500000, 0.059826, 0.000782, 1000
33.500000, -32.000000, -157.500000, 0.039114, 0.000757, 1000
34.000000, -32.000000, -157.500000, 0.024155, 0.000742, 1000
34.500000, -32.000000, -157.500000, 0.013530, 0.000684, 1000
19.500000, -32.500000, -157.500000, 0.017865, 0.000659, 1000
20.000000, -32.500000, -157.500000, 0.029219, 0.000667, 1000
20.500000, -32.500000, -157.500000, 0.044604, 0.000704, 1000
21.000000, -32.500000, -157.500000, 0.066335, 0.000764, 1000
21.500000, -32.500000, -157.500000, 0.095333, 0.000803, 1000
22.000000, -32.500000, -157.500000, 0.132884, 0.000869, 1000
22.500000, -32.500000, -157.500000, 0.177075, 0.000995, 1000
23.000000, -32.500000, -157.500000, 0.223209, 0.001074, 1000
23.500000, -32.500000, -157.500000, 0.263904, 0.001176, 1000
24.000000, -32.500000, -157.500000, 0.296520, 0.001266, 1000
24.500000, -32.500000, -157.500000, 0.320732, 0.001346, 1000
25.000000, -32.500000, -157.500000, 0.336958, 0.001368, 1000
25.500000, -32.500000, -157.500000, 0.347796, 0.001389, 1000
26.000000, -32.500000, -157.500000, 0.354052, 0.001433, 1000
26.500000, -32.500000, -157.500000, 0.356519, 0.001424, 1000
27.000000, -32.500000, -157.500000, 0.354912, 0.001394, 1000
27.500000, -32.500000, -157.500000, 0.351405, 0.001414, 1000
28.000000, -32.500000, -157.500000, 0.345877, 0.001399, 1000
28.500000, -32.500000, -157.500000, 0.336237, 0.001372, 1000
29.000000, -32.500000, -157.500000, 0.323514, 0.001327, 1000
29.500000, -32.500000, -157.500000, 0.305727, 0.001323, 1000
30.000000, -32.500000, -157.500000, 0.283013, 0.001270, 1000
30.500000, -32.500000, -157.500000, 0.253437, 0.001217, 1000
31.000000, -32.500000, -157.500000, 0.216275, 0.001105, 1000
31.500000, -32.500000, -157.500000, 0.173817, 0.001028, 1000
32.000000, -32.500000, -157.500000, 0.131060, 0.000955, 1000
32.500000, -32.500000, -157.500000, 0.093377, 0.000848, 1000
33.000000, -32.500000, -157.500000, 0.063272, 0.000814, 1000
33.500000, -32.500000, -157.500000, 0.041373, 0.000765, 1000
34.000000, -32.500000, -157.500000, 0.025545, 0.000730, 1000
34.500000, -32.500000, -157.500000, 0.014398, 0.000702, 1000
19.500000, -33.000000, -157.500000, 0.018342, 0.000634, 1000
20.000000, -33.000000, -157.500000, 0.029921, 0.000664, 1000
20.500000, -33.000000, -157.500000, 0.045729, 0.000722, 1000
21.000000, -33.000000, -157.500000, 0.068014, 0.000766, 1000
21.500000, -33.000000, -157.500000, 0.097811, 0.000824, 1000
22.000000, -33.000000, -157.500000, 0.136144, 0.000886, 1000
22.500000, -33.000000, -157.500000, 0.181050, 0.000997, 1000
23.000000, -33.000000, -157.500000, 0.227263, 0.001078, 1000
23.500000, -33.000000, -157.500000, 0.267869, 0.001180, 1000
24.000000, -33.000000, -157.500000, 0.299859, 0.001271, 1000
24.500000, -33.000000, -157.500000, 0.323887, 0.001319, 1000
25.000000, -33.000000, -157.500000, 0.339452, 0.001330, 1000
25.500000, -33.000000, -157.500000, 0.350297, 0.001376, 1000
26.000000, -33.000000, -157.500000, 0.356006, 0.001417, 1000
26.500000, -33.000000, -157.500000, 0.358205, 0.001412, 1000
27.000000, -33.000000, -157.500000, 0.356591, 0.001375, 1000
27.500000, -33.000000, -157.500000, 0.353204, 0.001404, 1000
28.000000, -33.000000, -157.500000, 0.347488, 0.001379, 1000
28.500000, -33.000000, -157.500000, 0.338019, 0.001301, 1000
29.000000, -33.000000, -157.500000, 0.325585, 0.001283, 1000
29.500000, -33.000000, -157.500000, 0.308576, 0.001279, 1000
30.000000, -33.000000, -157.500000, 0.286061, 0.001337, 1000
30.500000, -33.000000, -157.500000, 0.256612, 0.001155, 1000
31.000000, -33.000000, -157.500000, 0.220087, 0.001155, 1000
31.500000, -33.000000, -157.500000, 0.177135, 0.001001, 1000
32.000000, -33.000000, -157.500000, 0.134118, 0.000995, 1000
32.500000, -33.000000, -157.500000, 0.095534, 0.000855, 1000
33.000000, -33.000000, -157.500000, 0.064723, 0.000807, 1000
33.500000, -33.000000, -157.500000, 0.042232, 0.000736, 1000
34.000000, -33.000000, -157.500000, 0.026121, 0.000714, 1000
34.500000, -33.000000, -157.500000, 0.014793, 0.000708, 1000
19.500000, -33.500000, -157.500000, 0.018123, 0.000650, 1000
20.000000, -33.500000, -157.500000, 0.029579, 0.000652, 1000
20.500000, -33.500000, -157.500000, 0.045325, 0.000698, 1000
21.000000, -33.500000, -157.500000, 0.067485, 0.000759, 1000
21.500000, -33.500000, -157.500000, 0.097126, 0.000801, 1000
22.000000, -33.500000, -157.500000, 0.135381, 0.000893, 1000
22.500000, -33.500000, -157.500000, 0.179836, 0.000974, 1000
23.000000, -33.500000, -157.500000, 0.226106, 0.001105, 1000
23.500000, -33.500000, -157.500000, 0.266815, 0.001140, 1000
24.000000, -33.500000, -157.500000, 0.298851, 0.001229, 1000
24.500000, -33.500000, -157.500000, 0.323222, 0.001319, 1000
25.000000, -33.500000, -157.500000, 0.339138, 0.001376, 1000
25.500000, -33.500000, -157.500000, 0.349807, 0.001370, 1000
26.000000, -33.500000, -157.500000, 0.355679, 0.001405, 1000
26.500000, -33.500000, -157.500000, 0.357727, 0.001396, 1000
27.000000, -33.500000, -157.500000, 0.355957, 0.001433, 1000
27.500000, -33.500000, -157.500000, 0.352726, 0.001388, 1000
28.000000, -33.500000, -157.500000, 0.346571, 0.001395, 1000
28.500000, -33.500000, -157.500000, 0.337001, 0.001354, 1000
29.000000, -33.500000, -157.500000, 0.324354, 0.001344, 1000
29.500000, -33.500000, -157.500000, 0.307826, 0.001315, 1000
30.000000, -33.500000, -157.500000, 0.284896, 0.001277, 1000
30.500000, -33.500000, -157.500000, 0.255582, 0.001198, 1000
31.000000, -33.500000, -157.500000, 0.218948, 0.001100, 1000
31.500000, -33.500000, -157.500000, 0.176425, 0.000985, 1000
32.000000, -33.500000, -157.500000, 0.133228, 0.000941, 1000
32.500000, -33.500000, -157.500000, 0.094749, 0.000801, 1000
33.000000, -33.500000, -157.500000, 0.064104, 0.000772, 1000
33.500000, -33.500000, -157.500000, 0.041701, 0.000726, 1000
34.000000, -33.500000, -157.500000, 0.025598, 0.000678, 1000
34.500000, -33.500000, -157.500000, 0.014459, 0.000698, 1000
19.500000, -34.000000, -157.500000, 0.017015, 0.000745, 1000
20.000000, -34.000000, -157.500000, 0.028120, 0.000572, 1000
20.500000, -34.000000, -157.500000, 0.043142, 0.000677, 1000
21.000000, -34.000000, -157.500000, 0.064508, 0.000730, 1000
21.500000, -34.000000, -157.500000, 0.093054, 0.000763, 1000
22.000000, -34.000000, -157.500000, 0.130096, 0.000872, 1000
22.500000, -34.000000, -157.500000, 0.173534, 0.000937, 1000
23.000000, -34.000000, -157.500000, 0.219348, 0.001066, 1000
23.500000, -34.000000, -157.500000, 0.260579, 0.001198, 1000
24.000000, -34.000000, -157.500000, 0.293377, 0.001277, 1000
24.500000, -34.000000, -157.500000, 0.318789, 0.001243, 1000
25.000000, -34.000000, -157.500000, 0.335038, 0.001343, 1000
25.500000, -34.000000, -157.500000, 0.346264, 0.001361, 1000
26.000000, -34.000000, -157.500000, 0.352414, 0.001412, 1000
26.500000, -34.000000, -157.500000, 0.354605, 0.001413, 1000
27.000000, -34.000000, -157.500000, 0.352879, 0.001412, 1000
27.500000, -34.000000, -157.500000, 0.349468, 0.001479, 1000
28.000000, -34.000000, -157.500000, 0.343512, 0.001379, 1000
28.500000, -34.000000, -157.500000, 0.333507, 0.001301, 1000
29.000000, -34.000000, -157.500000, 0.320376, 0.001328, 1000
29.500000, -34.000000, -157.500000, 0.303519, 0.001250, 1000
30.000000, -34.000000, -157.500000, 0.279929, 0.001258, 1000
30.500000, -34.000000, -157.500000, 0.250422, 0.001177, 1000
31.000000, -34.000000, -157.500000, 0.213346, 0.001095, 1000
31.500000, -34.000000, -157.500000, 0.170796, 0.001070, 1000
32.000000, -34.000000, -157.500000, 0.128324, 0.000936, 1000
32.500000, -34.000000, -157.500000, 0.090926, 0.000854, 1000
33.000000, -34.000000, -157.500000, 0.061249, 0.000822, 1000
33.500000, -34.000000, -157.500000, 0.039820, 0.000768, 1000
34.000000, -34.000000, -157.500000, 0.024221, 0.000640, 1000
34.500000, -34.000000, -157.500000, 0.013481, 0.000638, 1000
19.500000, -34.500000, -157.500000, 0.015475, 0.000625, 1000
20.000000, -34.500000, -157.500000, 0.025888, 0.000611, 1000
20.500000, -34.500000, -157.500000, 0.040000, 0.000737, 1000
21.000000, -34.500000, -157.500000, 0.059753, 0.000797, 1000
21.500000, -34.500000, -157.500000, 0.086388, 0.000684, 1000
22.000000, -34.500000, -157.500000, 0.121115, 0.000905, 1000
22.500000, -34.500000, -157.500000, 0.162371, 0.000927, 1000
23.000000, -34.500000, -157.500000, 0.207229, 0.000994, 1000
23.500000, -34.500000, -157.500000, 0.248698, 0.001116, 1000
24.000000, -34.500000, -157.500000, 0.282609, 0.001128, 1000
24.500000, -34.500000, -157.500000, 0.309207, 0.001220, 1000
25.000000, -34.500000, -157.500000, 0.326694, 0.001259, 1000
25.500000, -34.500000, -157.500000, 0.338699, 0.001396, 1000
26.000000, -34.500000, -157.500000, 0.345250, 0.001326, 1000
26.500000, -34.500000, -157.500000, 0.347656, 0.001382, 1000
27.000000, -34.500000, -157.500000, 0.346095, 0.001328, 1000
27.500000, -34.500000, -157.500000, 0.342742, 0.001285, 1000
28.000000, -34.500000, -157.500000, 0.336311, 0.001325, 1000
28.500000, -34.500000, -157.500000, 0.326391, 0.001293, 1000
29.000000, -34.500000, -157.500000, 0.312568, 0.001411, 1000
29.500000, -34.500000, -157.500000, 0.294697, 0.001392, 1000
30.000000, -34.500000, -157.500000, 0.270145, 0.001280, 1000
30.500000, -34.500000, -157.500000, 0.239272, 0.001081, 1000
31.000000, -34.500000, -157.500000, 0.201905, 0.001106, 1000
31.500000, -34.500000, -157.500000, 0.160052, 0.000920, 1000
32.000000, -34.500000, -157.500000, 0.119287, 0.000887, 1000
32.500000, -34.500000, -157.500000, 0.084263, 0.000866, 1000
33.000000, -34.500000, -157.500000, 0.056623, 0.000728, 1000
33.500000, -34.500000, -157.500000, 0.036598, 0.000701, 1000
34.000000, -34.500000, -157.500000, 0.022086, 0.000713, 1000
34.500000, -34.500000, -157.500000, 0.011943, 0.000671, 1000
19.500000, -35.000000, -157.500000, 0.013573, 0.000559, 1000
20.000000, -35.000000, -157.500000, 0.023127, 0.000621, 1000
20.500000, -35.000000, -157.500000, 0.035952, 0.000660, 1000
21.000000, -35.000000, -157.500000, 0.053830, 0.000692, 1000
21.500000, -35.000000, -157.500000, 0.078002, 0.000746, 1000
22.000000, -35.000000, -157.500000, 0.109287, 0.000801, 1000
22.500000, -35.000000, -157.500000, 0.147306, 0.000857, 1000
23.000000, -35.000000, -157.500000, 0.189904, 0.000973, 1000
23.500000, -35.000000, -157.500000, 0.230873, 0.001136, 1000
24.000000, -35.000000, -157.500000, 0.266183, 0.001097, 1000
24.500000, -35.000000, -157.500000, 0.294635, 0.001243, 1000
25.000000, -35.000000, -157.500000, 0.313386, 0.001307, 1000
25.500000, -35.000000, -157.500000, 0.326213, 0.001318, 1000
26.000000, -35.000000, -157.500000, 0.333649, 0.001264, 1000
26.500000, -35.000000, -157.500000, 0.336457, 0.001251, 1000
27.000000, -35.000000, -157.500000, 0.335293, 0.001327, 1000
27.500000, -35.000000, -157.500000, 0.331808, 0.001298, 1000
28.000000, -35.000000, -157.500000, 0.325273, 0.001366, 1000
28.500000, -35.000000, -157.500000, 0.314510, 0.001320, 1000
29.000000, -35.000000, -157.500000, 0.299551, 0.001243, 1000
29.500000, -35.000000, -157.500000, 0.280345, 0.001254, 1000
30.000000, -35.000000, -157.500000, 0.254518, 0.001164, 1000
30.500000, -35.000000, -157.500000, 0.222871, 0.001106, 1000
31.000000, -35.000000, -157.500000, 0.185287, 0.001013, 1000
31.500000, -35.000000, -157.500000, 0.145223, 0.000907, 1000
32.000000, -35.000000, -157.500000, 0.107381, 0.000811, 1000
32.500000, -35.000000, -157.500000, 0.075431, 0.000804, 1000
33.000000, -35.000000, -157.500000, 0.050565, 0.000731, 1000
33.500000, -35.000000, -157.500000, 0.032533, 0.000712, 1000
34.000000, -35.000000, -157.500000, 0.019303, 0.000694, 1000
34.500000, -35.000000, -157.500000, 0.010078, 0.000668, 1000
19.500000, -35.500000, -157.500000, 0.011304, 0.000671, 1000
20.000000, -35.500000, -157.500000, 0.019800, 0.000643, 1000
20.500000, -35.500000, -157.500000, 0.031289, 0.000687, 1000
21.000000, -35.500000, -157.500000, 0.046944, 0.000661, 1000
21.500000, -35.500000, -157.500000, 0.068006, 0.000713, 1000
22.000000, -35.500000, -157.500000, 0.095340, 0.000820, 1000
22.500000, -35.500000, -157.500000, 0.129054, 0.000858, 1000
23.000000, -35.500000, -157.500000, 0.168077, 0.000970, 1000
23.500000, -35.500000, -157.500000, 0.207503, 0.000986, 1000
24.000000, -35.500000, -157.500000, 0.243401, 0.001101, 1000
24.500000, -35.500000, -157.500000, 0.273146, 0.001206, 1000
25.000000, -35.500000, -157.500000, 0.294067, 0.001221, 1000
25.500000, -35.500000, -157.500000, 0.308448, 0.001216, 1000
26.000000, -35.500000, -157.500000, 0.317010, 0.001322, 1000
26.500000, -35.500000, -157.500000, 0.320635, 0.001277, 1000
27.000000, -35.500000, -157.500000, 0.319541, 0.001313, 1000
27.500000, -35.500000, -157.500000, 0.315992, 0.001236, 1000
28.000000, -35.500000, -157.500000, 0.308632, 0.001278, 1000
28.500000, -35.500000, -157.500000, 0.297390, 0.001269, 1000
29.000000, -35.500000, -157.500000, 0.281021, 0.001215, 1000
29.500000, -35.500000, -157.500000, 0.260457, 0.001158, 1000
30.000000, -35.500000, -157.500000, 0.233184, 0.001157, 1000
30.500000, -35.500000, -157.500000, 0.200716, 0.001019, 1000
31.000000, -35.500000, -157.500000, 0.164143, 0.001002, 1000
31.500000, -35.500000, -157.500000, 0.127033, 0.000898, 1000
32.000000, -35.500000, -157.500000, 0.093190, 0.000800, 1000
32.500000, -35.500000, -157.500000, 0.065148, 0.000786, 1000
33.000000, -35.500000, -157.500000, 0.043471, 0.000743, 1000
33.500000, -35.500000, -157.500000, 0.027716, 0.000683, 1000
34.000000, -35.500000, -157.500000, 0.016008, 0.000702, 1000
34.500000, -35.500000, -157.500000, 0.007794, 0.000692, 1000
19.500000, -36.000000, -157.500000, 0.008836, 0.000627, 1000
20.000000, -36.000000, -157.500000, 0.016222, 0.000631, 1000
20.500000, -36.000000, -157.500000, 0.026131, 0.000637, 1000
21.000000, -36.000000, -157.500000, 0.039395, 0.000705, 1000
21.500000, -36.000000, -157.500000, 0.057303, 0.000718, 1000
22.000000, -36.000000, -157.500000, 0.080330, 0.000714, 1000
22.500000, -36.000000, -157.500000, 0.108775, 0.000821, 1000
23.000000, -36.000000, -157.500000, 0.142647, 0.000856, 1000
23.500000, -36.000000, -157.500000, 0.178616, 0.000953, 1000
24.000000, -36.000000, -157.500000, 0.213417, 0.001054, 1000
24.500000, -36.000000, -157.500000, 0.243945, 0.001097, 1000
25.000000, -36.000000, -157.500000, 0.266646, 0.001151, 1000
25.500000, -36.000000, -157.500000, 0.282873, 0.001253, 1000
26.000000, -36.000000, -157.500000, 0.293088, 0.001214, 1000
26.500000, -36.000000, -157.500000, 0.297461, 0.001238, 1000
27.000000, -36.000000, -157.500000, 0.296996, 0.001238, 1000
27.500000, -36.000000, -157.500000, 0.293199, 0.001220, 1000
28.000000, -36.000000, -157.500000, 0.285352, 0.001206, 1000
28.500000, -36.000000, -157.500000, 0.272585, 0.001218, 1000
29.000000, -36.000000, -157.500000, 0.255193, 0.001127, 1000
29.500000, -36.000000, -157.500000, 0.233011, 0.001078, 1000
30.000000, -36.000000, -157.500000, 0.205175, 0.001039, 1000
30.500000, -36.000000, -157.500000, 0.173392, 0.000969, 1000
31.000000, -36.000000, -157.500000, 0.139226, 0.000885, 1000
31.500000, -36.000000, -157.500000, 0.106538, 0.000860, 1000
32.000000, -36.000000, -157.500000, 0.077689, 0.000829, 1000
32.500000, -36.000000, -157.500000, 0.054014, 0.000773, 1000
33.000000, -36.000000, -157.500000, 0.035847, 0.000685, 1000
33.500000, -36.000000, -157.500000, 0.022436, 0.000709, 1000
34.000000, -36.000000, -157.500000, 0.012489, 0.000711, 1000
34.500000, -36.000000, -157.500000, 0.005321, 0.000646, 1000
19.500000, -36.500000, -157.500000, 0.006230, 0.000583, 1000
20.000000, -36.500000, -157.500000, 0.012676, 0.000687, 1000
20.500000, -36.500000, -157.500000, 0.021064, 0.000634, 1000
21.000000, -36.500000, -157.500000, 0.032146, 0.000686, 1000
21.500000, -36.500000, -157.500000, 0.046670, 0.000678, 1000
22.000000, -36.500000, -157.500000, 0.065335, 0.000709, 1000
22.500000, -36.500000, -157.500000, 0.088538, 0.000758, 1000
23.000000, -36.500000, -157.500000, 0.116456, 0.000814, 1000
23.500000, -36.500000, -157.500000, 0.147617, 0.000947, 1000
24.000000, -36.500000, -157.500000, 0.179549, 0.001002, 1000
24.500000, -36.500000, -157.500000, 0.209079, 0.001012, 1000
25.000000, -36.500000, -157.500000, 0.232543, 0.001071, 1000
25.500000, -36.500000, -157.500000, 0.250422, 0.001106, 1000
26.000000, -36.500000, -157.500000, 0.262217, 0.001144, 1000
26.500000, -36.500000, -157.500000, 0.267783, 0.001141, 1000
27.000000, -36.500000, -157.500000, 0.268051, 0.001171, 1000
27.500000, -36.500000, -157.500000, 0.263972, 0.001160, 1000
28.000000, -36.500000, -157.500000, 0.255711, 0.001138, 1000
28.500000, -36.500000, -157.500000, 0.242683, 0.001144, 1000
29.000000, -36.500000, -157.500000, 0.224208, 0.001088, 1000
29.500000, -36.500000, -157.500000, 0.201604, 0.001047, 1000
30.000000, -36.500000, -157.500000, 0.173962, 0.000970, 1000
30.500000, -36.500000, -157.500000, 0.144024, 0.000895, 1000
31.000000, -36.500000, -157.500000, 0.113904, 0.000871, 1000
31.500000, -36.500000, -157.500000, 0.086119, 0.000803, 1000
32.000000, -36.500000, -157.500000, 0.062364, 0.000765, 1000
32.500000, -36.500000, -157.500000, 0.043169, 0.000713, 1000
33.000000, -36.500000, -157.500000, 0.028439, 0.000691, 1000
33.500000, -36.500000, -157.500000, 0.017378, 0.000667, 1000
34.000000, -36.500000, -157.500000, 0.009018, 0.000679, 1000
34.500000, -36.500000, -157.500000, 0.002876, 0.000653, 1000
19.500000, -37.000000, -157.500000, 0.003569, 0.000607, 1000
20.000000, -37.000000, -157.500000, 0.008988, 0.000649, 1000
20.500000, -37.000000, -157.500000, 0.015815, 0.000648, 1000
21.000000, -37.000000, -157.500000, 0.024935, 0.000636, 1000
21.500000, -37.000000, -157.500000, 0.036638, 0.000618, 1000
22.000000, -37.000000, -157.500000, 0.051297, 0.000674, 1000
22.500000, -37.000000, -157.500000, 0.069380, 0.000737, 1000
23.000000, -37.000000, -157.500000, 0.091410, 0.000780, 1000
23.500000, -37.000000, -157.500000, 0.116356, 0.000823, 1000
24.000000, -37.000000, -157.500000, 0.143405, 0.000875, 1000
24.500000, -37.000000, -157.500000, 0.169614, 0.000931, 1000
25.000000, -37.000000, -157.500000, 0.192299, 0.000959, 1000
25.500000, -37.000000, -157.500000, 0.210314, 0.001015, 1000
26.000000, -37.000000, -157.500000, 0.222795, 0.001079, 1000
26.500000, -37.000000, -157.500000, 0.229024, 0.001095, 1000
27.000000, -37.000000, -157.500000, 0.229830, 0.001046, 1000
27.500000, -37.000000, -157.500000, 0.226303, 0.001073, 1000
28.000000, -37.000000, -157.500000, 0.218026, 0.001065, 1000
28.500000, -37.000000, -157.500000, 0.205207, 0.001003, 1000
29.000000, -37.000000, -157.500000, 0.187483, 0.000980, 1000
29.500000, -37.000000, -157.500000, 0.165843, 0.000975, 1000
30.000000, -37.000000, -157.500000, 0.140756, 0.000927, 1000
30.500000, -37.000000, -157.500000, 0.114979, 0.000841, 1000
31.000000, -37.000000, -157.500000, 0.089831, 0.000783, 1000
31.500000, -37.000000, -157.500000, 0.067484, 0.000750, 1000
32.000000, -37.000000, -157.500000, 0.048556, 0.000746, 1000
32.500000, -37.000000, -157.500000, 0.033277, 0.000670, 1000
33.000000, -37.000000, -157.500000, 0.021397, 0.000656, 1000
33.500000, -37.000000, -157.500000, 0.012420, 0.000722, 1000
34.000000, -37.000000, -157.500000, 0.005563, 0.000688, 1000
34.500000, -37.000000, -157.500000, 0.000420, 0.000640, 1000
19.500000, -37.500000, -157.500000, 0.001026, 0.000622, 1000
20.000000, -37.500000, -157.500000, 0.005451, 0.000616, 1000
20.500000, -37.500000, -157.500000, 0.011048, 0.000622, 1000
21.000000, -37.500000, -157.500000, 0.018250, 0.000629, 1000
21.500000, -37.500000, -157.500000, 0.027517, 0.000635, 1000
22.000000, -37.500000, -157.500000, 0.038675, 0.000669, 1000
22.500000, -37.500000, -157.500000, 0.052425, 0.000717, 1000
23.000000, -37.500000, -157.500000, 0.069018, 0.000725, 1000
23.500000, -37.500000, -157.500000, 0.088132, 0.000737, 1000
24.000000, -37.500000, -157.500000, 0.109039, 0.000814, 1000
24.500000, -37.500000, -157.500000, 0.130393, 0.000840, 1000
25.000000, -37.500000, -157.500000, 0.149687, 0.000902, 1000
25.500000, -37.500000, -157.500000, 0.166131, 0.000954, 1000
26.000000, -37.500000, -157.500000, 0.178141, 0.000936, 1000
26.500000, -37.500000, -157.500000, 0.184566, 0.000927, 1000
27.000000, -37.500000, -157.500000, 0.186166, 0.000965, 1000
27.500000, -37.500000, -157.500000, 0.182947, 0.000929, 1000
28.000000, -37.500000, -157.500000, 0.175460, 0.000954, 1000
28.500000, -37.500000, -157.500000, 0.163526, 0.000984, 1000
29.000000, -37.500000, -157.500000, 0.147552, 0.000902, 1000
29.500000, -37.500000, -157.500000, 0.129036, 0.000871, 1000
30.000000, -37.500000, -157.500000, 0.108159, 0.000827, 1000
30.500000, -37.500000, -157.500000, 0.087624, 0.000782, 1000
31.000000, -37.500000, -157.500000, 0.068063, 0.000793, 1000
31.500000, -37.500000, -157.500000, 0.050955, 0.000695, 1000
32.000000, -37.500000, -157.500000, 0.036268, 0.000697, 1000
32.500000, -37.500000, -157.500000, 0.024347, 0.000694, 1000
33.000000, -37.500000, -157.500000, 0.015022, 0.000636, 1000
33.500000, -37.500000, -157.500000, 0.007862, 0.000658, 1000
34.000000, -37.500000, -157.500000, 0.002274, 0.000654, 1000
34.500000, -37.500000, -157.500000, -0.001995, 0.000651, 1000
19.500000, -38.000000, -157.500000, -0.001247, 0.000600, 1000
20.000000, -38.000000, -157.500000, 0.002270, 0.000607, 1000
20.500000, -38.000000, -157.500000, 0.006752, 0.000615, 1000
21.000000, -38.000000, -157.500000, 0.012484, 0.000665, 1000
21.500000, -38.000000, -157.500000, 0.019595, 0.000631, 1000
22.000000, -38.000000, -157.500000, 0.028169, 0.000635, 1000
22.500000, -38.000000, -157.500000, 0.038194, 0.000664, 1000
23.000000, -38.000000, -157.500000, 0.050177, 0.000685, 1000
23.500000, -38.000000, -157.500000, 0.063904, 0.000732, 1000
24.000000, -38.000000, -157.500000, 0.079175, 0.000789, 1000
24.500000, -38.000000, -157.500000, 0.094932, 0.000802, 1000
25.000000, -38.000000, -157.500000, 0.109842, 0.000803, 1000
25.500000, -38.000000, -157.500000, 0.122949, 0.000826, 1000
26.000000, -38.000000, -157.500000, 0.132986, 0.000878, 1000
26.500000, -38.000000, -157.500000, 0.138941, 0.000866, 1000
27.000000, -38.000000, -157.500000, 0.140869, 0.000860, 1000
27.500000, -38.000000, -157.500000, 0.138632, 0.000876, 1000
28.000000, -38.000000, -157.500000, 0.132360, 0.000909, 1000
28.500000, -38.000000, -157.500000, 0.122763, 0.000864, 1000
29.000000, -38.000000, -157.500000, 0.109992, 0.000792, 1000
29.500000, -38.000000, -157.500000, 0.095282, 0.000786, 1000
30.000000, -38.000000, -157.500000, 0.079442, 0.000765, 1000
30.500000, -38.000000, -157.500000, 0.064043, 0.000762, 1000
31.000000, -38.000000, -157.500000, 0.049283, 0.000709, 1000
31.500000, -38.000000, -157.500000, 0.036530, 0.000708, 1000
32.000000, -38.000000, -157.500000, 0.025602, 0.000679, 1000
32.500000, -38.000000, -157.500000, 0.016570, 0.000681, 1000
33.000000, -38.000000, -157.500000, 0.009469, 0.000646, 1000
33.500000, -38.000000, -157.500000, 0.003766, 0.000652, 1000
34.000000, -38.000000, -157.500000, -0.000666, 0.000631, 1000
34.500000, -38.000000, -157.500000, -0.004087, 0.000636, 1000
19.500000, -38.500000, -157.500000, -0.003428, 0.000617, 1000
20.000000, -38.500000, -157.500000, -0.000509, 0.000614, 1000
20.500000, -38.500000, -157.500000, 0.002964, 0.000637, 1000
21.000000, -38.500000, -157.500000, 0.007406, 0.000645, 1000
21.500000, -38.500000, -157.500000, 0.012987, 0.000658, 1000
22.000000, -38.500000, -157.500000, 0.019277, 0.000641, 1000
22.500000, -38.500000, -157.500000, 0.026719, 0.000678, 1000
23.000000, -38.500000, -157.500000, 0.035419, 0.000662, 1000
23.500000, -38.500000, -157.500000, 0.045142, 0.000679, 1000
24.000000, -38.500000, -157.500000, 0.056064, 0.000698, 1000
24.500000, -38.500000, -157.500000, 0.067043, 0.000743, 1000
25.000000, -38.500000, -157.500000, 0.077688, 0.000737, 1000
25.500000, -38.500000, -157.500000, 0.087260, 0.000767, 1000
26.000000, -38.500000, -157.500000, 0.094916, 0.000813, 1000
26.500000, -38.500000, -157.500000, 0.099706, 0.000777, 1000
27.000000, -38.500000, -157.500000, 0.101403, 0.000773, 1000
27.500000, -38.500000, -157.500000, 0.099949, 0.000786, 1000
28.000000, -38.500000, -157.500000, 0.095471, 0.000769, 1000
28.500000, -38.500000, -157.500000, 0.088333, 0.000764, 1000
29.000000, -38.500000, -157.500000, 0.079158, 0.000778, 1000
29.500000, -38.500000, -157.500000, 0.068372, 0.000735, 1000
30.000000, -38.500000, -157.500000, 0.056824, 0.000707, 1000
30.500000, -38.500000, -157.500000, 0.045593, 0.000702, 1000
31.000000, -38.500000, -157.500000, 0.034883, 0.000680, 1000
31.500000, -38.500000, -157.500000, 0.025507, 0.000665, 1000
32.000000, -38.500000, -157.500000, 0.017203, 0.000651, 1000
32.500000, -38.500000, -157.500000, 0.010266, 0.000661, 1000
33.000000, -38.500000, -157.500000, 0.004667, 0.000644, 1000
33.500000, -38.500000, -157.500000, 0.000309, 0.000640, 1000
34.000000, -38.500000, -157.500000, -0.003257, 0.000624, 1000
34.500000, -38.500000, -157.500000, -0.006008, 0.000639, 1000
19.500000, -39.000000, -157.500000, -0.005350, 0.000603, 1000
20.000000, -39.000000, -157.500000, -0.003095, 0.000635, 1000
20.500000, -39.000000, -157.500000, -0.000364, 0.000637, 1000
21.000000, -39.000000, -157.500000, 0.003066, 0.000599, 1000
21.500000, -39.000000, -157.500000, 0.007130, 0.000633, 1000
22.000000, -39.000000, -157.500000, 0.011808, 0.000635, 1000
22.500000, -39.000000, -157.500000, 0.017117, 0.000636, 1000
23.000000, -39.000000, -157.500000, 0.023140, 0.000652, 1000
23.500000, -39.000000, -157.500000, 0.029988, 0.000664, 1000
24.000000, -39.000000, -157.500000, 0.037298, 0.000654, 1000
24.500000, -39.000000, -157.500000, 0.044803, 0.000685, 1000
25.000000, -39.000000, -157.500000, 0.051923, 0.000718, 1000
25.500000, -39.000000, -157.500000, 0.058485, 0.000719, 1000
26.000000, -39.000000, -157.500000, 0.063919, 0.000728, 1000
26.500000, -39.000000, -157.500000, 0.067396, 0.000715, 1000
27.000000, -39.000000, -157.500000, 0.068843, 0.000714, 1000
27.500000, -39.000000, -157.500000, 0.067952, 0.000711, 1000
28.000000, -39.000000, -157.500000, 0.064993, 0.000730, 1000
28.500000, -39.000000, -157.500000, 0.060317, 0.000736, 1000
29.000000, -39.000000, -157.500000, 0.054019, 0.000717, 1000
29.500000, -39.000000, -157.500000, 0.046348, 0.000685, 1000
30.000000, -39.000000, -157.500000, 0.038299, 0.000695, 1000
30.500000, -39.000000, -157.500000, 0.030417, 0.000651, 1000
31.000000, -39.000000, -157.500000, 0.022658, 0.000674, 1000
31.500000, -39.000000, -157.500000, 0.015937, 0.000663, 1000
32.000000, -39.000000, -157.500000, 0.009919, 0.000632, 1000
32.500000, -39.000000, -157.500000, 0.004683, 0.000650, 1000
33.000000, -39.000000, -157.500000, 0.000496, 0.000623, 1000
33.500000, -39.000000, -157.500000, -0.002848, 0.000644, 1000
34.000000, -39.000000, -157.500000, -0.005561, 0.000639, 1000
34.500000, -39.000000, -157.500000, -0.007688, 0.000601, 1000
19.500000, -39.500000, -157.500000, -0.006942, 0.000589, 1000
20.000000, -39.500000, -157.500000, -0.005191, 0.000621, 1000
20.500000, -39.500000, -157.500000, -0.003168, 0.000607, 1000
21.000000, -39.500000, -157.500000, -0.000511, 0.000609, 1000
21.500000, -39.500000, -157.500000, 0.002561, 0.000597, 1000
22.000000, -39.500000, -157.500000, 0.005966, 0.000635, 1000
22.500000, -39.500000, -157.500000, 0.009752, 0.000626, 1000
23.000000, -39.500000, -157.500000, 0.014001, 0.000631, 1000
23.500000, -39.500000, -157.500000, 0.018701, 0.000633, 1000
24.000000, -39.500000, -157.500000, 0.023760, 0.000656, 1000
24.500000, -39.500000, -157.500000, 0.028778, 0.000688, 1000
25.000000, -39.500000, -157.500000, 0.033582, 0.000673, 1000
25.500000, -39.500000, -157.500000, 0.037910, 0.000663, 1000
26.000000, -39.500000, -157.500000, 0.041593, 0.000684, 1000
26.500000, -39.500000, -157.500000, 0.044032, 0.000722, 1000
27.000000, -39.500000, -157.500000, 0.045207, 0.000695, 1000
27.500000, -39.500000, -157.500000, 0.044746, 0.000669, 1000
28.000000, -39.500000, -157.500000, 0.042832, 0.000671, 1000
28.500000, -39.500000, -157.500000, 0.039820, 0.000688, 1000
29.000000, -39.500000, -157.500000, 0.035726, 0.000663, 1000
29.500000, -39.500000, -157.500000, 0.030386, 0.000665, 1000
30.000000, -39.500000, -157.500000, 0.024809, 0.000661, 1000
30.500000, -39.500000, -157.500000, 0.019177, 0.000672, 1000
31.000000, -39.500000, -157.500000, 0.013614, 0.000640, 1000
31.500000, -39.500000, -157.500000, 0.008749, 0.000652, 1000
32.000000, -39.500000, -157.500000, 0.004188, 0.000640, 1000
32.500000, -39.500000, -157.500000, 0.000283, 0.000634, 1000
33.000000, -39.500000, -157.500000, -0.002841, 0.000629, 1000
33.500000, -39.500000, -157.500000, -0.005409, 0.000635, 1000
34.000000, -39.500000, -157.500000, -0.007461, 0.000609, 1000
34.500000, -39.500000, -157.500000, -0.009148, 0.000635, 1000
19.500000, -40.000000, -157.500000, -0.008331, 0.000593, 1000
20.000000, -40.000000, -157.500000, -0.006969, 0.000616, 1000
20.500000, -40.000000, -157.500000, -0.005410, 0.000619, 1000
21.000000, -40.000000, -157.500000, -0.003435, 0.000631, 1000
21.500000, -40.000000, -157.500000, -0.001120, 0.000601, 1000
22.000000, -40.000000, -157.500000, 0.001335, 0.000613, 1000
22.500000, -40.000000, -157.500000, 0.004008, 0.000597, 1000
23.000000, -40.000000, -157.500000, 0.007059, 0.000612, 1000
23.500000, -40.000000, -157.500000, 0.010348, 0.000618, 1000
24.000000, -40.000000, -157.500000, 0.013819, 0.000638, 1000
24.500000, -40.000000, -157.500000, 0.017196, 0.000639, 1000
25.000000, -40.000000, -157.500000, 0.020424, 0.000648, 1000
25.500000, -40.000000, -157.500000, 0.023347, 0.000641, 1000
26.000000, -40.000000, -157.500000, 0.025878, 0.000637, 1000
26.500000, -40.000000, -157.500000, 0.027620, 0.000684, 1000
27.000000, -40.000000, -157.500000, 0.028557, 0.000675, 1000
27.500000, -40.000000, -157.500000, 0.028346, 0.000663, 1000
28.000000, -40.000000, -157.500000, 0.027220, 0.000672, 1000
28.500000, -40.000000, -157.500000, 0.025253, 0.000662, 1000
29.000000, -40.000000, -157.500000, 0.022439, 0.000653, 1000
29.500000, -40.000000, -157.500000, 0.018709, 0.000652, 1000
30.000000, -40.000000, -157.500000, 0.014834, 0.000648, 1000
30.500000, -40.000000, -157.500000, 0.010799, 0.000632, 1000
31.000000, -40.000000, -157.500000, 0.006759, 0.000656, 1000
31.500000, -40.000000, -157.500000, 0.003140, 0.000662, 1000
32.000000, -40.000000, -157.500000, -0.000224, 0.000622, 1000
32.500000, -40.000000, -157.500000, -0.003173, 0.000658, 1000
33.000000, -40.000000, -157.500000, -0.005531, 0.000634, 1000
33.500000, -40.000000, -157.500000, -0.007459, 0.000615, 1000
34.000000, -40.000000, -157.500000, -0.009080, 0.000638, 1000
34.500000, -40.000000, -157.500000, -0.010345, 0.000628, 1000
19.500000, -40.500000, -157.500000, -0.009517, 0.000593, 1000
20.000000, -40.500000, -157.500000, -0.008534, 0.000597, 1000
20.500000, -40.500000, -157.500000, -0.007369, 0.000589, 1000
21.000000, -40.500000, -157.500000, -0.005932, 0.000617, 1000
21.500000, -40.500000, -157.500000, -0.004133, 0.000585, 1000
22.000000, -40.500000, -157.500000, -0.002383, 0.000618, 1000
22.500000, -40.500000, -157.500000, -0.000554, 0.000596, 1000
23.000000, -40.500000, -157.500000, 0.001490, 0.000623, 1000
23.500000, -40.500000, -157.500000, 0.003697, 0.000588, 1000
24.000000, -40.500000, -157.500000, 0.005912, 0.000630, 1000
24.500000, -40.500000, -157.500000, 0.008136, 0.000679, 1000
25.000000, -40.500000, -157.500000, 0.010391, 0.000626, 1000
25.500000, -40.500000, -157.500000, 0.012361, 0.000662, 1000
26.000000, -40.500000, -157.500000, 0.014074, 0.000643, 1000
26.500000, -40.500000, -157.500000, 0.015300, 0.000631, 1000
27.000000, -40.500000, -157.500000, 0.016162, 0.000643, 1000
27.500000, -40.500000, -157.500000, 0.016190, 0.000624, 1000
28.000000, -40.500000, -157.500000, 0.015476, 0.000634, 1000
28.500000, -40.500000, -157.500000, 0.014055, 0.000633, 1000
29.000000, -40.500000, -157.500000, 0.011930, 0.000644, 1000
29.500000, -40.500000, -157.500000, 0.009363, 0.000614, 1000
30.000000, -40.500000, -157.500000, 0.006713, 0.000646, 1000
30.500000, -40.500000, -157.500000, 0.003894, 0.000623, 1000
31.000000, -40.500000, -157.500000, 0.001077, 0.000630, 1000
31.500000, -40.500000, -157.500000, -0.001474, 0.000621, 1000
32.000000, -40.500000, -157.500000, -0.003889, 0.000627, 1000
32.500000, -40.500000, -157.500000, -0.006047, 0.000617, 1000
33.000000, -40.500000, -157.500000, -0.007750, 0.000610, 1000
33.500000, -40.500000, -157.500000, -0.009140, 0.000627, 1000
34.000000, -40.500000, -157.500000, -0.010361, 0.000619, 1000
34.500000, -40.500000, -157.500000, -0.011394, 0.000642, 1000
