34.200000, -90.450000, -177.900000, 0.304600, 0.002733, 1000, 0.337566
34.200000, -90.450000, -177.900000, 0.304459, 0.002680, 1000, 0.337404
34.200000, -90.450000, -177.900000, 0.304200, 0.002676, 1000, 0.337109
34.200000, -90.450000, -177.900000, 0.304043, 0.002670, 1000, 0.336930
34.200000, -90.450000, -177.900000, 0.303887, 0.002785, 1000, 0.336751
34.200000, -90.450000, -177.900000, 0.303668, 0.002649, 1000, 0.336501
34.200000, -90.450000, -177.900000, 0.303503, 0.002736, 1000, 0.336313
34.200000, -90.450000, -177.900000, 0.303227, 0.002644, 1000, 0.335998
34.200000, -90.450000, -177.900000, 0.303082, 0.002591, 1000, 0.335832
34.200000, -90.450000, -177.900000, 0.302834, 0.002670, 1000, 0.335550
34.200000, -90.450000, -177.900000, 0.302608, 0.002739, 1000, 0.335291
34.200000, -90.450000, -177.900000, 0.302361, 0.002652, 1000, 0.335009
34.200000, -90.450000, -177.900000, 0.302154, 0.002706, 1000, 0.334773
34.200000, -90.450000, -177.900000, 0.301953, 0.002697, 1000, 0.334543
34.200000, -90.450000, -177.900000, 0.301781, 0.002780, 1000, 0.334347
34.200000, -90.450000, -177.900000, 0.301556, 0.002617, 1000, 0.334089
34.200000, -90.450000, -177.900000, 0.301399, 0.002667, 1000, 0.333910
34.200000, -90.450000, -177.900000, 0.301218, 0.002655, 1000, 0.333704
34.200000, -90.450000, -177.900000, 0.301014, 0.002714, 1000, 0.333471
34.200000, -90.450000, -177.900000, 0.300869, 0.002605, 1000, 0.333305
34.200000, -90.450000, -177.900000, 0.300771, 0.002653, 1000, 0.333193
34.200000, -90.450000, -177.900000, 0.300668, 0.002660, 1000, 0.333076
34.200000, -90.450000, -177.900000, 0.300668, 0.002547, 1000, 0.333076
34.200000, -90.450000, -177.900000, 0.300560, 0.002712, 1000, 0.332952
34.200000, -90.450000, -177.900000, 0.300611, 0.002705, 1000, 0.333010
34.200000, -90.450000, -177.900000, 0.300599, 0.002587, 1000, 0.332997
34.200000, -90.450000, -177.900000, 0.300639, 0.002641, 1000, 0.333042
34.200000, -90.450000, -177.900000, 0.300711, 0.002477, 1000, 0.333125
34.200000, -90.450000, -177.900000, 0.300779, 0.002667, 1000, 0.333202
34.200000, -90.450000, -177.900000, 0.300956, 0.002637, 1000, 0.333404
34.200000, -90.450000, -177.900000, 0.301059, 0.002753, 1000, 0.333522
34.200000, -90.450000, -177.900000, 0.301199, 0.002647, 1000, 0.333682
34.200000, -90.450000, -177.900000, 0.301379, 0.002667, 1000, 0.333887
34.200000, -90.450000, -177.900000, 0.301538, 0.002613, 1000, 0.334069
34.200000, -90.450000, -177.900000, 0.301715, 0.002659, 1000, 0.334271
34.200000, -90.450000, -177.900000, 0.301903, 0.002586, 1000, 0.334486
34.200000, -90.450000, -177.900000, 0.302153, 0.002628, 1000, 0.334772
34.200000, -90.450000, -177.900000, 0.302414, 0.002674, 1000, 0.335070
34.200000, -90.450000, -177.900000, 0.302586, 0.002623, 1000, 0.335266
34.200000, -90.450000, -177.900000, 0.302772, 0.002603, 1000, 0.335478
34.200000, -90.450000, -177.900000, 0.302931, 0.002620, 1000, 0.335660
34.200000, -90.450000, -177.900000, 0.303196, 0.002618, 1000, 0.335963
34.200000, -90.450000, -177.900000, 0.303320, 0.002763, 1000, 0.336104
34.200000, -90.450000, -177.900000, 0.303623, 0.002700, 1000, 0.336450
34.200000, -90.450000, -177.900000, 0.303814, 0.002636, 1000, 0.336668
34.200000, -90.450000, -177.900000, 0.303972, 0.002689, 1000, 0.336849
34.200000, -90.450000, -177.900000, 0.304167, 0.002786, 1000, 0.337071
34.200000, -90.450000, -177.900000, 0.304378, 0.002742, 1000, 0.337312
34.200000, -90.450000, -177.900000, 0.304553, 0.002642, 1000, 0.337512
34.200000, -90.450000, -177.900000, 0.304694, 0.002760, 1000, 0.337673
34.200000, -90.450000, -177.900000, 0.304866, 0.002791, 1000, 0.337870
34.200000, -90.450000, -177.900000, 0.305098, 0.002699, 1000, 0.338134
34.200000, -90.450000, -177.900000, 0.305214, 0.002636, 1000, 0.338267
34.200000, -90.450000, -177.900000, 0.305320, 0.002796, 1000, 0.338387
34.200000, -90.450000, -177.900000, 0.305508, 0.002674, 1000, 0.338603
34.200000, -90.450000, -177.900000, 0.305681, 0.002742, 1000, 0.338800
34.200000, -90.450000, -177.900000, 0.305784, 0.002704, 1000, 0.338918
34.200000, -90.450000, -177.900000, 0.305942, 0.002574, 1000, 0.339099
34.200000, -90.450000, -177.900000, 0.306098, 0.002841, 1000, 0.339276
34.200000, -90.450000, -177.900000, 0.306188, 0.002774, 1000, 0.339379
34.200000, -90.450000, -177.900000, 0.306384, 0.002671, 1000, 0.339603
34.200000, -90.450000, -177.900000, 0.306446, 0.002689, 1000, 0.339673
34.200000, -90.450000, -177.900000, 0.306527, 0.002674, 1000, 0.339766
34.200000, -90.450000, -177.900000, 0.306737, 0.002787, 1000, 0.340006
34.200000, -90.450000, -177.900000, 0.306806, 0.002783, 1000, 0.340085
34.200000, -90.450000, -177.900000, 0.306914, 0.002758, 1000, 0.340208
34.200000, -90.450000, -177.900000, 0.307012, 0.002745, 1000, 0.340320
34.200000, -90.450000, -177.900000, 0.307169, 0.002690, 1000, 0.340499
34.200000, -90.450000, -177.900000, 0.307284, 0.002699, 1000, 0.340630
34.200000, -90.450000, -177.900000, 0.307280, 0.002633, 1000, 0.340626
34.200000, -90.450000, -177.900000, 0.307416, 0.002769, 1000, 0.340781
34.200000, -90.450000, -177.900000, 0.307499, 0.002639, 1000, 0.340876
34.200000, -90.450000, -177.900000, 0.307656, 0.002602, 1000, 0.341055
34.200000, -90.450000, -177.900000, 0.307667, 0.002683, 1000, 0.341068
34.200000, -90.450000, -177.900000, 0.307746, 0.002598, 1000, 0.341158
34.200000, -90.450000, -177.900000, 0.307878, 0.002666, 1000, 0.341309
34.200000, -90.450000, -177.900000, 0.307927, 0.002698, 1000, 0.341365
34.200000, -90.450000, -177.900000, 0.308043, 0.002628, 1000, 0.341497
34.200000, -90.450000, -177.900000, 0.308054, 0.002737, 1000, 0.341510
34.200000, -90.450000, -177.900000, 0.308129, 0.002735, 1000, 0.341596
34.200000, -90.450000, -177.900000, 0.308227, 0.002614, 1000, 0.341708
34.200000, -90.450000, -177.900000, 0.308263, 0.002758, 1000, 0.341749
34.200000, -90.450000, -177.900000, 0.308315, 0.002686, 1000, 0.341808
34.200000, -90.450000, -177.900000, 0.308452, 0.002633, 1000, 0.341964
34.200000, -90.450000, -177.900000, 0.308522, 0.002638, 1000, 0.342044
34.200000, -90.450000, -177.900000, 0.308509, 0.002683, 1000, 0.342029
34.200000, -90.450000, -177.900000, 0.308634, 0.002711, 1000, 0.342172
34.200000, -90.450000, -177.900000, 0.308613, 0.002803, 1000, 0.342149
34.200000, -90.450000, -177.900000, 0.308678, 0.002770, 1000, 0.342223
34.200000, -90.450000, -177.900000, 0.308807, 0.002629, 1000, 0.342370
34.200000, -90.450000, -177.900000, 0.308880, 0.002742, 1000, 0.342453
34.200000, -90.450000, -177.900000, 0.309010, 0.002700, 1000, 0.342601
34.200000, -90.450000, -177.900000, 0.308998, 0.002697, 1000, 0.342588
34.200000, -90.450000, -177.900000, 0.309092, 0.002825, 1000, 0.342695
34.200000, -90.450000, -177.900000, 0.309143, 0.002734, 1000, 0.342754
34.200000, -90.450000, -177.900000, 0.309305, 0.002687, 1000, 0.342938
34.200000, -90.450000, -177.900000, 0.309345, 0.002711, 1000, 0.342983
34.200000, -90.450000, -177.900000, 0.309406, 0.002601, 1000, 0.343053
34.200000, -90.450000, -177.900000, 0.309446, 0.002614, 1000, 0.343100
34.200000, -90.450000, -177.900000, 0.309502, 0.002677, 1000, 0.343164
34.200000, -90.450000, -177.900000, 0.309509, 0.002646, 1000, 0.343171
34.200000, -90.450000, -177.900000, 0.309604, 0.002635, 1000, 0.343280
34.200000, -90.450000, -177.900000, 0.309608, 0.002718, 1000, 0.343285
34.200000, -90.450000, -177.900000, 0.309611, 0.002648, 1000, 0.343287
34.200000, -90.450000, -177.900000, 0.309606, 0.002698, 1000, 0.343282
34.200000, -90.450000, -177.900000, 0.309624, 0.002712, 1000, 0.343302
34.200000, -90.450000, -177.900000, 0.309631, 0.002696, 1000, 0.343311
34.200000, -90.450000, -177.900000, 0.309608, 0.002695, 1000, 0.343285
34.200000, -90.450000, -177.900000, 0.309537, 0.002693, 1000, 0.343203
34.200000, -90.450000, -177.900000, 0.309599, 0.002588, 1000, 0.343274
34.200000, -90.450000, -177.900000, 0.309502, 0.002804, 1000, 0.343164
34.200000, -90.450000, -177.900000, 0.309458, 0.002719, 1000, 0.343113
34.200000, -90.450000, -177.900000, 0.309476, 0.002616, 1000, 0.343133
34.200000, -90.450000, -177.900000, 0.309268, 0.002689, 1000, 0.342896
34.200000, -90.450000, -177.900000, 0.309289, 0.002683, 1000, 0.342919
34.200000, -90.450000, -177.900000, 0.309157, 0.002659, 1000, 0.342770
34.200000, -90.450000, -177.900000, 0.309064, 0.002529, 1000, 0.342663
34.200000, -90.450000, -177.900000, 0.308868, 0.002764, 1000, 0.342439
34.200000, -90.450000, -177.900000, 0.308790, 0.002667, 1000, 0.342351
34.200000, -90.450000, -177.900000, 0.308696, 0.002653, 1000, 0.342243
34.200000, -90.450000, -177.900000, 0.308564, 0.002670, 1000, 0.342092
34.200000, -90.450000, -177.900000, 0.308355, 0.002650, 1000, 0.341853
34.200000, -90.450000, -177.900000, 0.308230, 0.002635, 1000, 0.341711
34.200000, -90.450000, -177.900000, 0.308114, 0.002748, 1000, 0.341578
34.200000, -90.450000, -177.900000, 0.307945, 0.002665, 1000, 0.341385
34.200000, -90.450000, -177.900000, 0.307853, 0.002678, 1000, 0.341280
34.200000, -90.450000, -177.900000, 0.307713, 0.002691, 1000, 0.341120
34.200000, -90.450000, -177.900000, 0.307518, 0.002705, 1000, 0.340898
34.200000, -90.450000, -177.900000, 0.307359, 0.002775, 1000, 0.340716
34.200000, -90.450000, -177.900000, 0.307212, 0.002777, 1000, 0.340549
34.200000, -90.450000, -177.900000, 0.307155, 0.002691, 1000, 0.340483
34.200000, -90.450000, -177.900000, 0.307044, 0.002695, 1000, 0.340357
34.200000, -90.450000, -177.900000, 0.306995, 0.002648, 1000, 0.340300
34.200000, -90.450000, -177.900000, 0.306922, 0.002694, 1000, 0.340217
34.200000, -90.450000, -177.900000, 0.306865, 0.002693, 1000, 0.340152
34.200000, -90.450000, -177.900000, 0.306796, 0.002772, 1000, 0.340073
34.200000, -90.450000, -177.900000, 0.306823, 0.002628, 1000, 0.340104
34.200000, -90.450000, -177.900000, 0.306765, 0.002769, 1000, 0.340038
34.200000, -90.450000, -177.900000, 0.306784, 0.002671, 1000, 0.340060
34.200000, -90.450000, -177.900000, 0.306764, 0.002678, 1000, 0.340037
34.200000, -90.450000, -177.900000, 0.306770, 0.002705, 1000, 0.340044
34.200000, -90.450000, -177.900000, 0.306812, 0.002811, 1000, 0.340092
34.200000, -90.450000, -177.900000, 0.306767, 0.002715, 1000, 0.340040
34.200000, -90.450000, -177.900000, 0.306852, 0.002560, 1000, 0.340137
34.200000, -90.450000, -177.900000, 0.306874, 0.002663, 1000, 0.340162
34.200000, -90.450000, -177.900000, 0.306781, 0.002623, 1000, 0.340056
34.200000, -90.450000, -177.900000, 0.306872, 0.002683, 1000, 0.340160
34.200000, -90.450000, -177.900000, 0.306931, 0.002654, 1000, 0.340227
34.200000, -90.450000, -177.900000, 0.307006, 0.002808, 1000, 0.340313
34.200000, -90.450000, -177.900000, 0.306926, 0.002693, 1000, 0.340221
34.200000, -90.450000, -177.900000, 0.306940, 0.002484, 1000, 0.340237
34.200000, -90.450000, -177.900000, 0.306938, 0.002632, 1000, 0.340236
34.200000, -90.450000, -177.900000, 0.306978, 0.002713, 1000, 0.340281
34.200000, -90.450000, -177.900000, 0.306823, 0.002662, 1000, 0.340104
34.200000, -90.450000, -177.900000, 0.306819, 0.002729, 1000, 0.340099
34.200000, -90.450000, -177.900000, 0.306738, 0.002751, 1000, 0.340008
34.200000, -90.450000, -177.900000, 0.306773, 0.002795, 1000, 0.340047
34.200000, -90.450000, -177.900000, 0.306660, 0.002689, 1000, 0.339917
34.200000, -90.450000, -177.900000, 0.306600, 0.002805, 1000, 0.339849
34.200000, -90.450000, -177.900000, 0.306558, 0.002613, 1000, 0.339801
34.200000, -90.450000, -177.900000, 0.306545, 0.002726, 1000, 0.339787
34.200000, -90.450000, -177.900000, 0.306423, 0.002798, 1000, 0.339647
34.200000, -90.450000, -177.900000, 0.306391, 0.002598, 1000, 0.339611
34.200000, -90.450000, -177.900000, 0.306359, 0.002736, 1000, 0.339574
34.200000, -90.450000, -177.900000, 0.306367, 0.002745, 1000, 0.339583
34.200000, -90.450000, -177.900000, 0.306235, 0.002679, 1000, 0.339433
34.200000, -90.450000, -177.900000, 0.306165, 0.002641, 1000, 0.339353
34.200000, -90.450000, -177.900000, 0.306126, 0.002762, 1000, 0.339308
34.200000, -90.450000, -177.900000, 0.306089, 0.002654, 1000, 0.339266
34.200000, -90.450000, -177.900000, 0.306061, 0.002717, 1000, 0.339234
34.200000, -90.450000, -177.900000, 0.305964, 0.002804, 1000, 0.339123
34.200000, -90.450000, -177.900000, 0.305996, 0.002840, 1000, 0.339160
34.200000, -90.450000, -177.900000, 0.305974, 0.002662, 1000, 0.339135
34.200000, -90.450000, -177.900000, 0.305992, 0.002594, 1000, 0.339155
34.200000, -90.450000, -177.900000, 0.305926, 0.002743, 1000, 0.339080
34.200000, -90.450000, -177.900000, 0.305911, 0.002725, 1000, 0.339062
34.200000, -90.450000, -177.900000, 0.305941, 0.002659, 1000, 0.339097
34.200000, -90.450000, -177.900000, 0.305866, 0.002813, 1000, 0.339011
34.200000, -90.450000, -177.900000, 0.305893, 0.002758, 1000, 0.339042
34.200000, -90.450000, -177.900000, 0.305885, 0.002743, 1000, 0.339033
34.200000, -90.450000, -177.900000, 0.305898, 0.002710, 1000, 0.339048
34.200000, -90.450000, -177.900000, 0.305825, 0.002770, 1000, 0.338965
34.200000, -90.450000, -177.900000, 0.305829, 0.002580, 1000, 0.338969
34.200000, -90.450000, -177.900000, 0.305811, 0.002776, 1000, 0.338949
34.200000, -90.450000, -177.900000, 0.305833, 0.002635, 1000, 0.338973
34.200000, -90.450000, -177.900000, 0.305702, 0.002749, 1000, 0.338824
34.200000, -90.450000, -177.900000, 0.305699, 0.002718, 1000, 0.338821
34.200000, -90.450000, -177.900000, 0.305689, 0.002748, 1000, 0.338809
34.200000, -90.450000, -177.900000, 0.305623, 0.002586, 1000, 0.338734
34.200000, -90.450000, -177.900000, 0.305567, 0.002676, 1000, 0.338670
34.200000, -90.450000, -177.900000, 0.305462, 0.002599, 1000, 0.338550
34.200000, -90.450000, -177.900000, 0.305493, 0.002609, 1000, 0.338585
34.200000, -90.450000, -177.900000, 0.305372, 0.002765, 1000, 0.338447
34.200000, -90.450000, -177.900000, 0.305265, 0.002739, 1000, 0.338325
34.200000, -90.450000, -177.900000, 0.305257, 0.002728, 1000, 0.338316
34.200000, -90.450000, -177.900000, 0.305113, 0.002732, 1000, 0.338152
34.200000, -90.450000, -177.900000, 0.305002, 0.002711, 1000, 0.338025
34.200000, -90.450000, -177.900000, 0.304921, 0.002727, 1000, 0.337932
34.200000, -90.450000, -177.900000, 0.304862, 0.002631, 1000, 0.337865
34.200000, -90.450000, -177.900000, 0.304758, 0.002636, 1000, 0.337746
34.200000, -91.450000, -177.900000, 0.308551, 0.002656, 1000, 0.342077
34.200000, -91.450000, -177.900000, 0.308478, 0.002681, 1000, 0.341994
34.200000, -91.450000, -177.900000, 0.308364, 0.002720, 1000, 0.341864
34.200000, -91.450000, -177.900000, 0.308196, 0.002779, 1000, 0.341672
34.200000, -91.450000, -177.900000, 0.308084, 0.002755, 1000, 0.341544
34.200000, -91.450000, -177.900000, 0.307952, 0.002647, 1000, 0.341394
34.200000, -91.450000, -177.900000, 0.307797, 0.002718, 1000, 0.341216
34.200000, -91.450000, -177.900000, 0.307635, 0.002783, 1000, 0.341032
34.200000, -91.450000, -177.900000, 0.307430, 0.002710, 1000, 0.340797
34.200000, -91.450000, -177.900000, 0.307351, 0.002748, 1000, 0.340707
34.200000, -91.450000, -177.900000, 0.307164, 0.002691, 1000, 0.340493
34.200000, -91.450000, -177.900000, 0.307077, 0.002698, 1000, 0.340395
34.200000, -91.450000, -177.900000, 0.306900, 0.002695, 1000, 0.340192
34.200000, -91.450000, -177.900000, 0.306740, 0.002695, 1000, 0.340009
34.200000, -91.450000, -177.900000, 0.306685, 0.002630, 1000, 0.339947
34.200000, -91.450000, -177.900000, 0.306528, 0.002678, 1000, 0.339768
34.200000, -91.450000, -177.900000, 0.306438, 0.002721, 1000, 0.339664
34.200000, -91.450000, -177.900000, 0.306209, 0.002654, 1000, 0.339403
34.200000, -91.450000, -177.900000, 0.306186, 0.002617, 1000, 0.339376
34.200000, -91.450000, -177.900000, 0.306029, 0.002608, 1000, 0.339197
34.200000, -91.450000, -177.900000, 0.305946, 0.002698, 1000, 0.339103
34.200000, -91.450000, -177.900000, 0.305877, 0.002656, 1000, 0.339024
34.200000, -91.450000, -177.900000, 0.305773, 0.002704, 1000, 0.338905
34.200000, -91.450000, -177.900000, 0.305741, 0.002683, 1000, 0.338869
34.200000, -91.450000, -177.900000, 0.305672, 0.002647, 1000, 0.338790
34.200000, -91.450000, -177.900000, 0.305653, 0.002707, 1000, 0.338768
34.200000, -91.450000, -177.900000, 0.305657, 0.002558, 1000, 0.338773
34.200000, -91.450000, -177.900000, 0.305683, 0.002633, 1000, 0.338802
34.200000, -91.450000, -177.900000, 0.305705, 0.002694, 1000, 0.338828
34.200000, -91.450000, -177.900000, 0.305754, 0.002691, 1000, 0.338883
34.200000, -91.450000, -177.900000, 0.305795, 0.002708, 1000, 0.338930
34.200000, -91.450000, -177.900000, 0.305838, 0.002706, 1000, 0.338979
34.200000, -91.450000, -177.900000, 0.305893, 0.002608, 1000, 0.339042
34.200000, -91.450000, -177.900000, 0.306006, 0.002635, 1000, 0.339171
34.200000, -91.450000, -177.900000, 0.306089, 0.002779, 1000, 0.339266
34.200000, -91.450000, -177.900000, 0.306190, 0.002670, 1000, 0.339381
34.200000, -91.450000, -177.900000, 0.306313, 0.002609, 1000, 0.339522
34.200000, -91.450000, -177.900000, 0.306486, 0.002658, 1000, 0.339720
34.200000, -91.450000, -177.900000, 0.306600, 0.002610, 1000, 0.339849
34.200000, -91.450000, -177.900000, 0.306745, 0.002768, 1000, 0.340015
34.200000, -91.450000, -177.900000, 0.306837, 0.002719, 1000, 0.340120
34.200000, -91.450000, -177.900000, 0.306979, 0.002658, 1000, 0.340283
34.200000, -91.450000, -177.900000, 0.307189, 0.002684, 1000, 0.340522
34.200000, -91.450000, -177.900000, 0.307280, 0.002690, 1000, 0.340626
34.200000, -91.450000, -177.900000, 0.307447, 0.002693, 1000, 0.340816
34.200000, -91.450000, -177.900000, 0.307501, 0.002803, 1000, 0.340879
34.200000, -91.450000, -177.900000, 0.307751, 0.002635, 1000, 0.341164
34.200000, -91.450000, -177.900000, 0.307914, 0.002696, 1000, 0.341350
34.200000, -91.450000, -177.900000, 0.308019, 0.002727, 1000, 0.341469
34.200000, -91.450000, -177.900000, 0.308165, 0.002701, 1000, 0.341637
34.200000, -91.450000, -177.900000, 0.308295, 0.002677, 1000, 0.341785
34.200000, -91.450000, -177.900000, 0.308486, 0.002608, 1000, 0.342003
34.200000, -91.450000, -177.900000, 0.308612, 0.002694, 1000, 0.342147
34.200000, -91.450000, -177.900000, 0.308760, 0.002635, 1000, 0.342316
34.200000, -91.450000, -177.900000, 0.308831, 0.002678, 1000, 0.342397
34.200000, -91.450000, -177.900000, 0.309021, 0.002726, 1000, 0.342614
34.200000, -91.450000, -177.900000, 0.309141, 0.002691, 1000, 0.342751
34.200000, -91.450000, -177.900000, 0.309250, 0.002660, 1000, 0.342876
34.200000, -91.450000, -177.900000, 0.309292, 0.002646, 1000, 0.342924
34.200000, -91.450000, -177.900000, 0.309387, 0.002570, 1000, 0.343031
34.200000, -91.450000, -177.900000, 0.309514, 0.002696, 1000, 0.343177
34.200000, -91.450000, -177.900000, 0.309643, 0.002691, 1000, 0.343324
34.200000, -91.450000, -177.900000, 0.309580, 0.002680, 1000, 0.343253
34.200000, -91.450000, -177.900000, 0.309688, 0.002715, 1000, 0.343376
34.200000, -91.450000, -177.900000, 0.309832, 0.002611, 1000, 0.343541
34.200000, -91.450000, -177.900000, 0.309848, 0.002724, 1000, 0.343558
34.200000, -91.450000, -177.900000, 0.309914, 0.002616, 1000, 0.343634
34.200000, -91.450000, -177.900000, 0.309927, 0.002594, 1000, 0.343648
34.200000, -91.450000, -177.900000, 0.310022, 0.002684, 1000, 0.343757
34.200000, -91.450000, -177.900000, 0.310085, 0.002628, 1000, 0.343828
34.200000, -91.450000, -177.900000, 0.310132, 0.002561, 1000, 0.343882
34.200000, -91.450000, -177.900000, 0.310172, 0.002632, 1000, 0.343929
34.200000, -91.450000, -177.900000, 0.310071, 0.002636, 1000, 0.343812
34.200000, -91.450000, -177.900000, 0.310243, 0.002651, 1000, 0.344009
34.200000, -91.450000, -177.900000, 0.310226, 0.002671, 1000, 0.343990
34.200000, -91.450000, -177.900000, 0.310253, 0.002645, 1000, 0.344020
34.200000, -91.450000, -177.900000, 0.310152, 0.002680, 1000, 0.343906
34.200000, -91.450000, -177.900000, 0.310260, 0.002616, 1000, 0.344029
34.200000, -91.450000, -177.900000, 0.310209, 0.002573, 1000, 0.343971
34.200000, -91.450000, -177.900000, 0.310199, 0.002650, 1000, 0.343959
34.200000, -91.450000, -177.900000, 0.310147, 0.002666, 1000, 0.343900
34.200000, -91.450000, -177.900000, 0.310239, 0.002691, 1000, 0.344004
34.200000, -91.450000, -177.900000, 0.310253, 0.002760, 1000, 0.344020
34.200000, -91.450000, -177.900000, 0.310260, 0.002712, 1000, 0.344029
34.200000, -91.450000, -177.900000, 0.310287, 0.002557, 1000, 0.344060
34.200000, -91.450000, -177.900000, 0.310265, 0.002642, 1000, 0.344035
34.200000, -91.450000, -177.900000, 0.310337, 0.002605, 1000, 0.344116
34.200000, -91.450000, -177.900000, 0.310263, 0.002662, 1000, 0.344032
34.200000, -91.450000, -177.900000, 0.310390, 0.002631, 1000, 0.344178
34.200000, -91.450000, -177.900000, 0.310329, 0.002808, 1000, 0.344108
34.200000, -91.450000, -177.900000, 0.310431, 0.002678, 1000, 0.344224
34.200000, -91.450000, -177.900000, 0.310440, 0.002652, 1000, 0.344234
34.200000, -91.450000, -177.900000, 0.310493, 0.002669, 1000, 0.344295
34.200000, -91.450000, -177.900000, 0.310581, 0.002595, 1000, 0.344396
34.200000, -91.450000, -177.900000, 0.310649, 0.002539, 1000, 0.344473
34.200000, -91.450000, -177.900000, 0.310614, 0.002660, 1000, 0.344434
34.200000, -91.450000, -177.900000, 0.310710, 0.002685, 1000, 0.344543
34.200000, -91.450000, -177.900000, 0.310771, 0.002611, 1000, 0.344612
34.200000, -91.450000, -177.900000, 0.310817, 0.002615, 1000, 0.344665
34.200000, -91.450000, -177.900000, 0.310836, 0.002633, 1000, 0.344687
34.200000, -91.450000, -177.900000, 0.310887, 0.002661, 1000, 0.344745
34.200000, -91.450000, -177.900000, 0.310897, 0.002718, 1000, 0.344756
34.200000, -91.450000, -177.900000, 0.310967, 0.002738, 1000, 0.344836
34.200000, -91.450000, -177.900000, 0.311035, 0.002685, 1000, 0.344914
34.200000, -91.450000, -177.900000, 0.311048, 0.002586, 1000, 0.344928
34.200000, -91.450000, -177.900000, 0.310933, 0.002766, 1000, 0.344797
34.200000, -91.450000, -177.900000, 0.310993, 0.002644, 1000, 0.344866
34.200000, -91.450000, -177.900000, 0.311049, 0.002632, 1000, 0.344930
34.200000, -91.450000, -177.900000, 0.311041, 0.002686, 1000, 0.344921
34.200000, -91.450000, -177.900000, 0.310994, 0.002666, 1000, 0.344867
34.200000, -91.450000, -177.900000, 0.310994, 0.002610, 1000, 0.344867
34.200000, -91.450000, -177.900000, 0.310991, 0.002665, 1000, 0.344864
34.200000, -91.450000, -177.900000, 0.310976, 0.002575, 1000, 0.344847
34.200000, -91.450000, -177.900000, 0.310919, 0.002761, 1000, 0.344781
34.200000, -91.450000, -177.900000, 0.310888, 0.002737, 1000, 0.344746
34.200000, -91.450000, -177.900000, 0.310746, 0.002738, 1000, 0.344583
34.200000, -91.450000, -177.900000, 0.310800, 0.002734, 1000, 0.344646
34.200000, -91.450000, -177.900000, 0.310671, 0.002646, 1000, 0.344498
34.200000, -91.450000, -177.900000, 0.310527, 0.002616, 1000, 0.344333
34.200000, -91.450000, -177.900000, 0.310510, 0.002613, 1000, 0.344314
34.200000, -91.450000, -177.900000, 0.310344, 0.002679, 1000, 0.344125
34.200000, -91.450000, -177.900000, 0.310336, 0.002705, 1000, 0.344115
34.200000, -91.450000, -177.900000, 0.310239, 0.002590, 1000, 0.344004
34.200000, -91.450000, -177.900000, 0.310133, 0.002636, 1000, 0.343884
34.200000, -91.450000, -177.900000, 0.310043, 0.002631, 1000, 0.343781
34.200000, -91.450000, -177.900000, 0.309944, 0.002651, 1000, 0.343669
34.200000, -91.450000, -177.900000, 0.309846, 0.002701, 1000, 0.343557
34.200000, -91.450000, -177.900000, 0.309728, 0.002787, 1000, 0.343421
34.200000, -91.450000, -177.900000, 0.309659, 0.002686, 1000, 0.343343
34.200000, -91.450000, -177.900000, 0.309569, 0.002646, 1000, 0.343239
34.200000, -91.450000, -177.900000, 0.309569, 0.002698, 1000, 0.343239
34.200000, -91.450000, -177.900000, 0.309499, 0.002547, 1000, 0.343159
34.200000, -91.450000, -177.900000, 0.309427, 0.002731, 1000, 0.343078
34.200000, -91.450000, -177.900000, 0.309404, 0.002774, 1000, 0.343052
34.200000, -91.450000, -177.900000, 0.309441, 0.002765, 1000, 0.343094
34.200000, -91.450000, -177.900000, 0.309387, 0.002814, 1000, 0.343031
34.200000, -91.450000, -177.900000, 0.309375, 0.002786, 1000, 0.343018
34.200000, -91.450000, -177.900000, 0.309301, 0.002630, 1000, 0.342934
34.200000, -91.450000, -177.900000, 0.309376, 0.002677, 1000, 0.343020
34.200000, -91.450000, -177.900000, 0.309393, 0.002724, 1000, 0.343039
34.200000, -91.450000, -177.900000, 0.309427, 0.002803, 1000, 0.343078
34.200000, -91.450000, -177.900000, 0.309539, 0.002784, 1000, 0.343206
34.200000, -91.450000, -177.900000, 0.309518, 0.002732, 1000, 0.343181
34.200000, -91.450000, -177.900000, 0.309566, 0.002720, 1000, 0.343237
34.200000, -91.450000, -177.900000, 0.309580, 0.002757, 1000, 0.343253
34.200000, -91.450000, -177.900000, 0.309688, 0.002608, 1000, 0.343376
34.200000, -91.450000, -177.900000, 0.309736, 0.002734, 1000, 0.343430
34.200000, -91.450000, -177.900000, 0.309896, 0.002548, 1000, 0.343613
34.200000, -91.450000, -177.900000, 0.309845, 0.002635, 1000, 0.343555
34.200000, -91.450000, -177.900000, 0.309955, 0.002649, 1000, 0.343680
34.200000, -91.450000, -177.900000, 0.309984, 0.002674, 1000, 0.343714
34.200000, -91.450000, -177.900000, 0.310060, 0.002613, 1000, 0.343801
34.200000, -91.450000, -177.900000, 0.310092, 0.002713, 1000, 0.343837
34.200000, -91.450000, -177.900000, 0.310176, 0.002670, 1000, 0.343933
34.200000, -91.450000, -177.900000, 0.310152, 0.002645, 1000, 0.343906
34.200000, -91.450000, -177.900000, 0.310181, 0.002717, 1000, 0.343939
34.200000, -91.450000, -177.900000, 0.310216, 0.002683, 1000, 0.343978
34.200000, -91.450000, -177.900000, 0.310291, 0.002722, 1000, 0.344064
34.200000, -91.450000, -177.900000, 0.310333, 0.002572, 1000, 0.344112
34.200000, -91.450000, -177.900000, 0.310314, 0.002730, 1000, 0.344090
34.200000, -91.450000, -177.900000, 0.310301, 0.002660, 1000, 0.344076
34.200000, -91.450000, -177.900000, 0.310369, 0.002535, 1000, 0.344153
34.200000, -91.450000, -177.900000, 0.310435, 0.002658, 1000, 0.344228
34.200000, -91.450000, -177.900000, 0.310414, 0.002648, 1000, 0.344205
34.200000, -91.450000, -177.900000, 0.310369, 0.002606, 1000, 0.344153
34.200000, -91.450000, -177.900000, 0.310426, 0.002662, 1000, 0.344218
34.200000, -91.450000, -177.900000, 0.310400, 0.002750, 1000, 0.344189
34.200000, -91.450000, -177.900000, 0.310389, 0.002617, 1000, 0.344176
34.200000, -91.450000, -177.900000, 0.310404, 0.002656, 1000, 0.344194
34.200000, -91.450000, -177.900000, 0.310398, 0.002549, 1000, 0.344186
34.200000, -91.450000, -177.900000, 0.310413, 0.002678, 1000, 0.344204
34.200000, -91.450000, -177.900000, 0.310408, 0.002735, 1000, 0.344198
34.200000, -91.450000, -177.900000, 0.310374, 0.002737, 1000, 0.344159
34.200000, -91.450000, -177.900000, 0.310416, 0.002530, 1000, 0.344207
34.200000, -91.450000, -177.900000, 0.310402, 0.002644, 1000, 0.344191
34.200000, -91.450000, -177.900000, 0.310420, 0.002574, 1000, 0.344211
34.200000, -91.450000, -177.900000, 0.310337, 0.002626, 1000, 0.344116
34.200000, -91.450000, -177.900000, 0.310305, 0.002649, 1000, 0.344080
34.200000, -91.450000, -177.900000, 0.310223, 0.002671, 1000, 0.343987
34.200000, -91.450000, -177.900000, 0.310220, 0.002684, 1000, 0.343983
34.200000, -91.450000, -177.900000, 0.310230, 0.002582, 1000, 0.343994
34.200000, -91.450000, -177.900000, 0.310215, 0.002702, 1000, 0.343977
34.200000, -91.450000, -177.900000, 0.310141, 0.002770, 1000, 0.343892
34.200000, -91.450000, -177.900000, 0.310071, 0.002580, 1000, 0.343812
34.200000, -91.450000, -177.900000, 0.310020, 0.002730, 1000, 0.343754
34.200000, -91.450000, -177.900000, 0.310057, 0.002622, 1000, 0.343797
34.200000, -91.450000, -177.900000, 0.309932, 0.002632, 1000, 0.343654
34.200000, -91.450000, -177.900000, 0.309860, 0.002696, 1000, 0.343573
34.200000, -91.450000, -177.900000, 0.309869, 0.002701, 1000, 0.343583
34.200000, -91.450000, -177.900000, 0.309789, 0.002680, 1000, 0.343491
34.200000, -91.450000, -177.900000, 0.309682, 0.002607, 1000, 0.343369
34.200000, -91.450000, -177.900000, 0.309612, 0.002714, 1000, 0.343289
34.200000, -91.450000, -177.900000, 0.309545, 0.002697, 1000, 0.343212
34.200000, -91.450000, -177.900000, 0.309427, 0.002816, 1000, 0.343078
34.200000, -91.450000, -177.900000, 0.309383, 0.002645, 1000, 0.343027
34.200000, -91.450000, -177.900000, 0.309235, 0.002711, 1000, 0.342858
34.200000, -91.450000, -177.900000, 0.309136, 0.002699, 1000, 0.342745
34.200000, -91.450000, -177.900000, 0.308992, 0.002691, 1000, 0.342581
34.200000, -91.450000, -177.900000, 0.308875, 0.002632, 1000, 0.342447
34.200000, -91.450000, -177.900000, 0.308785, 0.002688, 1000, 0.342345
34.200000, -92.450000, -177.900000, 0.310251, 0.002675, 1000, 0.344019
34.200000, -92.450000, -177.900000, 0.310190, 0.002640, 1000, 0.343949
34.200000, -92.450000, -177.900000, 0.310201, 0.002618, 1000, 0.343961
34.200000, -92.450000, -177.900000, 0.310106, 0.002676, 1000, 0.343853
34.200000, -92.450000, -177.900000, 0.310043, 0.002628, 1000, 0.343781
34.200000, -92.450000, -177.900000, 0.309990, 0.002692, 1000, 0.343721
34.200000, -92.450000, -177.900000, 0.309942, 0.002691, 1000, 0.343666
34.200000, -92.450000, -177.900000, 0.309896, 0.002689, 1000, 0.343613
34.200000, -92.450000, -177.900000, 0.309839, 0.002657, 1000, 0.343548
34.200000, -92.450000, -177.900000, 0.309765, 0.002654, 1000, 0.343463
34.200000, -92.450000, -177.900000, 0.309685, 0.002574, 1000, 0.343372
34.200000, -92.450000, -177.900000, 0.309654, 0.002781, 1000, 0.343337
34.200000, -92.450000, -177.900000, 0.309615, 0.002742, 1000, 0.343292
34.200000, -92.450000, -177.900000, 0.309576, 0.002629, 1000, 0.343248
34.200000, -92.450000, -177.900000, 0.309546, 0.002665, 1000, 0.343213
34.200000, -92.450000, -177.900000, 0.309557, 0.002731, 1000, 0.343226
34.200000, -92.450000, -177.900000, 0.309480, 0.002761, 1000, 0.343138
34.200000, -92.450000, -177.900000, 0.309517, 0.002417, 1000, 0.343180
34.200000, -92.450000, -177.900000, 0.309385, 0.002760, 1000, 0.343030
34.200000, -92.450000, -177.900000, 0.309351, 0.002765, 1000, 0.342991
34.200000, -92.450000, -177.900000, 0.309374, 0.002639, 1000, 0.343017
34.200000, -92.450000, -177.900000, 0.309327, 0.002623, 1000, 0.342963
34.200000, -92.450000, -177.900000, 0.309301, 0.002696, 1000, 0.342934
34.200000, -92.450000, -177.900000, 0.309263, 0.002708, 1000, 0.342890
34.200000, -92.450000, -177.900000, 0.309245, 0.002721, 1000, 0.342870
34.200000, -92.450000, -177.900000, 0.309199, 0.002754, 1000, 0.342818
34.200000, -92.450000, -177.900000, 0.309255, 0.002752, 1000, 0.342882
34.200000, -92.450000, -177.900000, 0.309271, 0.002614, 1000, 0.342899
34.200000, -92.450000, -177.900000, 0.309207, 0.002747, 1000, 0.342826
34.200000, -92.450000, -177.900000, 0.309268, 0.002546, 1000, 0.342896
34.200000, -92.450000, -177.900000, 0.309248, 0.002787, 1000, 0.342873
34.200000, -92.450000, -177.900000, 0.309329, 0.002586, 1000, 0.342966
34.200000, -92.450000, -177.900000, 0.309292, 0.002611, 1000, 0.342924
34.200000, -92.450000, -177.900000, 0.309336, 0.002625, 1000, 0.342973
34.200000, -92.450000, -177.900000, 0.309351, 0.002623, 1000, 0.342991
34.200000, -92.450000, -177.900000, 0.309374, 0.002557, 1000, 0.343017
34.200000, -92.450000, -177.900000, 0.309486, 0.002631, 1000, 0.343145
34.200000, -92.450000, -177.900000, 0.309486, 0.002564, 1000, 0.343145
34.200000, -92.450000, -177.900000, 0.309505, 0.002539, 1000, 0.343167
34.200000, -92.450000, -177.900000, 0.309569, 0.002641, 1000, 0.343239
34.200000, -92.450000, -177.900000, 0.309528, 0.002728, 1000, 0.343193
34.200000, -92.450000, -177.900000, 0.309585, 0.002638, 1000, 0.343258
34.200000, -92.450000, -177.900000, 0.309705, 0.002667, 1000, 0.343395
34.200000, -92.450000, -177.900000, 0.309666, 0.002564, 1000, 0.343350
34.200000, -92.450000, -177.900000, 0.309738, 0.002756, 1000, 0.343433
34.200000, -92.450000, -177.900000, 0.309780, 0.002688, 1000, 0.343481
34.200000, -92.450000, -177.900000, 0.309852, 0.002703, 1000, 0.343562
34.200000, -92.450000, -177.900000, 0.309876, 0.002718, 1000, 0.343590
34.200000, -92.450000, -177.900000, 0.309938, 0.002721, 1000, 0.343661
34.200000, -92.450000, -177.900000, 0.309994, 0.002584, 1000, 0.343725
34.200000, -92.450000, -177.900000, 0.309999, 0.002569, 1000, 0.343731
34.200000, -92.450000, -177.900000, 0.310086, 0.002667, 1000, 0.343830
34.200000, -92.450000, -177.900000, 0.310124, 0.002687, 1000, 0.343874
34.200000, -92.450000, -177.900000, 0.310175, 0.002704, 1000, 0.343932
34.200000, -92.450000, -177.900000, 0.310209, 0.002631, 1000, 0.343971
34.200000, -92.450000, -177.900000, 0.310209, 0.002637, 1000, 0.343971
34.200000, -92.450000, -177.900000, 0.310295, 0.002672, 1000, 0.344068
34.200000, -92.450000, -177.900000, 0.310330, 0.002807, 1000, 0.344109
34.200000, -92.450000, -177.900000, 0.310356, 0.002524, 1000, 0.344138
34.200000, -92.450000, -177.900000, 0.310397, 0.002543, 1000, 0.344185
34.200000, -92.450000, -177.900000, 0.310397, 0.002544, 1000, 0.344185
34.200000, -92.450000, -177.900000, 0.310371, 0.002619, 1000, 0.344156
34.200000, -92.450000, -177.900000, 0.310465, 0.002551, 1000, 0.344263
34.200000, -92.450000, -177.900000, 0.310448, 0.002688, 1000, 0.344243
34.200000, -92.450000, -177.900000, 0.310552, 0.002546, 1000, 0.344362
34.200000, -92.450000, -177.900000, 0.310586, 0.002679, 1000, 0.344402
34.200000, -92.450000, -177.900000, 0.310604, 0.002640, 1000, 0.344422
34.200000, -92.450000, -177.900000, 0.310616, 0.002709, 1000, 0.344435
34.200000, -92.450000, -177.900000, 0.310604, 0.002622, 1000, 0.344422
34.200000, -92.450000, -177.900000, 0.310634, 0.002776, 1000, 0.344455
34.200000, -92.450000, -177.900000, 0.310705, 0.002698, 1000, 0.344537
34.200000, -92.450000, -177.900000, 0.310677, 0.002596, 1000, 0.344505
34.200000, -92.450000, -177.900000, 0.310695, 0.002638, 1000, 0.344525
34.200000, -92.450000, -177.900000, 0.310724, 0.002638, 1000, 0.344559
34.200000, -92.450000, -177.900000, 0.310716, 0.002647, 1000, 0.344550
34.200000, -92.450000, -177.900000, 0.310802, 0.002524, 1000, 0.344647
34.200000, -92.450000, -177.900000, 0.310748, 0.002633, 1000, 0.344586
34.200000, -92.450000, -177.900000, 0.310795, 0.002646, 1000, 0.344640
34.200000, -92.450000, -177.900000, 0.310772, 0.002716, 1000, 0.344614
34.200000, -92.450000, -177.900000, 0.310808, 0.002691, 1000, 0.344655
34.200000, -92.450000, -177.900000, 0.310778, 0.002622, 1000, 0.344620
34.200000, -92.450000, -177.900000, 0.310834, 0.002544, 1000, 0.344684
34.200000, -92.450000, -177.900000, 0.310812, 0.002587, 1000, 0.344659
34.200000, -92.450000, -177.900000, 0.310900, 0.002674, 1000, 0.344759
34.200000, -92.450000, -177.900000, 0.310836, 0.002608, 1000, 0.344687
34.200000, -92.450000, -177.900000, 0.310821, 0.002584, 1000, 0.344669
34.200000, -92.450000, -177.900000, 0.310914, 0.002628, 1000, 0.344775
34.200000, -92.450000, -177.900000, 0.310891, 0.002618, 1000, 0.344749
34.200000, -92.450000, -177.900000, 0.310974, 0.002705, 1000, 0.344844
34.200000, -92.450000, -177.900000, 0.310948, 0.002637, 1000, 0.344815
34.200000, -92.450000, -177.900000, 0.310976, 0.002699, 1000, 0.344847
34.200000, -92.450000, -177.900000, 0.310923, 0.002616, 1000, 0.344786
34.200000, -92.450000, -177.900000, 0.311036, 0.002587, 1000, 0.344915
34.200000, -92.450000, -177.900000, 0.311045, 0.002654, 1000, 0.344925
34.200000, -92.450000, -177.900000, 0.310963, 0.002750, 1000, 0.344832
34.200000, -92.450000, -177.900000, 0.311112, 0.002703, 1000, 0.345002
34.200000, -92.450000, -177.900000, 0.311102, 0.002688, 1000, 0.344991
34.200000, -92.450000, -177.900000, 0.311120, 0.002635, 1000, 0.345011
34.200000, -92.450000, -177.900000, 0.311120, 0.002624, 1000, 0.345011
34.200000, -92.450000, -177.900000, 0.311157, 0.002681, 1000, 0.345053
34.200000, -92.450000, -177.900000, 0.311228, 0.002698, 1000, 0.345135
34.200000, -92.450000, -177.900000, 0.311254, 0.002728, 1000, 0.345164
34.200000, -92.450000, -177.900000, 0.311255, 0.002708, 1000, 0.345165
34.200000, -92.450000, -177.900000, 0.311283, 0.002669, 1000, 0.345197
34.200000, -92.450000, -177.900000, 0.311305, 0.002663, 1000, 0.345222
34.200000, -92.450000, -177.900000, 0.311310, 0.002627, 1000, 0.345228
34.200000, -92.450000, -177.900000, 0.311320, 0.002645, 1000, 0.345239
34.200000, -92.450000, -177.900000, 0.311320, 0.002734, 1000, 0.345239
34.200000, -92.450000, -177.900000, 0.311398, 0.002637, 1000, 0.345328
34.200000, -92.450000, -177.900000, 0.311431, 0.002661, 1000, 0.345366
34.200000, -92.450000, -177.900000, 0.311414, 0.002683, 1000, 0.345347
34.200000, -92.450000, -177.900000, 0.311453, 0.002697, 1000, 0.345391
34.200000, -92.450000, -177.900000, 0.311492, 0.002635, 1000, 0.345436
34.200000, -92.450000, -177.900000, 0.311465, 0.002699, 1000, 0.345405
34.200000, -92.450000, -177.900000, 0.311525, 0.002634, 1000, 0.345473
34.200000, -92.450000, -177.900000, 0.311553, 0.002679, 1000, 0.345505
34.200000, -92.450000, -177.900000, 0.311526, 0.002586, 1000, 0.345475
34.200000, -92.450000, -177.900000, 0.311534, 0.002596, 1000, 0.345484
34.200000, -92.450000, -177.900000, 0.311520, 0.002669, 1000, 0.345468
34.200000, -92.450000, -177.900000, 0.311561, 0.002631, 1000, 0.345514
34.200000, -92.450000, -177.900000, 0.311581, 0.002638, 1000, 0.345537
34.200000, -92.450000, -177.900000, 0.311590, 0.002663, 1000, 0.345548
34.200000, -92.450000, -177.900000, 0.311584, 0.002669, 1000, 0.345540
34.200000, -92.450000, -177.900000, 0.311605, 0.002567, 1000, 0.345565
34.200000, -92.450000, -177.900000, 0.311554, 0.002679, 1000, 0.345507
34.200000, -92.450000, -177.900000, 0.311548, 0.002608, 1000, 0.345500
34.200000, -92.450000, -177.900000, 0.311584, 0.002566, 1000, 0.345540
34.200000, -92.450000, -177.900000, 0.311613, 0.002663, 1000, 0.345574
34.200000, -92.450000, -177.900000, 0.311566, 0.002578, 1000, 0.345520
34.200000, -92.450000, -177.900000, 0.311470, 0.002586, 1000, 0.345411
34.200000, -92.450000, -177.900000, 0.311528, 0.002709, 1000, 0.345476
34.200000, -92.450000, -177.900000, 0.311560, 0.002675, 1000, 0.345513
34.200000, -92.450000, -177.900000, 0.311570, 0.002581, 1000, 0.345524
34.200000, -92.450000, -177.900000, 0.311534, 0.002714, 1000, 0.345484
34.200000, -92.450000, -177.900000, 0.311547, 0.002652, 1000, 0.345498
34.200000, -92.450000, -177.900000, 0.311530, 0.002616, 1000, 0.345479
34.200000, -92.450000, -177.900000, 0.311431, 0.002694, 1000, 0.345366
34.200000, -92.450000, -177.900000, 0.311528, 0.002587, 1000, 0.345476
34.200000, -92.450000, -177.900000, 0.311507, 0.002573, 1000, 0.345453
34.200000, -92.450000, -177.900000, 0.311507, 0.002731, 1000, 0.345453
34.200000, -92.450000, -177.900000, 0.311472, 0.002612, 1000, 0.345412
34.200000, -92.450000, -177.900000, 0.311493, 0.002683, 1000, 0.345437
34.200000, -92.450000, -177.900000, 0.311511, 0.002619, 1000, 0.345458
34.200000, -92.450000, -177.900000, 0.311490, 0.002719, 1000, 0.345433
34.200000, -92.450000, -177.900000, 0.311535, 0.002600, 1000, 0.345485
34.200000, -92.450000, -177.900000, 0.311454, 0.002643, 1000, 0.345392
34.200000, -92.450000, -177.900000, 0.311446, 0.002693, 1000, 0.345383
34.200000, -92.450000, -177.900000, 0.311523, 0.002615, 1000, 0.345471
34.200000, -92.450000, -177.900000, 0.311446, 0.002670, 1000, 0.345383
34.200000, -92.450000, -177.900000, 0.311534, 0.002614, 1000, 0.345484
34.200000, -92.450000, -177.900000, 0.311456, 0.002717, 1000, 0.345395
34.200000, -92.450000, -177.900000, 0.311478, 0.002627, 1000, 0.345420
34.200000, -92.450000, -177.900000, 0.311421, 0.002617, 1000, 0.345354
34.200000, -92.450000, -177.900000, 0.311469, 0.002627, 1000, 0.345410
34.200000, -92.450000, -177.900000, 0.311409, 0.002640, 1000, 0.345341
34.200000, -92.450000, -177.900000, 0.311445, 0.002704, 1000, 0.345382
34.200000, -92.450000, -177.900000, 0.311437, 0.002705, 1000, 0.345373
34.200000, -92.450000, -177.900000, 0.311502, 0.002645, 1000, 0.345447
34.200000, -92.450000, -177.900000, 0.311446, 0.002622, 1000, 0.345383
34.200000, -92.450000, -177.900000, 0.311465, 0.002607, 1000, 0.345405
34.200000, -92.450000, -177.900000, 0.311516, 0.002704, 1000, 0.345463
34.200000, -92.450000, -177.900000, 0.311484, 0.002806, 1000, 0.345427
34.200000, -92.450000, -177.900000, 0.311490, 0.002657, 1000, 0.345433
34.200000, -92.450000, -177.900000, 0.311491, 0.002603, 1000, 0.345434
34.200000, -92.450000, -177.900000, 0.311498, 0.002676, 1000, 0.345443
34.200000, -92.450000, -177.900000, 0.311482, 0.002730, 1000, 0.345424
34.200000, -92.450000, -177.900000, 0.311516, 0.002640, 1000, 0.345463
34.200000, -92.450000, -177.900000, 0.311482, 0.002592, 1000, 0.345424
34.200000, -92.450000, -177.900000, 0.311518, 0.002663, 1000, 0.345465
34.200000, -92.450000, -177.900000, 0.311399, 0.002644, 1000, 0.345330
34.200000, -92.450000, -177.900000, 0.311506, 0.002623, 1000, 0.345452
34.200000, -92.450000, -177.900000, 0.311405, 0.002808, 1000, 0.345337
34.200000, -92.450000, -177.900000, 0.311456, 0.002625, 1000, 0.345395
34.200000, -92.450000, -177.900000, 0.311374, 0.002726, 1000, 0.345300
34.200000, -92.450000, -177.900000, 0.311407, 0.002638, 1000, 0.345338
34.200000, -92.450000, -177.900000, 0.311332, 0.002674, 1000, 0.345252
34.200000, -92.450000, -177.900000, 0.311344, 0.002541, 1000, 0.345267
34.200000, -92.450000, -177.900000, 0.311386, 0.002674, 1000, 0.345315
34.200000, -92.450000, -177.900000, 0.311335, 0.002723, 1000, 0.345257
34.200000, -92.450000, -177.900000, 0.311329, 0.002645, 1000, 0.345250
34.200000, -92.450000, -177.900000, 0.311254, 0.002649, 1000, 0.345164
34.200000, -92.450000, -177.900000, 0.311268, 0.002626, 1000, 0.345180
34.200000, -92.450000, -177.900000, 0.311260, 0.002669, 1000, 0.345171
34.200000, -92.450000, -177.900000, 0.311236, 0.002563, 1000, 0.345143
34.200000, -92.450000, -177.900000, 0.311156, 0.002730, 1000, 0.345052
34.200000, -92.450000, -177.900000, 0.311098, 0.002586, 1000, 0.344986
34.200000, -92.450000, -177.900000, 0.311083, 0.002694, 1000, 0.344969
34.200000, -92.450000, -177.900000, 0.311056, 0.002590, 1000, 0.344938
34.200000, -92.450000, -177.900000, 0.310952, 0.002659, 1000, 0.344819
34.200000, -92.450000, -177.900000, 0.310963, 0.002728, 1000, 0.344832
34.200000, -92.450000, -177.900000, 0.310920, 0.002715, 1000, 0.344783
34.200000, -92.450000, -177.900000, 0.310870, 0.002555, 1000, 0.344726
34.200000, -92.450000, -177.900000, 0.310840, 0.002632, 1000, 0.344691
34.200000, -92.450000, -177.900000, 0.310793, 0.002580, 1000, 0.344637
34.200000, -92.450000, -177.900000, 0.310644, 0.002718, 1000, 0.344467
34.200000, -92.450000, -177.900000, 0.310704, 0.002643, 1000, 0.344535
34.200000, -92.450000, -177.900000, 0.310556, 0.002728, 1000, 0.344367
34.200000, -92.450000, -177.900000, 0.310521, 0.002709, 1000, 0.344327
34.200000, -92.450000, -177.900000, 0.310492, 0.002650, 1000, 0.344294
34.200000, -92.450000, -177.900000, 0.310369, 0.002572, 1000, 0.344153
