13.000000, -97.900000, -177.500000, 0.000000, 0.004412,0.002311,-0.005216, 0.002639,1000
13.000000, -97.900000, -177.500000, 9.000000, 0.004606,0.002258,-0.004994, 0.002578,1000
13.000000, -97.900000, -177.500000, 18.000000, 0.004624,0.002268,-0.004974, 0.002590,1000
13.000000, -97.900000, -177.500000, 27.000000, 0.004815,0.002344,-0.004756, 0.002677,1000
13.000000, -97.900000, -177.500000, 36.000000, 0.004936,0.002223,-0.004618, 0.002538,1000
13.000000, -97.900000, -177.500000, 45.000000, 0.005062,0.002197,-0.004474, 0.002509,1000
13.000000, -97.900000, -177.500000, 54.000000, 0.005031,0.002178,-0.004509, 0.002487,1000
13.000000, -97.900000, -177.500000, 63.000000, 0.005245,0.002255,-0.004264, 0.002575,1000
13.000000, -97.900000, -177.500000, 72.000000, 0.005407,0.002158,-0.004080, 0.002464,1000
13.000000, -97.900000, -177.500000, 81.000000, 0.005452,0.002228,-0.004029, 0.002544,1000
13.000000, -97.900000, -177.500000, 90.000000, 0.005571,0.002175,-0.003892, 0.002484,1000
13.000000, -97.900000, -177.500000, 99.000000, 0.005406,0.002272,-0.004081, 0.002594,1000
13.000000, -97.900000, -177.500000, 108.000000, 0.005458,0.002260,-0.004021, 0.002580,1000
13.000000, -97.900000, -177.500000, 117.000000, 0.005510,0.002210,-0.003962, 0.002523,1000
13.000000, -97.900000, -177.500000, 126.000000, 0.005471,0.002191,-0.004007, 0.002501,1000
13.000000, -97.900000, -177.500000, 135.000000, 0.005315,0.002191,-0.004184, 0.002502,1000
13.000000, -97.900000, -177.500000, 144.000000, 0.005308,0.002162,-0.004193, 0.002469,1000
13.000000, -97.900000, -177.500000, 153.000000, 0.005262,0.002194,-0.004245, 0.002505,1000
13.000000, -97.900000, -177.500000, 162.000000, 0.005144,0.002194,-0.004381, 0.002505,1000
13.000000, -97.900000, -177.500000, 171.000000, 0.005061,0.002322,-0.004475, 0.002651,1000
13.000000, -97.900000, -177.500000, 180.000000, 0.004923,0.002294,-0.004632, 0.002619,1000
13.000000, -97.900000, -177.500000, 189.000000, 0.004896,0.002267,-0.004663, 0.002589,1000
13.000000, -97.900000, -177.500000, 198.000000, 0.004735,0.002374,-0.004848, 0.002711,1000
13.000000, -97.900000, -177.500000, 207.000000, 0.004560,0.002227,-0.005047, 0.002543,1000
13.000000, -97.900000, -177.500000, 216.000000, 0.004544,0.002270,-0.005066, 0.002592,1000
13.000000, -97.900000, -177.500000, 225.000000, 0.004467,0.002283,-0.005153, 0.002607,1000
13.000000, -97.900000, -177.500000, 234.000000, 0.004428,0.002282,-0.005198, 0.002606,1000
13.000000, -97.900000, -177.500000, 243.000000, 0.004363,0.002340,-0.005272, 0.002672,1000
13.000000, -97.900000, -177.500000, 252.000000, 0.004203,0.002287,-0.005454, 0.002611,1000
13.000000, -97.900000, -177.500000, 261.000000, 0.004197,0.002274,-0.005461, 0.002597,1000
13.000000, -97.900000, -177.500000, 270.000000, 0.004146,0.002349,-0.005520, 0.002682,1000
13.000000, -97.900000, -177.500000, 279.000000, 0.004056,0.002364,-0.005623, 0.002699,1000
13.000000, -97.900000, -177.500000, 288.000000, 0.004179,0.002247,-0.005482, 0.002566,1000
13.000000, -97.900000, -177.500000, 297.000000, 0.004033,0.002287,-0.005649, 0.002611,1000
13.000000, -97.900000, -177.500000, 306.000000, 0.004105,0.002406,-0.005566, 0.002748,1000
13.000000, -97.900000, -177.500000, 315.000000, 0.004186,0.002390,-0.005474, 0.002729,1000
13.000000, -97.900000, -177.500000, 324.000000, 0.004284,0.002280,-0.005362, 0.002603,1000
13.000000, -97.900000, -177.500000, 333.000000, 0.004330,0.002298,-0.005310, 0.002624,1000
13.000000, -97.900000, -177.500000, 342.000000, 0.004364,0.002257,-0.005271, 0.002577,1000
13.000000, -97.900000, -177.500000, 351.000000, 0.004391,0.002333,-0.005240, 0.002664,1000
13.000000, -97.900000, -177.500000, 0.000000, 0.004486,0.002356,-0.005131, 0.002691,1000
14.000000, -97.900000, -177.500000, 0.000000, 0.005340,0.002212,-0.004157, 0.002526,1000
14.000000, -97.900000, -177.500000, 9.000000, 0.005456,0.002222,-0.004024, 0.002537,1000
14.000000, -97.900000, -177.500000, 18.000000, 0.005448,0.002235,-0.004033, 0.002552,1000
14.000000, -97.900000, -177.500000, 27.000000, 0.005705,0.002216,-0.003739, 0.002530,1000
14.000000, -97.900000, -177.500000, 36.000000, 0.005806,0.002214,-0.003624, 0.002528,1000
14.000000, -97.900000, -177.500000, 45.000000, 0.005877,0.002172,-0.003543, 0.002480,1000
14.000000, -97.900000, -177.500000, 54.000000, 0.006075,0.002251,-0.003317, 0.002570,1000
14.000000, -97.900000, -177.500000, 63.000000, 0.006141,0.002127,-0.003242, 0.002429,1000
14.000000, -97.900000, -177.500000, 72.000000, 0.006286,0.002231,-0.003076, 0.002548,1000
14.000000, -97.900000, -177.500000, 81.000000, 0.006376,0.002209,-0.002973, 0.002523,1000
14.000000, -97.900000, -177.500000, 90.000000, 0.006424,0.002155,-0.002919, 0.002461,1000
14.000000, -97.900000, -177.500000, 99.000000, 0.006369,0.002159,-0.002981, 0.002465,1000
14.000000, -97.900000, -177.500000, 108.000000, 0.006576,0.002234,-0.002744, 0.002551,1000
14.000000, -97.900000, -177.500000, 117.000000, 0.006523,0.002252,-0.002805, 0.002572,1000
14.000000, -97.900000, -177.500000, 126.000000, 0.006396,0.002209,-0.002951, 0.002522,1000
14.000000, -97.900000, -177.500000, 135.000000, 0.006291,0.002130,-0.003070, 0.002432,1000
14.000000, -97.900000, -177.500000, 144.000000, 0.006235,0.002154,-0.003134, 0.002460,1000
14.000000, -97.900000, -177.500000, 153.000000, 0.006049,0.002108,-0.003347, 0.002407,1000
14.000000, -97.900000, -177.500000, 162.000000, 0.006048,0.002212,-0.003348, 0.002526,1000
14.000000, -97.900000, -177.500000, 171.000000, 0.006029,0.002182,-0.003370, 0.002491,1000
14.000000, -97.900000, -177.500000, 180.000000, 0.005903,0.002232,-0.003514, 0.002549,1000
14.000000, -97.900000, -177.500000, 189.000000, 0.005771,0.002255,-0.003664, 0.002575,1000
14.000000, -97.900000, -177.500000, 198.000000, 0.005658,0.002239,-0.003793, 0.002557,1000
14.000000, -97.900000, -177.500000, 207.000000, 0.005571,0.002151,-0.003892, 0.002457,1000
14.000000, -97.900000, -177.500000, 216.000000, 0.005466,0.002255,-0.004013, 0.002575,1000
14.000000, -97.900000, -177.500000, 225.000000, 0.005372,0.002257,-0.004120, 0.002577,1000
14.000000, -97.900000, -177.500000, 234.000000, 0.005224,0.002259,-0.004289, 0.002580,1000
14.000000, -97.900000, -177.500000, 243.000000, 0.005182,0.002257,-0.004337, 0.002577,1000
14.000000, -97.900000, -177.500000, 252.000000, 0.005141,0.002268,-0.004384, 0.002589,1000
14.000000, -97.900000, -177.500000, 261.000000, 0.005030,0.002295,-0.004510, 0.002621,1000
14.000000, -97.900000, -177.500000, 270.000000, 0.005115,0.002247,-0.004413, 0.002565,1000
14.000000, -97.900000, -177.500000, 279.000000, 0.005000,0.002233,-0.004545, 0.002550,1000
14.000000, -97.900000, -177.500000, 288.000000, 0.004960,0.002203,-0.004590, 0.002516,1000
14.000000, -97.900000, -177.500000, 297.000000, 0.004942,0.002285,-0.004610, 0.002609,1000
14.000000, -97.900000, -177.500000, 306.000000, 0.004910,0.002271,-0.004647, 0.002593,1000
14.000000, -97.900000, -177.500000, 315.000000, 0.004987,0.002240,-0.004560, 0.002558,1000
14.000000, -97.900000, -177.500000, 324.000000, 0.005061,0.002344,-0.004475, 0.002676,1000
14.000000, -97.900000, -177.500000, 333.000000, 0.005169,0.002194,-0.004352, 0.002506,1000
14.000000, -97.900000, -177.500000, 342.000000, 0.005200,0.002242,-0.004317, 0.002560,1000
14.000000, -97.900000, -177.500000, 351.000000, 0.005256,0.002198,-0.004253, 0.002510,1000
14.000000, -97.900000, -177.500000, 0.000000, 0.005428,0.002169,-0.004056, 0.002477,1000
15.000000, -97.900000, -177.500000, 0.000000, 0.006390,0.002204,-0.002957, 0.002517,1000
15.000000, -97.900000, -177.500000, 9.000000, 0.006597,0.002148,-0.002721, 0.002452,1000
15.000000, -97.900000, -177.500000, 18.000000, 0.006769,0.002172,-0.002525, 0.002480,1000
15.000000, -97.900000, -177.500000, 27.000000, 0.006882,0.002260,-0.002395, 0.002581,1000
15.000000, -97.900000, -177.500000, 36.000000, 0.007008,0.002220,-0.002251, 0.002535,1000
15.000000, -97.900000, -177.500000, 45.000000, 0.007192,0.002353,-0.002042, 0.002687,1000
15.000000, -97.900000, -177.500000, 54.000000, 0.007357,0.002263,-0.001853, 0.002584,1000
15.000000, -97.900000, -177.500000, 63.000000, 0.007488,0.002225,-0.001703, 0.002541,1000
15.000000, -97.900000, -177.500000, 72.000000, 0.007746,0.002248,-0.001409, 0.002567,1000
15.000000, -97.900000, -177.500000, 81.000000, 0.007769,0.002227,-0.001383, 0.002543,1000
15.000000, -97.900000, -177.500000, 90.000000, 0.007758,0.002222,-0.001395, 0.002537,1000
15.000000, -97.900000, -177.500000, 99.000000, 0.007843,0.002253,-0.001299, 0.002572,1000
15.000000, -97.900000, -177.500000, 108.000000, 0.007909,0.002329,-0.001223, 0.002659,1000
15.000000, -97.900000, -177.500000, 117.000000, 0.007802,0.002111,-0.001345, 0.002410,1000
15.000000, -97.900000, -177.500000, 126.000000, 0.007769,0.002250,-0.001383, 0.002570,1000
15.000000, -97.900000, -177.500000, 135.000000, 0.007660,0.002265,-0.001507, 0.002586,1000
15.000000, -97.900000, -177.500000, 144.000000, 0.007567,0.002266,-0.001613, 0.002587,1000
15.000000, -97.900000, -177.500000, 153.000000, 0.007402,0.002268,-0.001802, 0.002589,1000
15.000000, -97.900000, -177.500000, 162.000000, 0.007227,0.002217,-0.002001, 0.002532,1000
15.000000, -97.900000, -177.500000, 171.000000, 0.007162,0.002189,-0.002075, 0.002499,1000
15.000000, -97.900000, -177.500000, 180.000000, 0.006979,0.002235,-0.002285, 0.002552,1000
15.000000, -97.900000, -177.500000, 189.000000, 0.006928,0.002327,-0.002343, 0.002657,1000
15.000000, -97.900000, -177.500000, 198.000000, 0.006845,0.002173,-0.002438, 0.002482,1000
15.000000, -97.900000, -177.500000, 207.000000, 0.006756,0.002297,-0.002539, 0.002623,1000
15.000000, -97.900000, -177.500000, 216.000000, 0.006575,0.002271,-0.002746, 0.002593,1000
15.000000, -97.900000, -177.500000, 225.000000, 0.006505,0.002119,-0.002826, 0.002419,1000
15.000000, -97.900000, -177.500000, 234.000000, 0.006417,0.002196,-0.002926, 0.002507,1000
15.000000, -97.900000, -177.500000, 243.000000, 0.006273,0.002126,-0.003091, 0.002428,1000
15.000000, -97.900000, -177.500000, 252.000000, 0.006235,0.002094,-0.003134, 0.002391,1000
15.000000, -97.900000, -177.500000, 261.000000, 0.006193,0.002136,-0.003182, 0.002439,1000
15.000000, -97.900000, -177.500000, 270.000000, 0.006118,0.002122,-0.003268, 0.002423,1000
15.000000, -97.900000, -177.500000, 279.000000, 0.006171,0.002193,-0.003207, 0.002504,1000
15.000000, -97.900000, -177.500000, 288.000000, 0.006005,0.002247,-0.003397, 0.002566,1000
15.000000, -97.900000, -177.500000, 297.000000, 0.006156,0.002168,-0.003224, 0.002476,1000
15.000000, -97.900000, -177.500000, 306.000000, 0.006095,0.002219,-0.003294, 0.002534,1000
15.000000, -97.900000, -177.500000, 315.000000, 0.005997,0.002217,-0.003406, 0.002532,1000
15.000000, -97.900000, -177.500000, 324.000000, 0.006168,0.002179,-0.003211, 0.002488,1000
15.000000, -97.900000, -177.500000, 333.000000, 0.006194,0.002264,-0.003181, 0.002585,1000
15.000000, -97.900000, -177.500000, 342.000000, 0.006245,0.002283,-0.003123, 0.002607,1000
15.000000, -97.900000, -177.500000, 351.000000, 0.006387,0.002080,-0.002961, 0.002376,1000
15.000000, -97.900000, -177.500000, 0.000000, 0.006459,0.002225,-0.002878, 0.002540,1000
16.000000, -97.900000, -177.500000, 0.000000, 0.008283,0.002320,-0.000795, 0.002649,1000
16.000000, -97.900000, -177.500000, 9.000000, 0.008306,0.002264,-0.000769, 0.002585,1000
16.000000, -97.900000, -177.500000, 18.000000, 0.008631,0.002266,-0.000398, 0.002587,1000
16.000000, -97.900000, -177.500000, 27.000000, 0.008648,0.002260,-0.000379, 0.002580,1000
16.000000, -97.900000, -177.500000, 36.000000, 0.008935,0.002291,-0.000051, 0.002616,1000
16.000000, -97.900000, -177.500000, 45.000000, 0.009081,0.002381,0.000115, 0.002719,1000
16.000000, -97.900000, -177.500000, 54.000000, 0.009153,0.002391,0.000198, 0.002730,1000
16.000000, -97.900000, -177.500000, 63.000000, 0.009343,0.002485,0.000415, 0.002838,1000
16.000000, -97.900000, -177.500000, 72.000000, 0.009591,0.002431,0.000698, 0.002776,1000
16.000000, -97.900000, -177.500000, 81.000000, 0.009653,0.002423,0.000768, 0.002767,1000
16.000000, -97.900000, -177.500000, 90.000000, 0.009851,0.002352,0.000995, 0.002686,1000
16.000000, -97.900000, -177.500000, 99.000000, 0.009819,0.002467,0.000959, 0.002816,1000
16.000000, -97.900000, -177.500000, 108.000000, 0.009909,0.002441,0.001060, 0.002787,1000
16.000000, -97.900000, -177.500000, 117.000000, 0.009836,0.002390,0.000978, 0.002729,1000
16.000000, -97.900000, -177.500000, 126.000000, 0.009774,0.002438,0.000906, 0.002784,1000
16.000000, -97.900000, -177.500000, 135.000000, 0.009518,0.002419,0.000614, 0.002762,1000
16.000000, -97.900000, -177.500000, 144.000000, 0.009475,0.002399,0.000566, 0.002739,1000
16.000000, -97.900000, -177.500000, 153.000000, 0.009343,0.002335,0.000415, 0.002666,1000
16.000000, -97.900000, -177.500000, 162.000000, 0.009204,0.002396,0.000256, 0.002736,1000
16.000000, -97.900000, -177.500000, 171.000000, 0.009048,0.002426,0.000077, 0.002771,1000
16.000000, -97.900000, -177.500000, 180.000000, 0.008800,0.002248,-0.000205, 0.002567,1000
16.000000, -97.900000, -177.500000, 189.000000, 0.008704,0.002312,-0.000315, 0.002640,1000
16.000000, -97.900000, -177.500000, 198.000000, 0.008553,0.002278,-0.000487, 0.002602,1000
16.000000, -97.900000, -177.500000, 207.000000, 0.008500,0.002347,-0.000548, 0.002679,1000
16.000000, -97.900000, -177.500000, 216.000000, 0.008339,0.002304,-0.000731, 0.002631,1000
16.000000, -97.900000, -177.500000, 225.000000, 0.008134,0.002261,-0.000966, 0.002582,1000
16.000000, -97.900000, -177.500000, 234.000000, 0.007948,0.002238,-0.001178, 0.002556,1000
16.000000, -97.900000, -177.500000, 243.000000, 0.007975,0.002344,-0.001147, 0.002677,1000
16.000000, -97.900000, -177.500000, 252.000000, 0.007947,0.002280,-0.001179, 0.002604,1000
16.000000, -97.900000, -177.500000, 261.000000, 0.007829,0.002274,-0.001315, 0.002597,1000
16.000000, -97.900000, -177.500000, 270.000000, 0.007818,0.002283,-0.001326, 0.002607,1000
16.000000, -97.900000, -177.500000, 279.000000, 0.007733,0.002197,-0.001424, 0.002508,1000
16.000000, -97.900000, -177.500000, 288.000000, 0.007702,0.002274,-0.001459, 0.002597,1000
16.000000, -97.900000, -177.500000, 297.000000, 0.007709,0.002212,-0.001451, 0.002526,1000
16.000000, -97.900000, -177.500000, 306.000000, 0.007865,0.002312,-0.001272, 0.002640,1000
16.000000, -97.900000, -177.500000, 315.000000, 0.007784,0.002287,-0.001366, 0.002612,1000
16.000000, -97.900000, -177.500000, 324.000000, 0.007881,0.002286,-0.001255, 0.002610,1000
16.000000, -97.900000, -177.500000, 333.000000, 0.007953,0.002192,-0.001172, 0.002503,1000
16.000000, -97.900000, -177.500000, 342.000000, 0.008069,0.002314,-0.001040, 0.002642,1000
16.000000, -97.900000, -177.500000, 351.000000, 0.008228,0.002261,-0.000858, 0.002582,1000
16.000000, -97.900000, -177.500000, 0.000000, 0.008333,0.002299,-0.000739, 0.002625,1000
17.000000, -97.900000, -177.500000, 0.000000, 0.010733,0.002510,0.002002, 0.002866,1000
17.000000, -97.900000, -177.500000, 9.000000, 0.010966,0.002476,0.002268, 0.002828,1000
17.000000, -97.900000, -177.500000, 18.000000, 0.010948,0.002563,0.002247, 0.002926,1000
17.000000, -97.900000, -177.500000, 27.000000, 0.011375,0.002602,0.002735, 0.002972,1000
17.000000, -97.900000, -177.500000, 36.000000, 0.011619,0.002521,0.003014, 0.002879,1000
17.000000, -97.900000, -177.500000, 45.000000, 0.011792,0.002421,0.003212, 0.002765,1000
17.000000, -97.900000, -177.500000, 54.000000, 0.012195,0.002458,0.003671, 0.002807,1000
17.000000, -97.900000, -177.500000, 63.000000, 0.012011,0.002617,0.003462, 0.002988,1000
17.000000, -97.900000, -177.500000, 72.000000, 0.012493,0.002587,0.004012, 0.002954,1000
17.000000, -97.900000, -177.500000, 81.000000, 0.012548,0.002568,0.004074, 0.002932,1000
17.000000, -97.900000, -177.500000, 90.000000, 0.012629,0.002555,0.004167, 0.002917,1000
17.000000, -97.900000, -177.500000, 99.000000, 0.012754,0.002378,0.004310, 0.002716,1000
17.000000, -97.900000, -177.500000, 108.000000, 0.012820,0.002438,0.004385, 0.002784,1000
17.000000, -97.900000, -177.500000, 117.000000, 0.012597,0.002529,0.004131, 0.002888,1000
17.000000, -97.900000, -177.500000, 126.000000, 0.012511,0.002550,0.004032, 0.002912,1000
17.000000, -97.900000, -177.500000, 135.000000, 0.012303,0.002462,0.003795, 0.002811,1000
17.000000, -97.900000, -177.500000, 144.000000, 0.012354,0.002534,0.003853, 0.002894,1000
17.000000, -97.900000, -177.500000, 153.000000, 0.011973,0.002471,0.003418, 0.002821,1000
17.000000, -97.900000, -177.500000, 162.000000, 0.011818,0.002635,0.003241, 0.003009,1000
17.000000, -97.900000, -177.500000, 171.000000, 0.011595,0.002531,0.002986, 0.002890,1000
17.000000, -97.900000, -177.500000, 180.000000, 0.011498,0.002544,0.002876, 0.002906,1000
17.000000, -97.900000, -177.500000, 189.000000, 0.011269,0.002567,0.002614, 0.002931,1000
17.000000, -97.900000, -177.500000, 198.000000, 0.011042,0.002473,0.002355, 0.002824,1000
17.000000, -97.900000, -177.500000, 207.000000, 0.010936,0.002582,0.002234, 0.002948,1000
17.000000, -97.900000, -177.500000, 216.000000, 0.010673,0.002499,0.001933, 0.002853,1000
17.000000, -97.900000, -177.500000, 225.000000, 0.010553,0.002494,0.001796, 0.002848,1000
17.000000, -97.900000, -177.500000, 234.000000, 0.010408,0.002487,0.001631, 0.002840,1000
17.000000, -97.900000, -177.500000, 243.000000, 0.010384,0.002456,0.001603, 0.002805,1000
17.000000, -97.900000, -177.500000, 252.000000, 0.010251,0.002485,0.001452, 0.002837,1000
17.000000, -97.900000, -177.500000, 261.000000, 0.010133,0.002484,0.001316, 0.002836,1000
17.000000, -97.900000, -177.500000, 270.000000, 0.010251,0.002545,0.001452, 0.002906,1000
17.000000, -97.900000, -177.500000, 279.000000, 0.010107,0.002501,0.001287, 0.002856,1000
17.000000, -97.900000, -177.500000, 288.000000, 0.009881,0.002434,0.001028, 0.002779,1000
17.000000, -97.900000, -177.500000, 297.000000, 0.009877,0.002424,0.001024, 0.002768,1000
17.000000, -97.900000, -177.500000, 306.000000, 0.010082,0.002505,0.001258, 0.002861,1000
17.000000, -97.900000, -177.500000, 315.000000, 0.010096,0.002372,0.001274, 0.002709,1000
17.000000, -97.900000, -177.500000, 324.000000, 0.010221,0.002449,0.001417, 0.002797,1000
17.000000, -97.900000, -177.500000, 333.000000, 0.010176,0.002524,0.001366, 0.002882,1000
17.000000, -97.900000, -177.500000, 342.000000, 0.010465,0.002490,0.001696, 0.002843,1000
17.000000, -97.900000, -177.500000, 351.000000, 0.010594,0.002537,0.001843, 0.002897,1000
17.000000, -97.900000, -177.500000, 0.000000, 0.010706,0.002525,0.001971, 0.002883,1000
18.000000, -97.900000, -177.500000, 0.000000, 0.014293,0.002517,0.006067, 0.002874,1000
18.000000, -97.900000, -177.500000, 9.000000, 0.014607,0.002379,0.006426, 0.002717,1000
18.000000, -97.900000, -177.500000, 18.000000, 0.014697,0.002380,0.006528, 0.002717,1000
18.000000, -97.900000, -177.500000, 27.000000, 0.015011,0.002496,0.006887, 0.002850,1000
18.000000, -97.900000, -177.500000, 36.000000, 0.015238,0.002496,0.007146, 0.002850,1000
18.000000, -97.900000, -177.500000, 45.000000, 0.015502,0.002366,0.007447, 0.002702,1000
18.000000, -97.900000, -177.500000, 54.000000, 0.015829,0.002389,0.007821, 0.002728,1000
18.000000, -97.900000, -177.500000, 63.000000, 0.016039,0.002467,0.008061, 0.002817,1000
18.000000, -97.900000, -177.500000, 72.000000, 0.016033,0.002506,0.008054, 0.002862,1000
18.000000, -97.900000, -177.500000, 81.000000, 0.016216,0.002522,0.008263, 0.002880,1000
18.000000, -97.900000, -177.500000, 90.000000, 0.016490,0.002459,0.008576, 0.002808,1000
18.000000, -97.900000, -177.500000, 99.000000, 0.016397,0.002457,0.008470, 0.002806,1000
18.000000, -97.900000, -177.500000, 108.000000, 0.016540,0.002533,0.008632, 0.002892,1000
18.000000, -97.900000, -177.500000, 117.000000, 0.016329,0.002496,0.008392, 0.002851,1000
18.000000, -97.900000, -177.500000, 126.000000, 0.016115,0.002449,0.008148, 0.002797,1000
18.000000, -97.900000, -177.500000, 135.000000, 0.016133,0.002536,0.008168, 0.002896,1000
18.000000, -97.900000, -177.500000, 144.000000, 0.015895,0.002561,0.007896, 0.002924,1000
18.000000, -97.900000, -177.500000, 153.000000, 0.015500,0.002430,0.007446, 0.002774,1000
18.000000, -97.900000, -177.500000, 162.000000, 0.015429,0.002619,0.007364, 0.002991,1000
18.000000, -97.900000, -177.500000, 171.000000, 0.015242,0.002442,0.007150, 0.002789,1000
18.000000, -97.900000, -177.500000, 180.000000, 0.015016,0.002464,0.006893, 0.002814,1000
18.000000, -97.900000, -177.500000, 189.000000, 0.014865,0.002460,0.006720, 0.002809,1000
18.000000, -97.900000, -177.500000, 198.000000, 0.014666,0.002445,0.006493, 0.002792,1000
18.000000, -97.900000, -177.500000, 207.000000, 0.014326,0.002482,0.006105, 0.002834,1000
18.000000, -97.900000, -177.500000, 216.000000, 0.014269,0.002499,0.006039, 0.002853,1000
18.000000, -97.900000, -177.500000, 225.000000, 0.014094,0.002459,0.005840, 0.002808,1000
18.000000, -97.900000, -177.500000, 234.000000, 0.013942,0.002367,0.005667, 0.002703,1000
18.000000, -97.900000, -177.500000, 243.000000, 0.013927,0.002421,0.005649, 0.002764,1000
18.000000, -97.900000, -177.500000, 252.000000, 0.013630,0.002533,0.005310, 0.002892,1000
18.000000, -97.900000, -177.500000, 261.000000, 0.013630,0.002468,0.005310, 0.002818,1000
18.000000, -97.900000, -177.500000, 270.000000, 0.013499,0.002428,0.005161, 0.002772,1000
18.000000, -97.900000, -177.500000, 279.000000, 0.013525,0.002456,0.005190, 0.002805,1000
18.000000, -97.900000, -177.500000, 288.000000, 0.013409,0.002494,0.005057, 0.002848,1000
18.000000, -97.900000, -177.500000, 297.000000, 0.013306,0.002447,0.004940, 0.002794,1000
18.000000, -97.900000, -177.500000, 306.000000, 0.013448,0.002538,0.005102, 0.002898,1000
18.000000, -97.900000, -177.500000, 315.000000, 0.013545,0.002423,0.005213, 0.002767,1000
18.000000, -97.900000, -177.500000, 324.000000, 0.013739,0.002553,0.005434, 0.002915,1000
18.000000, -97.900000, -177.500000, 333.000000, 0.013635,0.002406,0.005316, 0.002748,1000
18.000000, -97.900000, -177.500000, 342.000000, 0.013834,0.002587,0.005543, 0.002954,1000
18.000000, -97.900000, -177.500000, 351.000000, 0.014004,0.002431,0.005737, 0.002775,1000
18.000000, -97.900000, -177.500000, 0.000000, 0.014162,0.002378,0.005917, 0.002715,1000
19.000000, -97.900000, -177.500000, 0.000000, 0.018909,0.002491,0.011338, 0.002845,1000
19.000000, -97.900000, -177.500000, 9.000000, 0.019018,0.002488,0.011463, 0.002841,1000
19.000000, -97.900000, -177.500000, 18.000000, 0.019334,0.002506,0.011824, 0.002862,1000
19.000000, -97.900000, -177.500000, 27.000000, 0.019692,0.002529,0.012232, 0.002888,1000
19.000000, -97.900000, -177.500000, 36.000000, 0.019916,0.002495,0.012488, 0.002849,1000
19.000000, -97.900000, -177.500000, 45.000000, 0.020456,0.002623,0.013105, 0.002995,1000
19.000000, -97.900000, -177.500000, 54.000000, 0.020548,0.002481,0.013210, 0.002833,1000
19.000000, -97.900000, -177.500000, 63.000000, 0.021009,0.002586,0.013736, 0.002953,1000
19.000000, -97.900000, -177.500000, 72.000000, 0.021175,0.002458,0.013925, 0.002807,1000
19.000000, -97.900000, -177.500000, 81.000000, 0.021241,0.002556,0.014001, 0.002918,1000
19.000000, -97.900000, -177.500000, 90.000000, 0.021338,0.002462,0.014111, 0.002812,1000
19.000000, -97.900000, -177.500000, 99.000000, 0.021517,0.002466,0.014316, 0.002816,1000
19.000000, -97.900000, -177.500000, 108.000000, 0.021317,0.002495,0.014088, 0.002849,1000
19.000000, -97.900000, -177.500000, 117.000000, 0.021297,0.002527,0.014065, 0.002885,1000
19.000000, -97.900000, -177.500000, 126.000000, 0.021044,0.002533,0.013775, 0.002893,1000
19.000000, -97.900000, -177.500000, 135.000000, 0.020754,0.002481,0.013445, 0.002833,1000
19.000000, -97.900000, -177.500000, 144.000000, 0.020742,0.002612,0.013431, 0.002983,1000
19.000000, -97.900000, -177.500000, 153.000000, 0.020525,0.002558,0.013183, 0.002921,1000
19.000000, -97.900000, -177.500000, 162.000000, 0.020205,0.002497,0.012818, 0.002851,1000
19.000000, -97.900000, -177.500000, 171.000000, 0.020072,0.002480,0.012666, 0.002831,1000
19.000000, -97.900000, -177.500000, 180.000000, 0.019800,0.002576,0.012356, 0.002942,1000
19.000000, -97.900000, -177.500000, 189.000000, 0.019538,0.002611,0.012056, 0.002981,1000
19.000000, -97.900000, -177.500000, 198.000000, 0.019287,0.002526,0.011770, 0.002884,1000
19.000000, -97.900000, -177.500000, 207.000000, 0.019046,0.002575,0.011495, 0.002941,1000
19.000000, -97.900000, -177.500000, 216.000000, 0.018815,0.002479,0.011230, 0.002831,1000
19.000000, -97.900000, -177.500000, 225.000000, 0.018645,0.002469,0.011037, 0.002819,1000
19.000000, -97.900000, -177.500000, 234.000000, 0.018593,0.002448,0.010977, 0.002795,1000
19.000000, -97.900000, -177.500000, 243.000000, 0.018329,0.002447,0.010676, 0.002794,1000
19.000000, -97.900000, -177.500000, 252.000000, 0.018209,0.002543,0.010539, 0.002903,1000
19.000000, -97.900000, -177.500000, 261.000000, 0.018106,0.002539,0.010421, 0.002899,1000
19.000000, -97.900000, -177.500000, 270.000000, 0.017955,0.002497,0.010248, 0.002851,1000
19.000000, -97.900000, -177.500000, 279.000000, 0.018173,0.002574,0.010497, 0.002939,1000
19.000000, -97.900000, -177.500000, 288.000000, 0.017860,0.002438,0.010141, 0.002783,1000
19.000000, -97.900000, -177.500000, 297.000000, 0.017915,0.002502,0.010203, 0.002857,1000
19.000000, -97.900000, -177.500000, 306.000000, 0.017931,0.002505,0.010221, 0.002860,1000
19.000000, -97.900000, -177.500000, 315.000000, 0.018081,0.002410,0.010392, 0.002752,1000
19.000000, -97.900000, -177.500000, 324.000000, 0.018211,0.002483,0.010541, 0.002835,1000
19.000000, -97.900000, -177.500000, 333.000000, 0.018239,0.002394,0.010573, 0.002734,1000
19.000000, -97.900000, -177.500000, 342.000000, 0.018465,0.002519,0.010832, 0.002876,1000
19.000000, -97.900000, -177.500000, 351.000000, 0.018718,0.002445,0.011120, 0.002792,1000
19.000000, -97.900000, -177.500000, 0.000000, 0.018911,0.002446,0.011341, 0.002793,1000
20.000000, -97.900000, -177.500000, 0.000000, 0.024821,0.002478,0.018089, 0.002830,1000
20.000000, -97.900000, -177.500000, 9.000000, 0.025332,0.002461,0.018673, 0.002810,1000
20.000000, -97.900000, -177.500000, 18.000000, 0.025345,0.002424,0.018687, 0.002768,1000
20.000000, -97.900000, -177.500000, 27.000000, 0.025847,0.002446,0.019260, 0.002793,1000
20.000000, -97.900000, -177.500000, 36.000000, 0.026035,0.002456,0.019475, 0.002804,1000
20.000000, -97.900000, -177.500000, 45.000000, 0.026393,0.002453,0.019884, 0.002801,1000
20.000000, -97.900000, -177.500000, 54.000000, 0.026718,0.002460,0.020255, 0.002809,1000
20.000000, -97.900000, -177.500000, 63.000000, 0.027035,0.002478,0.020617, 0.002829,1000
20.000000, -97.900000, -177.500000, 72.000000, 0.027298,0.002481,0.020917, 0.002834,1000
20.000000, -97.900000, -177.500000, 81.000000, 0.027671,0.002472,0.021343, 0.002822,1000
20.000000, -97.900000, -177.500000, 90.000000, 0.027746,0.002484,0.021429, 0.002836,1000
20.000000, -97.900000, -177.500000, 99.000000, 0.027720,0.002588,0.021400, 0.002955,1000
20.000000, -97.900000, -177.500000, 108.000000, 0.027644,0.002453,0.021312, 0.002801,1000
20.000000, -97.900000, -177.500000, 117.000000, 0.027685,0.002434,0.021359, 0.002779,1000
20.000000, -97.900000, -177.500000, 126.000000, 0.027326,0.002501,0.020949, 0.002856,1000
20.000000, -97.900000, -177.500000, 135.000000, 0.027121,0.002473,0.020715, 0.002824,1000
20.000000, -97.900000, -177.500000, 144.000000, 0.026938,0.002458,0.020507, 0.002807,1000
20.000000, -97.900000, -177.500000, 153.000000, 0.026379,0.002591,0.019868, 0.002958,1000
20.000000, -97.900000, -177.500000, 162.000000, 0.026332,0.002567,0.019814, 0.002932,1000
20.000000, -97.900000, -177.500000, 171.000000, 0.026020,0.002537,0.019458, 0.002897,1000
20.000000, -97.900000, -177.500000, 180.000000, 0.025815,0.002364,0.019224, 0.002699,1000
20.000000, -97.900000, -177.500000, 189.000000, 0.025400,0.002397,0.018750, 0.002737,1000
20.000000, -97.900000, -177.500000, 198.000000, 0.025156,0.002507,0.018472, 0.002863,1000
20.000000, -97.900000, -177.500000, 207.000000, 0.025000,0.002564,0.018293, 0.002928,1000
20.000000, -97.900000, -177.500000, 216.000000, 0.024751,0.002495,0.018009, 0.002849,1000
20.000000, -97.900000, -177.500000, 225.000000, 0.024592,0.002427,0.017828, 0.002772,1000
20.000000, -97.900000, -177.500000, 234.000000, 0.024576,0.002466,0.017809, 0.002816,1000
20.000000, -97.900000, -177.500000, 243.000000, 0.024450,0.002377,0.017665, 0.002715,1000
20.000000, -97.900000, -177.500000, 252.000000, 0.024164,0.002505,0.017339, 0.002860,1000
20.000000, -97.900000, -177.500000, 261.000000, 0.024069,0.002478,0.017230, 0.002829,1000
20.000000, -97.900000, -177.500000, 270.000000, 0.023929,0.002521,0.017070, 0.002879,1000
20.000000, -97.900000, -177.500000, 279.000000, 0.023903,0.002555,0.017041, 0.002917,1000
20.000000, -97.900000, -177.500000, 288.000000, 0.023808,0.002495,0.016932, 0.002850,1000
20.000000, -97.900000, -177.500000, 297.000000, 0.023590,0.002504,0.016683, 0.002859,1000
20.000000, -97.900000, -177.500000, 306.000000, 0.023777,0.002401,0.016897, 0.002742,1000
20.000000, -97.900000, -177.500000, 315.000000, 0.023988,0.002489,0.017138, 0.002842,1000
20.000000, -97.900000, -177.500000, 324.000000, 0.024024,0.002466,0.017179, 0.002816,1000
20.000000, -97.900000, -177.500000, 333.000000, 0.024279,0.002430,0.017470, 0.002775,1000
20.000000, -97.900000, -177.500000, 342.000000, 0.024428,0.002481,0.017640, 0.002833,1000
20.000000, -97.900000, -177.500000, 351.000000, 0.024564,0.002486,0.017796, 0.002839,1000
20.000000, -97.900000, -177.500000, 0.000000, 0.024923,0.002442,0.018206, 0.002789,1000
21.000000, -97.900000, -177.500000, 0.000000, 0.032635,0.002546,0.027011, 0.002907,1000
21.000000, -97.900000, -177.500000, 9.000000, 0.032776,0.002476,0.027172, 0.002827,1000
21.000000, -97.900000, -177.500000, 18.000000, 0.033255,0.002580,0.027719, 0.002946,1000
21.000000, -97.900000, -177.500000, 27.000000, 0.033468,0.002486,0.027962, 0.002839,1000
21.000000, -97.900000, -177.500000, 36.000000, 0.033599,0.002501,0.028112, 0.002856,1000
21.000000, -97.900000, -177.500000, 45.000000, 0.034255,0.002485,0.028861, 0.002838,1000
21.000000, -97.900000, -177.500000, 54.000000, 0.034604,0.002434,0.029260, 0.002780,1000
21.000000, -97.900000, -177.500000, 63.000000, 0.034806,0.002468,0.029491, 0.002818,1000
21.000000, -97.900000, -177.500000, 72.000000, 0.035320,0.002469,0.030077, 0.002820,1000
21.000000, -97.900000, -177.500000, 81.000000, 0.035342,0.002514,0.030103, 0.002871,1000
21.000000, -97.900000, -177.500000, 90.000000, 0.035675,0.002497,0.030483, 0.002851,1000
21.000000, -97.900000, -177.500000, 99.000000, 0.035629,0.002446,0.030430, 0.002793,1000
21.000000, -97.900000, -177.500000, 108.000000, 0.035609,0.002399,0.030407, 0.002739,1000
21.000000, -97.900000, -177.500000, 117.000000, 0.035537,0.002392,0.030326, 0.002731,1000
21.000000, -97.900000, -177.500000, 126.000000, 0.035183,0.002453,0.029921, 0.002801,1000
21.000000, -97.900000, -177.500000, 135.000000, 0.034871,0.002365,0.029565, 0.002701,1000
21.000000, -97.900000, -177.500000, 144.000000, 0.034644,0.002447,0.029306, 0.002795,1000
21.000000, -97.900000, -177.500000, 153.000000, 0.034433,0.002507,0.029065, 0.002863,1000
21.000000, -97.900000, -177.500000, 162.000000, 0.034131,0.002452,0.028720, 0.002800,1000
21.000000, -97.900000, -177.500000, 171.000000, 0.033813,0.002495,0.028356, 0.002849,1000
21.000000, -97.900000, -177.500000, 180.000000, 0.033392,0.002506,0.027876, 0.002861,1000
21.000000, -97.900000, -177.500000, 189.000000, 0.033119,0.002467,0.027564, 0.002818,1000
21.000000, -97.900000, -177.500000, 198.000000, 0.032868,0.002521,0.027277, 0.002879,1000
21.000000, -97.900000, -177.500000, 207.000000, 0.032413,0.002438,0.026758, 0.002784,1000
21.000000, -97.900000, -177.500000, 216.000000, 0.032274,0.002486,0.026599, 0.002838,1000
21.000000, -97.900000, -177.500000, 225.000000, 0.032106,0.002579,0.026407, 0.002945,1000
21.000000, -97.900000, -177.500000, 234.000000, 0.031795,0.002610,0.026053, 0.002980,1000
21.000000, -97.900000, -177.500000, 243.000000, 0.031618,0.002568,0.025850, 0.002933,1000
21.000000, -97.900000, -177.500000, 252.000000, 0.031598,0.002529,0.025827, 0.002888,1000
21.000000, -97.900000, -177.500000, 261.000000, 0.031491,0.002670,0.025705, 0.003049,1000
21.000000, -97.900000, -177.500000, 270.000000, 0.031295,0.002495,0.025481, 0.002849,1000
21.000000, -97.900000, -177.500000, 279.000000, 0.031244,0.002599,0.025423, 0.002967,1000
21.000000, -97.900000, -177.500000, 288.000000, 0.031027,0.002511,0.025176, 0.002868,1000
21.000000, -97.900000, -177.500000, 297.000000, 0.031222,0.002515,0.025398, 0.002872,1000
21.000000, -97.900000, -177.500000, 306.000000, 0.031088,0.002619,0.025245, 0.002991,1000
21.000000, -97.900000, -177.500000, 315.000000, 0.031404,0.002579,0.025606, 0.002945,1000
21.000000, -97.900000, -177.500000, 324.000000, 0.031473,0.002489,0.025685, 0.002842,1000
21.000000, -97.900000, -177.500000, 333.000000, 0.031605,0.002549,0.025836, 0.002911,1000
21.000000, -97.900000, -177.500000, 342.000000, 0.032047,0.002586,0.026341, 0.002953,1000
21.000000, -97.900000, -177.500000, 351.000000, 0.032140,0.002554,0.026447, 0.002916,1000
21.000000, -97.900000, -177.500000, 0.000000, 0.032614,0.002532,0.026988, 0.002892,1000
22.000000, -97.900000, -177.500000, 0.000000, 0.041816,0.002512,0.037495, 0.002868,1000
22.000000, -97.900000, -177.500000, 9.000000, 0.042107,0.002517,0.037828, 0.002874,1000
22.000000, -97.900000, -177.500000, 18.000000, 0.042222,0.002547,0.037959, 0.002908,1000
22.000000, -97.900000, -177.500000, 27.000000, 0.042971,0.002628,0.038814, 0.003001,1000
22.000000, -97.900000, -177.500000, 36.000000, 0.043233,0.002433,0.039114, 0.002778,1000
22.000000, -97.900000, -177.500000, 45.000000, 0.043722,0.002555,0.039672, 0.002917,1000
22.000000, -97.900000, -177.500000, 54.000000, 0.044066,0.002558,0.040065, 0.002921,1000
22.000000, -97.900000, -177.500000, 63.000000, 0.044359,0.002570,0.040399, 0.002935,1000
22.000000, -97.900000, -177.500000, 72.000000, 0.044648,0.002442,0.040730, 0.002788,1000
22.000000, -97.900000, -177.500000, 81.000000, 0.044935,0.002571,0.041057, 0.002936,1000
22.000000, -97.900000, -177.500000, 90.000000, 0.045281,0.002542,0.041452, 0.002902,1000
22.000000, -97.900000, -177.500000, 99.000000, 0.045140,0.002467,0.041291, 0.002817,1000
22.000000, -97.900000, -177.500000, 108.000000, 0.045234,0.002473,0.041399, 0.002824,1000
22.000000, -97.900000, -177.500000, 117.000000, 0.045010,0.002548,0.041143, 0.002910,1000
22.000000, -97.900000, -177.500000, 126.000000, 0.044629,0.002610,0.040708, 0.002980,1000
22.000000, -97.900000, -177.500000, 135.000000, 0.044431,0.002576,0.040481, 0.002941,1000
22.000000, -97.900000, -177.500000, 144.000000, 0.044247,0.002569,0.040271, 0.002934,1000
22.000000, -97.900000, -177.500000, 153.000000, 0.043663,0.002515,0.039604, 0.002872,1000
22.000000, -97.900000, -177.500000, 162.000000, 0.043570,0.002505,0.039498, 0.002861,1000
22.000000, -97.900000, -177.500000, 171.000000, 0.043066,0.002529,0.038923, 0.002888,1000
22.000000, -97.900000, -177.500000, 180.000000, 0.042812,0.002556,0.038632, 0.002919,1000
22.000000, -97.900000, -177.500000, 189.000000, 0.042445,0.002538,0.038213, 0.002898,1000
22.000000, -97.900000, -177.500000, 198.000000, 0.042046,0.002494,0.037758, 0.002848,1000
22.000000, -97.900000, -177.500000, 207.000000, 0.041765,0.002534,0.037437, 0.002894,1000
22.000000, -97.900000, -177.500000, 216.000000, 0.041504,0.002560,0.037138, 0.002923,1000
22.000000, -97.900000, -177.500000, 225.000000, 0.041276,0.002527,0.036878, 0.002886,1000
22.000000, -97.900000, -177.500000, 234.000000, 0.041207,0.002593,0.036800, 0.002961,1000
22.000000, -97.900000, -177.500000, 243.000000, 0.040737,0.002658,0.036263, 0.003035,1000
22.000000, -97.900000, -177.500000, 252.000000, 0.040863,0.002484,0.036407, 0.002836,1000
22.000000, -97.900000, -177.500000, 261.000000, 0.040558,0.002455,0.036059, 0.002804,1000
22.000000, -97.900000, -177.500000, 270.000000, 0.040420,0.002498,0.035901, 0.002853,1000
22.000000, -97.900000, -177.500000, 279.000000, 0.040370,0.002581,0.035844, 0.002947,1000
22.000000, -97.900000, -177.500000, 288.000000, 0.040358,0.002546,0.035831, 0.002907,1000
22.000000, -97.900000, -177.500000, 297.000000, 0.040243,0.002559,0.035699, 0.002922,1000
22.000000, -97.900000, -177.500000, 306.000000, 0.040285,0.002549,0.035747, 0.002910,1000
22.000000, -97.900000, -177.500000, 315.000000, 0.040509,0.002376,0.036003, 0.002713,1000
22.000000, -97.900000, -177.500000, 324.000000, 0.040608,0.002440,0.036116, 0.002787,1000
22.000000, -97.900000, -177.500000, 333.000000, 0.040929,0.002549,0.036483, 0.002911,1000
22.000000, -97.900000, -177.500000, 342.000000, 0.041032,0.002512,0.036600, 0.002868,1000
22.000000, -97.900000, -177.500000, 351.000000, 0.041442,0.002494,0.037069, 0.002848,1000
22.000000, -97.900000, -177.500000, 0.000000, 0.041681,0.002549,0.037341, 0.002911,1000
23.000000, -97.900000, -177.500000, 0.000000, 0.052906,0.002521,0.050159, 0.002878,1000
23.000000, -97.900000, -177.500000, 9.000000, 0.053256,0.002429,0.050559, 0.002774,1000
23.000000, -97.900000, -177.500000, 18.000000, 0.053719,0.002620,0.051087, 0.002991,1000
23.000000, -97.900000, -177.500000, 27.000000, 0.054176,0.002548,0.051609, 0.002909,1000
23.000000, -97.900000, -177.500000, 36.000000, 0.054594,0.002514,0.052086, 0.002870,1000
23.000000, -97.900000, -177.500000, 45.000000, 0.054934,0.002496,0.052474, 0.002851,1000
23.000000, -97.900000, -177.500000, 54.000000, 0.055527,0.002453,0.053152, 0.002801,1000
23.000000, -97.900000, -177.500000, 63.000000, 0.055963,0.002451,0.053650, 0.002798,1000
23.000000, -97.900000, -177.500000, 72.000000, 0.056083,0.002484,0.053786, 0.002836,1000
23.000000, -97.900000, -177.500000, 81.000000, 0.056411,0.002462,0.054162, 0.002811,1000
23.000000, -97.900000, -177.500000, 90.000000, 0.056702,0.002489,0.054493, 0.002842,1000
23.000000, -97.900000, -177.500000, 99.000000, 0.056656,0.002437,0.054441, 0.002783,1000
23.000000, -97.900000, -177.500000, 108.000000, 0.056530,0.002465,0.054297, 0.002815,1000
23.000000, -97.900000, -177.500000, 117.000000, 0.056357,0.002516,0.054099, 0.002873,1000
23.000000, -97.900000, -177.500000, 126.000000, 0.055800,0.002494,0.053463, 0.002848,1000
23.000000, -97.900000, -177.500000, 135.000000, 0.055898,0.002540,0.053575, 0.002901,1000
23.000000, -97.900000, -177.500000, 144.000000, 0.055499,0.002594,0.053120, 0.002962,1000
23.000000, -97.900000, -177.500000, 153.000000, 0.055094,0.002493,0.052658, 0.002847,1000
23.000000, -97.900000, -177.500000, 162.000000, 0.054859,0.002458,0.052389, 0.002806,1000
23.000000, -97.900000, -177.500000, 171.000000, 0.054492,0.002464,0.051970, 0.002814,1000
23.000000, -97.900000, -177.500000, 180.000000, 0.054046,0.002484,0.051461, 0.002837,1000
23.000000, -97.900000, -177.500000, 189.000000, 0.053596,0.002558,0.050947, 0.002921,1000
23.000000, -97.900000, -177.500000, 198.000000, 0.053348,0.002527,0.050664, 0.002886,1000
23.000000, -97.900000, -177.500000, 207.000000, 0.052872,0.002470,0.050120, 0.002821,1000
23.000000, -97.900000, -177.500000, 216.000000, 0.052416,0.002525,0.049599, 0.002883,1000
23.000000, -97.900000, -177.500000, 225.000000, 0.052193,0.002605,0.049344, 0.002975,1000
23.000000, -97.900000, -177.500000, 234.000000, 0.051884,0.002535,0.048992, 0.002894,1000
23.000000, -97.900000, -177.500000, 243.000000, 0.051862,0.002464,0.048966, 0.002814,1000
23.000000, -97.900000, -177.500000, 252.000000, 0.051751,0.002481,0.048840, 0.002833,1000
23.000000, -97.900000, -177.500000, 261.000000, 0.051474,0.002543,0.048524, 0.002904,1000
23.000000, -97.900000, -177.500000, 270.000000, 0.051397,0.002556,0.048435, 0.002918,1000
23.000000, -97.900000, -177.500000, 279.000000, 0.051281,0.002414,0.048303, 0.002757,1000
23.000000, -97.900000, -177.500000, 288.000000, 0.051183,0.002559,0.048191, 0.002922,1000
23.000000, -97.900000, -177.500000, 297.000000, 0.051151,0.002440,0.048155, 0.002787,1000
23.000000, -97.900000, -177.500000, 306.000000, 0.051189,0.002436,0.048198, 0.002782,1000
23.000000, -97.900000, -177.500000, 315.000000, 0.051492,0.002600,0.048544, 0.002969,1000
23.000000, -97.900000, -177.500000, 324.000000, 0.051692,0.002552,0.048773, 0.002914,1000
23.000000, -97.900000, -177.500000, 333.000000, 0.051758,0.002615,0.048848, 0.002986,1000
23.000000, -97.900000, -177.500000, 342.000000, 0.052109,0.002525,0.049248, 0.002883,1000
23.000000, -97.900000, -177.500000, 351.000000, 0.052478,0.002531,0.049670, 0.002890,1000
23.000000, -97.900000, -177.500000, 0.000000, 0.053026,0.002566,0.050296, 0.002931,1000
24.000000, -97.900000, -177.500000, 0.000000, 0.065578,0.002465,0.064629, 0.002815,1000
24.000000, -97.900000, -177.500000, 9.000000, 0.066025,0.002424,0.065140, 0.002767,1000
24.000000, -97.900000, -177.500000, 18.000000, 0.066368,0.002483,0.065531, 0.002835,1000
24.000000, -97.900000, -177.500000, 27.000000, 0.066689,0.002373,0.065898, 0.002709,1000
24.000000, -97.900000, -177.500000, 36.000000, 0.067255,0.002566,0.066543, 0.002930,1000
24.000000, -97.900000, -177.500000, 45.000000, 0.067764,0.002465,0.067125, 0.002814,1000
24.000000, -97.900000, -177.500000, 54.000000, 0.068243,0.002530,0.067672, 0.002889,1000
24.000000, -97.900000, -177.500000, 63.000000, 0.068550,0.002447,0.068023, 0.002795,1000
24.000000, -97.900000, -177.500000, 72.000000, 0.068773,0.002494,0.068277, 0.002848,1000
24.000000, -97.900000, -177.500000, 81.000000, 0.069316,0.002441,0.068897, 0.002788,1000
24.000000, -97.900000, -177.500000, 90.000000, 0.069544,0.002568,0.069157, 0.002932,1000
24.000000, -97.900000, -177.500000, 99.000000, 0.069601,0.002626,0.069223, 0.002999,1000
24.000000, -97.900000, -177.500000, 108.000000, 0.069524,0.002474,0.069135, 0.002826,1000
24.000000, -97.900000, -177.500000, 117.000000, 0.069349,0.002415,0.068935, 0.002757,1000
24.000000, -97.900000, -177.500000, 126.000000, 0.069118,0.002454,0.068671, 0.002802,1000
24.000000, -97.900000, -177.500000, 135.000000, 0.068568,0.002511,0.068043, 0.002868,1000
24.000000, -97.900000, -177.500000, 144.000000, 0.068330,0.002520,0.067771, 0.002877,1000
24.000000, -97.900000, -177.500000, 153.000000, 0.067987,0.002489,0.067380, 0.002842,1000
24.000000, -97.900000, -177.500000, 162.000000, 0.067565,0.002542,0.066898, 0.002903,1000
24.000000, -97.900000, -177.500000, 171.000000, 0.067202,0.002423,0.066484, 0.002766,1000
24.000000, -97.900000, -177.500000, 180.000000, 0.066778,0.002503,0.065999, 0.002858,1000
24.000000, -97.900000, -177.500000, 189.000000, 0.066386,0.002428,0.065551, 0.002772,1000
24.000000, -97.900000, -177.500000, 198.000000, 0.065940,0.002476,0.065042, 0.002828,1000
24.000000, -97.900000, -177.500000, 207.000000, 0.065533,0.002559,0.064577, 0.002922,1000
24.000000, -97.900000, -177.500000, 216.000000, 0.065150,0.002474,0.064141, 0.002825,1000
24.000000, -97.900000, -177.500000, 225.000000, 0.064985,0.002456,0.063952, 0.002805,1000
24.000000, -97.900000, -177.500000, 234.000000, 0.064742,0.002493,0.063674, 0.002847,1000
24.000000, -97.900000, -177.500000, 243.000000, 0.064450,0.002573,0.063341, 0.002938,1000
24.000000, -97.900000, -177.500000, 252.000000, 0.064145,0.002454,0.062993, 0.002803,1000
24.000000, -97.900000, -177.500000, 261.000000, 0.064077,0.002486,0.062915, 0.002839,1000
24.000000, -97.900000, -177.500000, 270.000000, 0.064095,0.002478,0.062935, 0.002829,1000
24.000000, -97.900000, -177.500000, 279.000000, 0.063864,0.002452,0.062672, 0.002800,1000
24.000000, -97.900000, -177.500000, 288.000000, 0.063672,0.002548,0.062452, 0.002910,1000
24.000000, -97.900000, -177.500000, 297.000000, 0.063807,0.002559,0.062606, 0.002922,1000
24.000000, -97.900000, -177.500000, 306.000000, 0.063840,0.002494,0.062644, 0.002848,1000
24.000000, -97.900000, -177.500000, 315.000000, 0.063951,0.002479,0.062771, 0.002831,1000
24.000000, -97.900000, -177.500000, 324.000000, 0.064148,0.002547,0.062996, 0.002908,1000
24.000000, -97.900000, -177.500000, 333.000000, 0.064329,0.002491,0.063203, 0.002845,1000
24.000000, -97.900000, -177.500000, 342.000000, 0.064697,0.002501,0.063623, 0.002856,1000
24.000000, -97.900000, -177.500000, 351.000000, 0.065083,0.002483,0.064064, 0.002835,1000
24.000000, -97.900000, -177.500000, 0.000000, 0.065609,0.002469,0.064664, 0.002819,1000
25.000000, -97.900000, -177.500000, 0.000000, 0.079286,0.002614,0.080282, 0.002985,1000
25.000000, -97.900000, -177.500000, 9.000000, 0.079592,0.002452,0.080631, 0.002799,1000
25.000000, -97.900000, -177.500000, 18.000000, 0.080132,0.002563,0.081248, 0.002927,1000
25.000000, -97.900000, -177.500000, 27.000000, 0.080791,0.002546,0.082000, 0.002907,1000
25.000000, -97.900000, -177.500000, 36.000000, 0.081086,0.002568,0.082337, 0.002932,1000
25.000000, -97.900000, -177.500000, 45.000000, 0.081611,0.002613,0.082937, 0.002984,1000
25.000000, -97.900000, -177.500000, 54.000000, 0.081998,0.002456,0.083379, 0.002805,1000
25.000000, -97.900000, -177.500000, 63.000000, 0.082441,0.002576,0.083885, 0.002941,1000
25.000000, -97.900000, -177.500000, 72.000000, 0.082784,0.002576,0.084276, 0.002942,1000
25.000000, -97.900000, -177.500000, 81.000000, 0.083350,0.002529,0.084922, 0.002887,1000
25.000000, -97.900000, -177.500000, 90.000000, 0.083495,0.002603,0.085088, 0.002972,1000
25.000000, -97.900000, -177.500000, 99.000000, 0.083474,0.002631,0.085065, 0.003004,1000
25.000000, -97.900000, -177.500000, 108.000000, 0.083492,0.002521,0.085085, 0.002878,1000
25.000000, -97.900000, -177.500000, 117.000000, 0.083415,0.002557,0.084996, 0.002919,1000
25.000000, -97.900000, -177.500000, 126.000000, 0.083198,0.002705,0.084749, 0.003089,1000
25.000000, -97.900000, -177.500000, 135.000000, 0.082658,0.002488,0.084132, 0.002841,1000
25.000000, -97.900000, -177.500000, 144.000000, 0.082393,0.002564,0.083830, 0.002927,1000
25.000000, -97.900000, -177.500000, 153.000000, 0.081924,0.002518,0.083294, 0.002875,1000
25.000000, -97.900000, -177.500000, 162.000000, 0.081486,0.002508,0.082794, 0.002864,1000
25.000000, -97.900000, -177.500000, 171.000000, 0.081067,0.002578,0.082316, 0.002944,1000
25.000000, -97.900000, -177.500000, 180.000000, 0.080708,0.002480,0.081905, 0.002832,1000
25.000000, -97.900000, -177.500000, 189.000000, 0.080178,0.002457,0.081300, 0.002806,1000
25.000000, -97.900000, -177.500000, 198.000000, 0.079840,0.002436,0.080915, 0.002781,1000
25.000000, -97.900000, -177.500000, 207.000000, 0.079303,0.002430,0.080301, 0.002775,1000
25.000000, -97.900000, -177.500000, 216.000000, 0.078956,0.002453,0.079906, 0.002802,1000
25.000000, -97.900000, -177.500000, 225.000000, 0.078698,0.002496,0.079610, 0.002850,1000
25.000000, -97.900000, -177.500000, 234.000000, 0.078442,0.002528,0.079318, 0.002887,1000
25.000000, -97.900000, -177.500000, 243.000000, 0.078171,0.002513,0.079008, 0.002870,1000
25.000000, -97.900000, -177.500000, 252.000000, 0.078004,0.002363,0.078818, 0.002698,1000
25.000000, -97.900000, -177.500000, 261.000000, 0.077805,0.002578,0.078591, 0.002944,1000
25.000000, -97.900000, -177.500000, 270.000000, 0.077694,0.002566,0.078464, 0.002930,1000
25.000000, -97.900000, -177.500000, 279.000000, 0.077652,0.002395,0.078416, 0.002735,1000
25.000000, -97.900000, -177.500000, 288.000000, 0.077899,0.002500,0.078698, 0.002855,1000
25.000000, -97.900000, -177.500000, 297.000000, 0.077381,0.002432,0.078106, 0.002777,1000
25.000000, -97.900000, -177.500000, 306.000000, 0.077484,0.002471,0.078224, 0.002822,1000
25.000000, -97.900000, -177.500000, 315.000000, 0.077749,0.002512,0.078527, 0.002868,1000
25.000000, -97.900000, -177.500000, 324.000000, 0.077828,0.002505,0.078617, 0.002861,1000
25.000000, -97.900000, -177.500000, 333.000000, 0.078067,0.002580,0.078890, 0.002946,1000
25.000000, -97.900000, -177.500000, 342.000000, 0.078523,0.002512,0.079411, 0.002868,1000
25.000000, -97.900000, -177.500000, 351.000000, 0.078879,0.002579,0.079817, 0.002944,1000
25.000000, -97.900000, -177.500000, 0.000000, 0.079262,0.002459,0.080255, 0.002807,1000
26.000000, -97.900000, -177.500000, 0.000000, 0.093142,0.002529,0.096104, 0.002888,1000
26.000000, -97.900000, -177.500000, 9.000000, 0.093299,0.002586,0.096283, 0.002953,1000
26.000000, -97.900000, -177.500000, 18.000000, 0.093946,0.002585,0.097022, 0.002951,1000
26.000000, -97.900000, -177.500000, 27.000000, 0.094501,0.002599,0.097656, 0.002968,1000
26.000000, -97.900000, -177.500000, 36.000000, 0.094915,0.002549,0.098129, 0.002911,1000
26.000000, -97.900000, -177.500000, 45.000000, 0.095500,0.002575,0.098796, 0.002940,1000
26.000000, -97.900000, -177.500000, 54.000000, 0.095965,0.002476,0.099327, 0.002828,1000
26.000000, -97.900000, -177.500000, 63.000000, 0.096409,0.002494,0.099835, 0.002848,1000
26.000000, -97.900000, -177.500000, 72.000000, 0.096571,0.002540,0.100019, 0.002900,1000
26.000000, -97.900000, -177.500000, 81.000000, 0.097037,0.002508,0.100552, 0.002864,1000
26.000000, -97.900000, -177.500000, 90.000000, 0.097237,0.002504,0.100780, 0.002860,1000
26.000000, -97.900000, -177.500000, 99.000000, 0.097391,0.002528,0.100956, 0.002887,1000
26.000000, -97.900000, -177.500000, 108.000000, 0.097330,0.002435,0.100886, 0.002780,1000
26.000000, -97.900000, -177.500000, 117.000000, 0.097079,0.002557,0.100600, 0.002920,1000
26.000000, -97.900000, -177.500000, 126.000000, 0.096812,0.002460,0.100294, 0.002809,1000
26.000000, -97.900000, -177.500000, 135.000000, 0.096687,0.002459,0.100152, 0.002808,1000
26.000000, -97.900000, -177.500000, 144.000000, 0.096219,0.002505,0.099618, 0.002861,1000
26.000000, -97.900000, -177.500000, 153.000000, 0.095886,0.002506,0.099237, 0.002861,1000
26.000000, -97.900000, -177.500000, 162.000000, 0.095548,0.002477,0.098851, 0.002828,1000
26.000000, -97.900000, -177.500000, 171.000000, 0.095034,0.002601,0.098264, 0.002971,1000
26.000000, -97.900000, -177.500000, 180.000000, 0.094606,0.002589,0.097775, 0.002957,1000
26.000000, -97.900000, -177.500000, 189.000000, 0.094096,0.002608,0.097193, 0.002978,1000
26.000000, -97.900000, -177.500000, 198.000000, 0.093794,0.002554,0.096849, 0.002916,1000
26.000000, -97.900000, -177.500000, 207.000000, 0.093376,0.002571,0.096372, 0.002936,1000
26.000000, -97.900000, -177.500000, 216.000000, 0.093017,0.002589,0.095961, 0.002957,1000
26.000000, -97.900000, -177.500000, 225.000000, 0.092657,0.002486,0.095550, 0.002838,1000
26.000000, -97.900000, -177.500000, 234.000000, 0.092319,0.002580,0.095164, 0.002946,1000
26.000000, -97.900000, -177.500000, 243.000000, 0.092070,0.002607,0.094879, 0.002977,1000
26.000000, -97.900000, -177.500000, 252.000000, 0.092020,0.002577,0.094823, 0.002942,1000
26.000000, -97.900000, -177.500000, 261.000000, 0.091642,0.002533,0.094391, 0.002893,1000
26.000000, -97.900000, -177.500000, 270.000000, 0.091586,0.002604,0.094327, 0.002974,1000
26.000000, -97.900000, -177.500000, 279.000000, 0.091500,0.002508,0.094229, 0.002864,1000
26.000000, -97.900000, -177.500000, 288.000000, 0.091393,0.002480,0.094107, 0.002831,1000
26.000000, -97.900000, -177.500000, 297.000000, 0.091378,0.002605,0.094090, 0.002975,1000
26.000000, -97.900000, -177.500000, 306.000000, 0.091287,0.002590,0.093986, 0.002957,1000
26.000000, -97.900000, -177.500000, 315.000000, 0.091549,0.002604,0.094284, 0.002974,1000
26.000000, -97.900000, -177.500000, 324.000000, 0.091833,0.002661,0.094609, 0.003038,1000
26.000000, -97.900000, -177.500000, 333.000000, 0.092061,0.002603,0.094869, 0.002972,1000
26.000000, -97.900000, -177.500000, 342.000000, 0.092413,0.002554,0.095272, 0.002916,1000
26.000000, -97.900000, -177.500000, 351.000000, 0.092644,0.002575,0.095535, 0.002941,1000
26.000000, -97.900000, -177.500000, 0.000000, 0.093147,0.002600,0.096110, 0.002969,1000
27.000000, -97.900000, -177.500000, 0.000000, 0.106551,0.002504,0.111415, 0.002859,1000
27.000000, -97.900000, -177.500000, 9.000000, 0.106993,0.002503,0.111920, 0.002858,1000
27.000000, -97.900000, -177.500000, 18.000000, 0.107436,0.002508,0.112426, 0.002864,1000
27.000000, -97.900000, -177.500000, 27.000000, 0.107868,0.002444,0.112919, 0.002791,1000
27.000000, -97.900000, -177.500000, 36.000000, 0.108312,0.002506,0.113427, 0.002861,1000
27.000000, -97.900000, -177.500000, 45.000000, 0.108882,0.002533,0.114077, 0.002893,1000
27.000000, -97.900000, -177.500000, 54.000000, 0.109307,0.002522,0.114563, 0.002880,1000
27.000000, -97.900000, -177.500000, 63.000000, 0.109592,0.002515,0.114888, 0.002872,1000
27.000000, -97.900000, -177.500000, 72.000000, 0.109978,0.002549,0.115329, 0.002910,1000
27.000000, -97.900000, -177.500000, 81.000000, 0.110279,0.002562,0.115672, 0.002926,1000
27.000000, -97.900000, -177.500000, 90.000000, 0.110497,0.002500,0.115921, 0.002855,1000
27.000000, -97.900000, -177.500000, 99.000000, 0.110619,0.002471,0.116061, 0.002821,1000
27.000000, -97.900000, -177.500000, 108.000000, 0.110534,0.002470,0.115963, 0.002820,1000
27.000000, -97.900000, -177.500000, 117.000000, 0.110349,0.002536,0.115752, 0.002896,1000
27.000000, -97.900000, -177.500000, 126.000000, 0.110157,0.002543,0.115533, 0.002904,1000
27.000000, -97.900000, -177.500000, 135.000000, 0.109921,0.002490,0.115264, 0.002844,1000
27.000000, -97.900000, -177.500000, 144.000000, 0.109590,0.002572,0.114885, 0.002937,1000
27.000000, -97.900000, -177.500000, 153.000000, 0.109325,0.002358,0.114583, 0.002693,1000
27.000000, -97.900000, -177.500000, 162.000000, 0.108920,0.002430,0.114120, 0.002775,1000
27.000000, -97.900000, -177.500000, 171.000000, 0.108492,0.002589,0.113632, 0.002957,1000
27.000000, -97.900000, -177.500000, 180.000000, 0.108173,0.002465,0.113268, 0.002815,1000
27.000000, -97.900000, -177.500000, 189.000000, 0.107715,0.002551,0.112744, 0.002912,1000
27.000000, -97.900000, -177.500000, 198.000000, 0.107256,0.002522,0.112221, 0.002880,1000
27.000000, -97.900000, -177.500000, 207.000000, 0.106909,0.002511,0.111824, 0.002867,1000
27.000000, -97.900000, -177.500000, 216.000000, 0.106563,0.002484,0.111430, 0.002836,1000
27.000000, -97.900000, -177.500000, 225.000000, 0.106203,0.002488,0.111018, 0.002841,1000
27.000000, -97.900000, -177.500000, 234.000000, 0.105927,0.002634,0.110702, 0.003008,1000
27.000000, -97.900000, -177.500000, 243.000000, 0.105874,0.002499,0.110643, 0.002854,1000
27.000000, -97.900000, -177.500000, 252.000000, 0.105362,0.002608,0.110058, 0.002978,1000
27.000000, -97.900000, -177.500000, 261.000000, 0.105259,0.002558,0.109940, 0.002920,1000
27.000000, -97.900000, -177.500000, 270.000000, 0.105144,0.002448,0.109809, 0.002795,1000
27.000000, -97.900000, -177.500000, 279.000000, 0.104994,0.002518,0.109638, 0.002875,1000
27.000000, -97.900000, -177.500000, 288.000000, 0.104967,0.002558,0.109607, 0.002921,1000
27.000000, -97.900000, -177.500000, 297.000000, 0.104956,0.002506,0.109594, 0.002861,1000
27.000000, -97.900000, -177.500000, 306.000000, 0.104950,0.002474,0.109587, 0.002825,1000
27.000000, -97.900000, -177.500000, 315.000000, 0.104906,0.002440,0.109537, 0.002786,1000
27.000000, -97.900000, -177.500000, 324.000000, 0.105278,0.002438,0.109962, 0.002784,1000
27.000000, -97.900000, -177.500000, 333.000000, 0.105592,0.002497,0.110320, 0.002851,1000
27.000000, -97.900000, -177.500000, 342.000000, 0.105812,0.002540,0.110572, 0.002900,1000
27.000000, -97.900000, -177.500000, 351.000000, 0.106121,0.002509,0.110925, 0.002865,1000
27.000000, -97.900000, -177.500000, 0.000000, 0.106557,0.002465,0.111422, 0.002814,1000
28.000000, -97.900000, -177.500000, 0.000000, 0.118478,0.002505,0.125035, 0.002860,1000
28.000000, -97.900000, -177.500000, 9.000000, 0.118684,0.002569,0.125270, 0.002934,1000
28.000000, -97.900000, -177.500000, 18.000000, 0.119175,0.002636,0.125830, 0.003010,1000
28.000000, -97.900000, -177.500000, 27.000000, 0.119628,0.002598,0.126348, 0.002966,1000
28.000000, -97.900000, -177.500000, 36.000000, 0.120106,0.002509,0.126894, 0.002865,1000
28.000000, -97.900000, -177.500000, 45.000000, 0.120531,0.002528,0.127379, 0.002887,1000
28.000000, -97.900000, -177.500000, 54.000000, 0.120810,0.002595,0.127698, 0.002963,1000
28.000000, -97.900000, -177.500000, 63.000000, 0.121164,0.002615,0.128102, 0.002986,1000
28.000000, -97.900000, -177.500000, 72.000000, 0.121372,0.002495,0.128339, 0.002849,1000
28.000000, -97.900000, -177.500000, 81.000000, 0.121704,0.002515,0.128719, 0.002872,1000
28.000000, -97.900000, -177.500000, 90.000000, 0.121911,0.002580,0.128955, 0.002947,1000
28.000000, -97.900000, -177.500000, 99.000000, 0.122089,0.002634,0.129158, 0.003007,1000
28.000000, -97.900000, -177.500000, 108.000000, 0.122339,0.002648,0.129443, 0.003024,1000
28.000000, -97.900000, -177.500000, 117.000000, 0.121990,0.002500,0.129045, 0.002855,1000
28.000000, -97.900000, -177.500000, 126.000000, 0.121779,0.002556,0.128805, 0.002919,1000
28.000000, -97.900000, -177.500000, 135.000000, 0.121539,0.002455,0.128530, 0.002804,1000
28.000000, -97.900000, -177.500000, 144.000000, 0.121371,0.002551,0.128338, 0.002913,1000
28.000000, -97.900000, -177.500000, 153.000000, 0.120958,0.002583,0.127867, 0.002950,1000
28.000000, -97.900000, -177.500000, 162.000000, 0.120754,0.002504,0.127634, 0.002859,1000
28.000000, -97.900000, -177.500000, 171.000000, 0.120436,0.002496,0.127270, 0.002850,1000
28.000000, -97.900000, -177.500000, 180.000000, 0.119957,0.002509,0.126723, 0.002865,1000
28.000000, -97.900000, -177.500000, 189.000000, 0.119582,0.002553,0.126296, 0.002916,1000
28.000000, -97.900000, -177.500000, 198.000000, 0.119208,0.002550,0.125868, 0.002912,1000
28.000000, -97.900000, -177.500000, 207.000000, 0.118836,0.002459,0.125443, 0.002808,1000
28.000000, -97.900000, -177.500000, 216.000000, 0.118577,0.002506,0.125148, 0.002861,1000
28.000000, -97.900000, -177.500000, 225.000000, 0.118128,0.002426,0.124635, 0.002771,1000
28.000000, -97.900000, -177.500000, 234.000000, 0.117915,0.002480,0.124392, 0.002832,1000
28.000000, -97.900000, -177.500000, 243.000000, 0.117626,0.002574,0.124062, 0.002939,1000
28.000000, -97.900000, -177.500000, 252.000000, 0.117542,0.002534,0.123966, 0.002894,1000
28.000000, -97.900000, -177.500000, 261.000000, 0.117264,0.002495,0.123649, 0.002849,1000
28.000000, -97.900000, -177.500000, 270.000000, 0.117245,0.002546,0.123627, 0.002907,1000
28.000000, -97.900000, -177.500000, 279.000000, 0.117030,0.002540,0.123381, 0.002900,1000
28.000000, -97.900000, -177.500000, 288.000000, 0.117005,0.002524,0.123353, 0.002882,1000
28.000000, -97.900000, -177.500000, 297.000000, 0.116989,0.002553,0.123334, 0.002915,1000
28.000000, -97.900000, -177.500000, 306.000000, 0.117005,0.002538,0.123353, 0.002899,1000
28.000000, -97.900000, -177.500000, 315.000000, 0.117170,0.002601,0.123541, 0.002970,1000
28.000000, -97.900000, -177.500000, 324.000000, 0.117368,0.002489,0.123768, 0.002842,1000
28.000000, -97.900000, -177.500000, 333.000000, 0.117623,0.002623,0.124059, 0.002995,1000
28.000000, -97.900000, -177.500000, 342.000000, 0.117728,0.002567,0.124178, 0.002932,1000
28.000000, -97.900000, -177.500000, 351.000000, 0.118056,0.002544,0.124553, 0.002905,1000
28.000000, -97.900000, -177.500000, 0.000000, 0.118575,0.002564,0.125145, 0.002928,1000
29.000000, -97.900000, -177.500000, 0.000000, 0.128632,0.002538,0.136630, 0.002898,1000
29.000000, -97.900000, -177.500000, 9.000000, 0.128865,0.002497,0.136896, 0.002851,1000
29.000000, -97.900000, -177.500000, 18.000000, 0.129179,0.002471,0.137254, 0.002821,1000
29.000000, -97.900000, -177.500000, 27.000000, 0.129487,0.002638,0.137606, 0.003013,1000
29.000000, -97.900000, -177.500000, 36.000000, 0.129976,0.002573,0.138164, 0.002938,1000
29.000000, -97.900000, -177.500000, 45.000000, 0.130353,0.002533,0.138595, 0.002892,1000
29.000000, -97.900000, -177.500000, 54.000000, 0.130545,0.002518,0.138814, 0.002876,1000
29.000000, -97.900000, -177.500000, 63.000000, 0.130967,0.002516,0.139296, 0.002873,1000
29.000000, -97.900000, -177.500000, 72.000000, 0.131155,0.002521,0.139511, 0.002878,1000
29.000000, -97.900000, -177.500000, 81.000000, 0.131415,0.002552,0.139808, 0.002914,1000
29.000000, -97.900000, -177.500000, 90.000000, 0.131671,0.002544,0.140100, 0.002905,1000
29.000000, -97.900000, -177.500000, 99.000000, 0.131624,0.002596,0.140046, 0.002965,1000
29.000000, -97.900000, -177.500000, 108.000000, 0.131716,0.002477,0.140151, 0.002828,1000
29.000000, -97.900000, -177.500000, 117.000000, 0.131554,0.002532,0.139966, 0.002891,1000
29.000000, -97.900000, -177.500000, 126.000000, 0.131576,0.002553,0.139991, 0.002916,1000
29.000000, -97.900000, -177.500000, 135.000000, 0.131438,0.002489,0.139834, 0.002842,1000
29.000000, -97.900000, -177.500000, 144.000000, 0.131191,0.002433,0.139552, 0.002778,1000
29.000000, -97.900000, -177.500000, 153.000000, 0.130978,0.002544,0.139309, 0.002905,1000
29.000000, -97.900000, -177.500000, 162.000000, 0.130776,0.002563,0.139078, 0.002926,1000
29.000000, -97.900000, -177.500000, 171.000000, 0.130340,0.002506,0.138580, 0.002862,1000
29.000000, -97.900000, -177.500000, 180.000000, 0.130097,0.002527,0.138302, 0.002885,1000
29.000000, -97.900000, -177.500000, 189.000000, 0.129609,0.002539,0.137745, 0.002900,1000
29.000000, -97.900000, -177.500000, 198.000000, 0.129368,0.002508,0.137470, 0.002864,1000
29.000000, -97.900000, -177.500000, 207.000000, 0.129078,0.002475,0.137139, 0.002826,1000
29.000000, -97.900000, -177.500000, 216.000000, 0.128828,0.002476,0.136854, 0.002828,1000
29.000000, -97.900000, -177.500000, 225.000000, 0.128530,0.002493,0.136513, 0.002847,1000
29.000000, -97.900000, -177.500000, 234.000000, 0.128184,0.002554,0.136118, 0.002916,1000
29.000000, -97.900000, -177.500000, 243.000000, 0.127958,0.002496,0.135860, 0.002850,1000
29.000000, -97.900000, -177.500000, 252.000000, 0.127873,0.002516,0.135763, 0.002873,1000
29.000000, -97.900000, -177.500000, 261.000000, 0.127663,0.002490,0.135523, 0.002843,1000
29.000000, -97.900000, -177.500000, 270.000000, 0.127441,0.002664,0.135270, 0.003042,1000
29.000000, -97.900000, -177.500000, 279.000000, 0.127384,0.002579,0.135204, 0.002945,1000
29.000000, -97.900000, -177.500000, 288.000000, 0.127360,0.002503,0.135177, 0.002859,1000
29.000000, -97.900000, -177.500000, 297.000000, 0.127394,0.002441,0.135216, 0.002787,1000
29.000000, -97.900000, -177.500000, 306.000000, 0.127442,0.002643,0.135271, 0.003018,1000
29.000000, -97.900000, -177.500000, 315.000000, 0.127484,0.002499,0.135319, 0.002854,1000
29.000000, -97.900000, -177.500000, 324.000000, 0.127626,0.002546,0.135481, 0.002908,1000
29.000000, -97.900000, -177.500000, 333.000000, 0.127800,0.002533,0.135680, 0.002892,1000
29.000000, -97.900000, -177.500000, 342.000000, 0.128082,0.002607,0.136001, 0.002977,1000
29.000000, -97.900000, -177.500000, 351.000000, 0.128235,0.002560,0.136176, 0.002923,1000
29.000000, -97.900000, -177.500000, 0.000000, 0.128719,0.002410,0.136729, 0.002752,1000
30.000000, -97.900000, -177.500000, 0.000000, 0.137116,0.002523,0.146318, 0.002881,1000
30.000000, -97.900000, -177.500000, 9.000000, 0.137311,0.002485,0.146540, 0.002837,1000
30.000000, -97.900000, -177.500000, 18.000000, 0.137584,0.002648,0.146852, 0.003024,1000
30.000000, -97.900000, -177.500000, 27.000000, 0.137892,0.002479,0.147204, 0.002831,1000
30.000000, -97.900000, -177.500000, 36.000000, 0.138174,0.002585,0.147525, 0.002952,1000
30.000000, -97.900000, -177.500000, 45.000000, 0.138365,0.002601,0.147743, 0.002970,1000
30.000000, -97.900000, -177.500000, 54.000000, 0.138737,0.002622,0.148168, 0.002994,1000
30.000000, -97.900000, -177.500000, 63.000000, 0.138926,0.002671,0.148385, 0.003050,1000
30.000000, -97.900000, -177.500000, 72.000000, 0.139256,0.002549,0.148761, 0.002911,1000
30.000000, -97.900000, -177.500000, 81.000000, 0.139338,0.002623,0.148855, 0.002995,1000
30.000000, -97.900000, -177.500000, 90.000000, 0.139521,0.002570,0.149064, 0.002935,1000
30.000000, -97.900000, -177.500000, 99.000000, 0.139559,0.002567,0.149108, 0.002931,1000
30.000000, -97.900000, -177.500000, 108.000000, 0.139566,0.002583,0.149115, 0.002950,1000
30.000000, -97.900000, -177.500000, 117.000000, 0.139624,0.002495,0.149182, 0.002849,1000
30.000000, -97.900000, -177.500000, 126.000000, 0.139549,0.002512,0.149096, 0.002869,1000
30.000000, -97.900000, -177.500000, 135.000000, 0.139352,0.002640,0.148871, 0.003015,1000
30.000000, -97.900000, -177.500000, 144.000000, 0.139217,0.002474,0.148716, 0.002825,1000
30.000000, -97.900000, -177.500000, 153.000000, 0.139089,0.002506,0.148571, 0.002861,1000
30.000000, -97.900000, -177.500000, 162.000000, 0.138948,0.002520,0.148409, 0.002878,1000
30.000000, -97.900000, -177.500000, 171.000000, 0.138607,0.002557,0.148020, 0.002920,1000
30.000000, -97.900000, -177.500000, 180.000000, 0.138256,0.002617,0.147620, 0.002988,1000
30.000000, -97.900000, -177.500000, 189.000000, 0.138064,0.002602,0.147400, 0.002971,1000
30.000000, -97.900000, -177.500000, 198.000000, 0.137821,0.002549,0.147122, 0.002911,1000
30.000000, -97.900000, -177.500000, 207.000000, 0.137561,0.002650,0.146826, 0.003026,1000
30.000000, -97.900000, -177.500000, 216.000000, 0.137301,0.002546,0.146529, 0.002907,1000
30.000000, -97.900000, -177.500000, 225.000000, 0.137113,0.002550,0.146314, 0.002912,1000
30.000000, -97.900000, -177.500000, 234.000000, 0.136783,0.002505,0.145937, 0.002860,1000
30.000000, -97.900000, -177.500000, 243.000000, 0.136667,0.002505,0.145804, 0.002860,1000
30.000000, -97.900000, -177.500000, 252.000000, 0.136527,0.002488,0.145645, 0.002842,1000
30.000000, -97.900000, -177.500000, 261.000000, 0.136347,0.002530,0.145439, 0.002889,1000
30.000000, -97.900000, -177.500000, 270.000000, 0.136416,0.002416,0.145518, 0.002759,1000
30.000000, -97.900000, -177.500000, 279.000000, 0.136176,0.002476,0.145245, 0.002827,1000
30.000000, -97.900000, -177.500000, 288.000000, 0.136124,0.002568,0.145185, 0.002932,1000
30.000000, -97.900000, -177.500000, 297.000000, 0.136142,0.002584,0.145205, 0.002951,1000
30.000000, -97.900000, -177.500000, 306.000000, 0.136151,0.002489,0.145215, 0.002843,1000
30.000000, -97.900000, -177.500000, 315.000000, 0.136280,0.002577,0.145362, 0.002943,1000
30.000000, -97.900000, -177.500000, 324.000000, 0.136300,0.002541,0.145386, 0.002901,1000
30.000000, -97.900000, -177.500000, 333.000000, 0.136434,0.002547,0.145538, 0.002909,1000
30.000000, -97.900000, -177.500000, 342.000000, 0.136626,0.002428,0.145758, 0.002772,1000
30.000000, -97.900000, -177.500000, 351.000000, 0.136809,0.002498,0.145967, 0.002852,1000
30.000000, -97.900000, -177.500000, 0.000000, 0.137120,0.002537,0.146322, 0.002897,1000
31.000000, -97.900000, -177.500000, 0.000000, 0.143637,0.002609,0.153763, 0.002979,1000
31.000000, -97.900000, -177.500000, 9.000000, 0.143958,0.002628,0.154130, 0.003001,1000
31.000000, -97.900000, -177.500000, 18.000000, 0.144123,0.002537,0.154319, 0.002896,1000
31.000000, -97.900000, -177.500000, 27.000000, 0.144395,0.002581,0.154629, 0.002947,1000
31.000000, -97.900000, -177.500000, 36.000000, 0.144559,0.002616,0.154816, 0.002987,1000
31.000000, -97.900000, -177.500000, 45.000000, 0.144738,0.002568,0.155021, 0.002932,1000
31.000000, -97.900000, -177.500000, 54.000000, 0.145000,0.002700,0.155320, 0.003083,1000
31.000000, -97.900000, -177.500000, 63.000000, 0.145065,0.002500,0.155394, 0.002855,1000
31.000000, -97.900000, -177.500000, 72.000000, 0.145165,0.002545,0.155509, 0.002906,1000
31.000000, -97.900000, -177.500000, 81.000000, 0.145316,0.002563,0.155680, 0.002927,1000
31.000000, -97.900000, -177.500000, 90.000000, 0.145411,0.002576,0.155789, 0.002941,1000
31.000000, -97.900000, -177.500000, 99.000000, 0.145501,0.002542,0.155893, 0.002902,1000
31.000000, -97.900000, -177.500000, 108.000000, 0.145522,0.002554,0.155916, 0.002916,1000
31.000000, -97.900000, -177.500000, 117.000000, 0.145391,0.002537,0.155766, 0.002897,1000
31.000000, -97.900000, -177.500000, 126.000000, 0.145495,0.002588,0.155885, 0.002955,1000
31.000000, -97.900000, -177.500000, 135.000000, 0.145501,0.002587,0.155893, 0.002954,1000
31.000000, -97.900000, -177.500000, 144.000000, 0.145319,0.002596,0.155685, 0.002965,1000
31.000000, -97.900000, -177.500000, 153.000000, 0.145277,0.002488,0.155637, 0.002841,1000
31.000000, -97.900000, -177.500000, 162.000000, 0.145118,0.002642,0.155455, 0.003016,1000
31.000000, -97.900000, -177.500000, 171.000000, 0.144894,0.002552,0.155199, 0.002914,1000
31.000000, -97.900000, -177.500000, 180.000000, 0.144705,0.002504,0.154984, 0.002859,1000
31.000000, -97.900000, -177.500000, 189.000000, 0.144482,0.002594,0.154729, 0.002962,1000
31.000000, -97.900000, -177.500000, 198.000000, 0.144346,0.002567,0.154573, 0.002931,1000
31.000000, -97.900000, -177.500000, 207.000000, 0.144167,0.002632,0.154368, 0.003005,1000
31.000000, -97.900000, -177.500000, 216.000000, 0.143898,0.002530,0.154061, 0.002889,1000
31.000000, -97.900000, -177.500000, 225.000000, 0.143739,0.002579,0.153880, 0.002945,1000
31.000000, -97.900000, -177.500000, 234.000000, 0.143739,0.002611,0.153880, 0.002981,1000
31.000000, -97.900000, -177.500000, 243.000000, 0.143396,0.002609,0.153488, 0.002979,1000
31.000000, -97.900000, -177.500000, 252.000000, 0.143420,0.002510,0.153516, 0.002866,1000
31.000000, -97.900000, -177.500000, 261.000000, 0.143292,0.002526,0.153369, 0.002884,1000
31.000000, -97.900000, -177.500000, 270.000000, 0.143088,0.002587,0.153136, 0.002954,1000
31.000000, -97.900000, -177.500000, 279.000000, 0.143033,0.002574,0.153074, 0.002940,1000
31.000000, -97.900000, -177.500000, 288.000000, 0.142945,0.002521,0.152974, 0.002879,1000
31.000000, -97.900000, -177.500000, 297.000000, 0.142931,0.002554,0.152958, 0.002916,1000
31.000000, -97.900000, -177.500000, 306.000000, 0.142959,0.002592,0.152990, 0.002959,1000
31.000000, -97.900000, -177.500000, 315.000000, 0.143076,0.002634,0.153123, 0.003008,1000
31.000000, -97.900000, -177.500000, 324.000000, 0.143112,0.002557,0.153164, 0.002919,1000
31.000000, -97.900000, -177.500000, 333.000000, 0.143116,0.002633,0.153168, 0.003006,1000
31.000000, -97.900000, -177.500000, 342.000000, 0.143108,0.002527,0.153160, 0.002885,1000
31.000000, -97.900000, -177.500000, 351.000000, 0.143581,0.002661,0.153699, 0.003038,1000
31.000000, -97.900000, -177.500000, 0.000000, 0.143849,0.002589,0.154006, 0.002956,1000
32.000000, -97.900000, -177.500000, 0.000000, 0.148426,0.002573,0.159232, 0.002938,1000
32.000000, -97.900000, -177.500000, 9.000000, 0.148626,0.002546,0.159460, 0.002907,1000
32.000000, -97.900000, -177.500000, 18.000000, 0.148560,0.002531,0.159385, 0.002891,1000
32.000000, -97.900000, -177.500000, 27.000000, 0.148704,0.002584,0.159549, 0.002950,1000
32.000000, -97.900000, -177.500000, 36.000000, 0.148907,0.002439,0.159782, 0.002786,1000
32.000000, -97.900000, -177.500000, 45.000000, 0.149167,0.002520,0.160079, 0.002877,1000
32.000000, -97.900000, -177.500000, 54.000000, 0.149142,0.002576,0.160050, 0.002942,1000
32.000000, -97.900000, -177.500000, 63.000000, 0.149180,0.002566,0.160093, 0.002931,1000
32.000000, -97.900000, -177.500000, 72.000000, 0.149389,0.002489,0.160332, 0.002842,1000
32.000000, -97.900000, -177.500000, 81.000000, 0.149468,0.002493,0.160422, 0.002847,1000
32.000000, -97.900000, -177.500000, 90.000000, 0.149318,0.002406,0.160250, 0.002747,1000
32.000000, -97.900000, -177.500000, 99.000000, 0.149585,0.002521,0.160556, 0.002878,1000
32.000000, -97.900000, -177.500000, 108.000000, 0.149612,0.002502,0.160586, 0.002858,1000
32.000000, -97.900000, -177.500000, 117.000000, 0.149603,0.002503,0.160576, 0.002859,1000
32.000000, -97.900000, -177.500000, 126.000000, 0.149686,0.002467,0.160671, 0.002817,1000
32.000000, -97.900000, -177.500000, 135.000000, 0.149509,0.002486,0.160468, 0.002839,1000
32.000000, -97.900000, -177.500000, 144.000000, 0.149463,0.002641,0.160416, 0.003016,1000
32.000000, -97.900000, -177.500000, 153.000000, 0.149498,0.002562,0.160457, 0.002926,1000
32.000000, -97.900000, -177.500000, 162.000000, 0.149302,0.002520,0.160233, 0.002878,1000
32.000000, -97.900000, -177.500000, 171.000000, 0.149357,0.002515,0.160295, 0.002871,1000
32.000000, -97.900000, -177.500000, 180.000000, 0.149141,0.002562,0.160048, 0.002925,1000
32.000000, -97.900000, -177.500000, 189.000000, 0.149104,0.002541,0.160006, 0.002901,1000
32.000000, -97.900000, -177.500000, 198.000000, 0.148915,0.002468,0.159791, 0.002818,1000
32.000000, -97.900000, -177.500000, 207.000000, 0.148645,0.002539,0.159482, 0.002900,1000
32.000000, -97.900000, -177.500000, 216.000000, 0.148755,0.002443,0.159607, 0.002790,1000
32.000000, -97.900000, -177.500000, 225.000000, 0.148541,0.002509,0.159363, 0.002865,1000
32.000000, -97.900000, -177.500000, 234.000000, 0.148441,0.002542,0.159250, 0.002902,1000
32.000000, -97.900000, -177.500000, 243.000000, 0.148343,0.002585,0.159138, 0.002952,1000
32.000000, -97.900000, -177.500000, 252.000000, 0.148269,0.002596,0.159053, 0.002965,1000
32.000000, -97.900000, -177.500000, 261.000000, 0.148231,0.002502,0.159010, 0.002857,1000
32.000000, -97.900000, -177.500000, 270.000000, 0.148101,0.002550,0.158861, 0.002912,1000
32.000000, -97.900000, -177.500000, 279.000000, 0.148128,0.002503,0.158892, 0.002859,1000
32.000000, -97.900000, -177.500000, 288.000000, 0.148123,0.002592,0.158886, 0.002960,1000
32.000000, -97.900000, -177.500000, 297.000000, 0.148081,0.002575,0.158838, 0.002940,1000
32.000000, -97.900000, -177.500000, 306.000000, 0.148072,0.002499,0.158828, 0.002854,1000
32.000000, -97.900000, -177.500000, 315.000000, 0.148045,0.002537,0.158797, 0.002897,1000
32.000000, -97.900000, -177.500000, 324.000000, 0.148048,0.002499,0.158800, 0.002853,1000
32.000000, -97.900000, -177.500000, 333.000000, 0.148074,0.002510,0.158831, 0.002866,1000
32.000000, -97.900000, -177.500000, 342.000000, 0.148143,0.002574,0.158909, 0.002939,1000
32.000000, -97.900000, -177.500000, 351.000000, 0.148282,0.002517,0.159068, 0.002874,1000
32.000000, -97.900000, -177.500000, 0.000000, 0.148472,0.002541,0.159284, 0.002902,1000
33.000000, -97.900000, -177.500000, 0.000000, 0.150954,0.002543,0.162119, 0.002904,1000
33.000000, -97.900000, -177.500000, 9.000000, 0.151125,0.002552,0.162314, 0.002914,1000
33.000000, -97.900000, -177.500000, 18.000000, 0.150966,0.002496,0.162132, 0.002850,1000
33.000000, -97.900000, -177.500000, 27.000000, 0.150990,0.002545,0.162160, 0.002907,1000
33.000000, -97.900000, -177.500000, 36.000000, 0.151052,0.002613,0.162231, 0.002984,1000
33.000000, -97.900000, -177.500000, 45.000000, 0.151122,0.002539,0.162311, 0.002899,1000
33.000000, -97.900000, -177.500000, 54.000000, 0.151098,0.002532,0.162284, 0.002892,1000
33.000000, -97.900000, -177.500000, 63.000000, 0.151241,0.002585,0.162446, 0.002952,1000
33.000000, -97.900000, -177.500000, 72.000000, 0.151187,0.002620,0.162385, 0.002992,1000
33.000000, -97.900000, -177.500000, 81.000000, 0.151247,0.002522,0.162454, 0.002880,1000
33.000000, -97.900000, -177.500000, 90.000000, 0.151246,0.002504,0.162452, 0.002860,1000
33.000000, -97.900000, -177.500000, 99.000000, 0.151226,0.002462,0.162429, 0.002812,1000
33.000000, -97.900000, -177.500000, 108.000000, 0.151326,0.002572,0.162544, 0.002937,1000
33.000000, -97.900000, -177.500000, 117.000000, 0.151372,0.002481,0.162596, 0.002833,1000
33.000000, -97.900000, -177.500000, 126.000000, 0.151328,0.002573,0.162545, 0.002938,1000
33.000000, -97.900000, -177.500000, 135.000000, 0.151377,0.002602,0.162602, 0.002972,1000
33.000000, -97.900000, -177.500000, 144.000000, 0.151473,0.002610,0.162711, 0.002981,1000
33.000000, -97.900000, -177.500000, 153.000000, 0.151349,0.002526,0.162570, 0.002884,1000
33.000000, -97.900000, -177.500000, 162.000000, 0.151334,0.002586,0.162553, 0.002953,1000
33.000000, -97.900000, -177.500000, 171.000000, 0.151317,0.002576,0.162534, 0.002941,1000
33.000000, -97.900000, -177.500000, 180.000000, 0.151219,0.002551,0.162422, 0.002914,1000
33.000000, -97.900000, -177.500000, 189.000000, 0.151231,0.002556,0.162435, 0.002919,1000
33.000000, -97.900000, -177.500000, 198.000000, 0.151226,0.002577,0.162429, 0.002943,1000
33.000000, -97.900000, -177.500000, 207.000000, 0.151097,0.002631,0.162282, 0.003005,1000
33.000000, -97.900000, -177.500000, 216.000000, 0.151089,0.002561,0.162273, 0.002924,1000
33.000000, -97.900000, -177.500000, 225.000000, 0.151088,0.002583,0.162272, 0.002950,1000
33.000000, -97.900000, -177.500000, 234.000000, 0.151079,0.002493,0.162262, 0.002847,1000
33.000000, -97.900000, -177.500000, 243.000000, 0.151041,0.002552,0.162218, 0.002914,1000
33.000000, -97.900000, -177.500000, 252.000000, 0.151080,0.002548,0.162263, 0.002910,1000
33.000000, -97.900000, -177.500000, 261.000000, 0.150961,0.002541,0.162127, 0.002901,1000
33.000000, -97.900000, -177.500000, 270.000000, 0.150971,0.002516,0.162138, 0.002873,1000
33.000000, -97.900000, -177.500000, 279.000000, 0.150898,0.002484,0.162055, 0.002837,1000
33.000000, -97.900000, -177.500000, 288.000000, 0.150915,0.002530,0.162074, 0.002889,1000
33.000000, -97.900000, -177.500000, 297.000000, 0.150787,0.002578,0.161929, 0.002944,1000
33.000000, -97.900000, -177.500000, 306.000000, 0.150827,0.002652,0.161974, 0.003029,1000
33.000000, -97.900000, -177.500000, 315.000000, 0.150947,0.002593,0.162111, 0.002961,1000
33.000000, -97.900000, -177.500000, 324.000000, 0.150799,0.002531,0.161942, 0.002890,1000
33.000000, -97.900000, -177.500000, 333.000000, 0.150973,0.002513,0.162141, 0.002869,1000
33.000000, -97.900000, -177.500000, 342.000000, 0.150908,0.002576,0.162067, 0.002941,1000
33.000000, -97.900000, -177.500000, 351.000000, 0.150859,0.002591,0.162010, 0.002958,1000
33.000000, -97.900000, -177.500000, 0.000000, 0.150951,0.002498,0.162115, 0.002853,1000
