33.500000, -82.239800, -179.400000, 0.000000, 0.006999,0.002149,-0.002262, 0.002454,1000
33.500000, -83.239800, -179.400000, 0.000000, 0.007357,0.002225,-0.001853, 0.002541,1000
33.500000, -84.239800, -179.400000, 0.000000, 0.008130,0.002199,-0.000970, 0.002511,1000
33.500000, -85.239800, -179.400000, 0.000000, 0.009265,0.002420,0.000326, 0.002764,1000
33.500000, -86.239800, -179.400000, 0.000000, 0.011175,0.002531,0.002506, 0.002891,1000
33.500000, -87.239800, -179.400000, 0.000000, 0.014318,0.002528,0.006096, 0.002886,1000
33.500000, -88.239800, -179.400000, 0.000000, 0.019450,0.002526,0.011956, 0.002884,1000
33.500000, -89.239800, -179.400000, 0.000000, 0.027433,0.002478,0.021071, 0.002829,1000
33.500000, -90.239800, -179.400000, 0.000000, 0.040681,0.002541,0.036199, 0.002901,1000
33.500000, -91.239800, -179.400000, 0.000000, 0.062369,0.002565,0.060964, 0.002929,1000
33.500000, -92.239800, -179.400000, 0.000000, 0.096307,0.002538,0.099718, 0.002898,1000
33.500000, -93.239800, -179.400000, 0.000000, 0.144260,0.002584,0.154475, 0.002951,1000
33.500000, -94.239800, -179.400000, 0.000000, 0.194726,0.002614,0.212102, 0.002985,1000
33.500000, -95.239800, -179.400000, 0.000000, 0.233994,0.002592,0.256942, 0.002959,1000
33.500000, -96.239800, -179.400000, 0.000000, 0.257391,0.002710,0.283659, 0.003094,1000
33.500000, -97.239800, -179.400000, 0.000000, 0.267614,0.002579,0.295332, 0.002945,1000
33.500000, -98.239800, -179.400000, 0.000000, 0.267054,0.002723,0.294692, 0.003109,1000
33.500000, -99.239800, -179.400000, 0.000000, 0.255952,0.002604,0.282015, 0.002974,1000
33.500000, -100.239800, -179.400000, 0.000000, 0.233458,0.002630,0.256329, 0.003003,1000
33.500000, -101.239800, -179.400000, 0.000000, 0.196771,0.002580,0.214436, 0.002946,1000
33.500000, -102.239800, -179.400000, 0.000000, 0.148213,0.002514,0.158989, 0.002871,1000
33.500000, -103.239800, -179.400000, 0.000000, 0.097282,0.002528,0.100831, 0.002886,1000
33.500000, -104.239800, -179.400000, 0.000000, 0.057514,0.002505,0.055421, 0.002860,1000
33.500000, -105.239800, -179.400000, 0.000000, 0.033559,0.002566,0.028067, 0.002930,1000
33.500000, -106.239800, -179.400000, 0.000000, 0.019730,0.002420,0.012276, 0.002764,1000
33.500000, -107.239800, -179.400000, 0.000000, 0.012111,0.002499,0.003575, 0.002853,1000
33.500000, -108.239800, -179.400000, 0.000000, 0.007825,0.002301,-0.001319, 0.002628,1000
33.500000, -109.239800, -179.400000, 0.000000, 0.005628,0.002252,-0.003828, 0.002571,1000
33.500000, -110.239800, -179.400000, 0.000000, 0.004638,0.002277,-0.004958, 0.002600,1000
33.500000, -111.239800, -179.400000, 0.000000, 0.004098,0.002372,-0.005575, 0.002709,1000
33.500000, -112.239800, -179.400000, 0.000000, 0.004058,0.002284,-0.005620, 0.002608,1000
33.500000, -113.239800, -179.400000, 0.000000, 0.004102,0.002359,-0.005570, 0.002693,1000
33.500000, -113.760200, -179.400000, 0.000000, 0.004131,0.002321,-0.005537, 0.002651,1000
