33.500000, -82.239800, -179.400000, 0.000000, 0.006663,0.002157,-0.002646, 0.002463,1000
33.500000, -83.239800, -179.400000, 0.000000, 0.007081,0.002293,-0.002168, 0.002619,1000
33.500000, -84.239800, -179.400000, 0.000000, 0.007673,0.002216,-0.001492, 0.002530,1000
33.500000, -85.239800, -179.400000, 0.000000, 0.008890,0.002351,-0.000103, 0.002685,1000
33.500000, -86.239800, -179.400000, 0.000000, 0.010665,0.002525,0.001924, 0.002883,1000
33.500000, -87.239800, -179.400000, 0.000000, 0.013763,0.002475,0.005462, 0.002826,1000
33.500000, -88.239800, -179.400000, 0.000000, 0.018700,0.002429,0.011099, 0.002774,1000
33.500000, -89.239800, -179.400000, 0.000000, 0.026923,0.002425,0.020489, 0.002769,1000
33.500000, -90.239800, -179.400000, 0.000000, 0.039872,0.002569,0.035275, 0.002934,1000
33.500000, -91.239800, -179.400000, 0.000000, 0.061362,0.002578,0.059815, 0.002944,1000
33.500000, -92.239800, -179.400000, 0.000000, 0.095058,0.002536,0.098291, 0.002895,1000
33.500000, -93.239800, -179.400000, 0.000000, 0.140759,0.002542,0.150478, 0.002902,1000
33.500000, -94.239800, -179.400000, 0.000000, 0.190886,0.002533,0.207717, 0.002893,1000
33.500000, -95.239800, -179.400000, 0.000000, 0.229755,0.002615,0.252101, 0.002986,1000
33.500000, -96.239800, -179.400000, 0.000000, 0.253597,0.002706,0.279326, 0.003090,1000
33.500000, -97.239800, -179.400000, 0.000000, 0.264052,0.002608,0.291264, 0.002978,1000
33.500000, -98.239800, -179.400000, 0.000000, 0.264105,0.002668,0.291325, 0.003046,1000
33.500000, -99.239800, -179.400000, 0.000000, 0.254075,0.002638,0.279871, 0.003013,1000
33.500000, -100.239800, -179.400000, 0.000000, 0.232365,0.002567,0.255081, 0.002931,1000
33.500000, -101.239800, -179.400000, 0.000000, 0.196278,0.002596,0.213873, 0.002965,1000
33.500000, -102.239800, -179.400000, 0.000000, 0.147694,0.002436,0.158396, 0.002782,1000
33.500000, -103.239800, -179.400000, 0.000000, 0.097719,0.002538,0.101330, 0.002898,1000
33.500000, -104.239800, -179.400000, 0.000000, 0.058484,0.002508,0.056528, 0.002864,1000
33.500000, -105.239800, -179.400000, 0.000000, 0.033989,0.002484,0.028557, 0.002836,1000
33.500000, -106.239800, -179.400000, 0.000000, 0.020330,0.002474,0.012961, 0.002825,1000
33.500000, -107.239800, -179.400000, 0.000000, 0.012550,0.002561,0.004077, 0.002924,1000
33.500000, -108.239800, -179.400000, 0.000000, 0.008421,0.002259,-0.000638, 0.002580,1000
33.500000, -109.239800, -179.400000, 0.000000, 0.006222,0.002142,-0.003149, 0.002445,1000
33.500000, -110.239800, -179.400000, 0.000000, 0.005016,0.002245,-0.004526, 0.002563,1000
33.500000, -111.239800, -179.400000, 0.000000, 0.004538,0.002281,-0.005072, 0.002605,1000
33.500000, -112.239800, -179.400000, 0.000000, 0.004407,0.002294,-0.005221, 0.002619,1000
33.500000, -113.239800, -179.400000, 0.000000, 0.004424,0.002306,-0.005202, 0.002633,1000
33.500000, -113.760200, -179.400000, 0.000000, 0.004607,0.002288,-0.004993, 0.002613,1000
