17.739800, -98.000000, -179.400000, 0.000000, 0.005291,0.002202,-0.004212, 0.002515,1000
18.739800, -98.000000, -179.400000, 0.000000, 0.005217,0.002260,-0.004296, 0.002581,1000
19.739800, -98.000000, -179.400000, 0.000000, 0.005587,0.002189,-0.003875, 0.002500,1000
20.739800, -98.000000, -179.400000, 0.000000, 0.006213,0.002140,-0.003159, 0.002443,1000
21.739800, -98.000000, -179.400000, 0.000000, 0.007636,0.002305,-0.001534, 0.002632,1000
22.739800, -98.000000, -179.400000, 0.000000, 0.010123,0.002411,0.001305, 0.002753,1000
23.739800, -98.000000, -179.400000, 0.000000, 0.014574,0.002439,0.006388, 0.002785,1000
24.739800, -98.000000, -179.400000, 0.000000, 0.022336,0.002400,0.015252, 0.002740,1000
25.739800, -98.000000, -179.400000, 0.000000, 0.035746,0.002493,0.030564, 0.002847,1000
26.739800, -98.000000, -179.400000, 0.000000, 0.058970,0.002516,0.057084, 0.002873,1000
27.739800, -98.000000, -179.400000, 0.000000, 0.096305,0.002575,0.099715, 0.002940,1000
28.739800, -98.000000, -179.400000, 0.000000, 0.145574,0.002549,0.155976, 0.002911,1000
29.739800, -98.000000, -179.400000, 0.000000, 0.193213,0.002575,0.210374, 0.002941,1000
30.739800, -98.000000, -179.400000, 0.000000, 0.229818,0.002537,0.252172, 0.002897,1000
31.739800, -98.000000, -179.400000, 0.000000, 0.253480,0.002642,0.279192, 0.003016,1000
32.739800, -98.000000, -179.400000, 0.000000, 0.265908,0.002710,0.293383, 0.003094,1000
33.739800, -98.000000, -179.400000, 0.000000, 0.268194,0.002653,0.295994, 0.003030,1000
34.739800, -98.000000, -179.400000, 0.000000, 0.256999,0.002808,0.283211, 0.003206,1000
35.739800, -98.000000, -179.400000, 0.000000, 0.233243,0.002592,0.256084, 0.002960,1000
36.739800, -98.000000, -179.400000, 0.000000, 0.194004,0.002550,0.211277, 0.002911,1000
37.739800, -98.000000, -179.400000, 0.000000, 0.143388,0.002583,0.153480, 0.002950,1000
38.739800, -98.000000, -179.400000, 0.000000, 0.095728,0.002424,0.099057, 0.002768,1000
39.739800, -98.000000, -179.400000, 0.000000, 0.061281,0.002612,0.059722, 0.002983,1000
40.739800, -98.000000, -179.400000, 0.000000, 0.039332,0.002489,0.034659, 0.002843,1000
41.739800, -98.000000, -179.400000, 0.000000, 0.025874,0.002519,0.019291, 0.002876,1000
42.739800, -98.000000, -179.400000, 0.000000, 0.017582,0.002448,0.009822, 0.002795,1000
43.739800, -98.000000, -179.400000, 0.000000, 0.012536,0.002465,0.004061, 0.002815,1000
44.739800, -98.000000, -179.400000, 0.000000, 0.009763,0.002448,0.000895, 0.002795,1000
45.739800, -98.000000, -179.400000, 0.000000, 0.007994,0.002303,-0.001126, 0.002630,1000
46.739800, -98.000000, -179.400000, 0.000000, 0.006970,0.002207,-0.002295, 0.002521,1000
47.739800, -98.000000, -179.400000, 0.000000, 0.006514,0.002125,-0.002816, 0.002426,1000
48.739800, -98.000000, -179.400000, 0.000000, 0.006294,0.002121,-0.003067, 0.002422,1000
49.260200, -98.000000, -179.400000, 0.000000, 0.006301,0.002194,-0.003059, 0.002505,1000
