33.500000, -82.239800, -179.400000, 0.000000, 0.006667,0.002286,-0.002641, 0.002610,1000
33.500000, -83.239800, -179.400000, 0.000000, 0.007086,0.002133,-0.002163, 0.002436,1000
33.500000, -84.239800, -179.400000, 0.000000, 0.007688,0.002295,-0.001475, 0.002621,1000
33.500000, -85.239800, -179.400000, 0.000000, 0.008780,0.002332,-0.000228, 0.002663,1000
33.500000, -86.239800, -179.400000, 0.000000, 0.010570,0.002507,0.001815, 0.002862,1000
33.500000, -87.239800, -179.400000, 0.000000, 0.013684,0.002424,0.005372, 0.002768,1000
33.500000, -88.239800, -179.400000, 0.000000, 0.018611,0.002499,0.010997, 0.002854,1000
33.500000, -89.239800, -179.400000, 0.000000, 0.026411,0.002465,0.019905, 0.002815,1000
33.500000, -90.239800, -179.400000, 0.000000, 0.039691,0.002502,0.035069, 0.002857,1000
33.500000, -91.239800, -179.400000, 0.000000, 0.061714,0.002466,0.060216, 0.002816,1000
33.500000, -92.239800, -179.400000, 0.000000, 0.096391,0.002493,0.099814, 0.002846,1000
33.500000, -93.239800, -179.400000, 0.000000, 0.143734,0.002554,0.153874, 0.002917,1000
33.500000, -94.239800, -179.400000, 0.000000, 0.192405,0.002624,0.209452, 0.002996,1000
33.500000, -95.239800, -179.400000, 0.000000, 0.233747,0.002625,0.256659, 0.002997,1000
33.500000, -96.239800, -179.400000, 0.000000, 0.257502,0.002625,0.283785, 0.002998,1000
33.500000, -97.239800, -179.400000, 0.000000, 0.268169,0.002556,0.295965, 0.002918,1000
33.500000, -98.239800, -179.400000, 0.000000, 0.268110,0.002668,0.295898, 0.003047,1000
33.500000, -99.239800, -179.400000, 0.000000, 0.257169,0.002629,0.283404, 0.003002,1000
33.500000, -100.239800, -179.400000, 0.000000, 0.234485,0.002560,0.257502, 0.002923,1000
33.500000, -101.239800, -179.400000, 0.000000, 0.198061,0.002474,0.215910, 0.002825,1000
33.500000, -102.239800, -179.400000, 0.000000, 0.148632,0.002482,0.159468, 0.002834,1000
33.500000, -103.239800, -179.400000, 0.000000, 0.097682,0.002448,0.101288, 0.002795,1000
33.500000, -104.239800, -179.400000, 0.000000, 0.059275,0.002467,0.057431, 0.002817,1000
33.500000, -105.239800, -179.400000, 0.000000, 0.034267,0.002503,0.028876, 0.002858,1000
33.500000, -106.239800, -179.400000, 0.000000, 0.020617,0.002615,0.013288, 0.002986,1000
33.500000, -107.239800, -179.400000, 0.000000, 0.012859,0.002492,0.004429, 0.002846,1000
33.500000, -108.239800, -179.400000, 0.000000, 0.008563,0.002278,-0.000475, 0.002601,1000
33.500000, -109.239800, -179.400000, 0.000000, 0.006249,0.002274,-0.003118, 0.002597,1000
33.500000, -110.239800, -179.400000, 0.000000, 0.005200,0.002179,-0.004317, 0.002488,1000
33.500000, -111.239800, -179.400000, 0.000000, 0.004598,0.002322,-0.005003, 0.002651,1000
33.500000, -112.239800, -179.400000, 0.000000, 0.004411,0.002275,-0.005217, 0.002598,1000
33.500000, -113.239800, -179.400000, 0.000000, 0.004578,0.002243,-0.005026, 0.002561,1000
33.500000, -113.760200, -179.400000, 0.000000, 0.004694,0.002188,-0.004894, 0.002499,1000
