17.739800, -98.000000, -179.400000, 0.000000, 0.005489,0.002101,-0.003987, 0.002400,1000
18.739800, -98.000000, -179.400000, 0.000000, 0.005512,0.002274,-0.003960, 0.002597,1000
19.739800, -98.000000, -179.400000, 0.000000, 0.005886,0.002284,-0.003533, 0.002608,1000
20.739800, -98.000000, -179.400000, 0.000000, 0.006583,0.002169,-0.002737, 0.002477,1000
21.739800, -98.000000, -179.400000, 0.000000, 0.007993,0.002289,-0.001127, 0.002614,1000
22.739800, -98.000000, -179.400000, 0.000000, 0.010633,0.002513,0.001888, 0.002869,1000
23.739800, -98.000000, -179.400000, 0.000000, 0.015136,0.002420,0.007030, 0.002764,1000
24.739800, -98.000000, -179.400000, 0.000000, 0.022889,0.002434,0.015883, 0.002780,1000
25.739800, -98.000000, -179.400000, 0.000000, 0.036429,0.002466,0.031344, 0.002816,1000
26.739800, -98.000000, -179.400000, 0.000000, 0.059856,0.002526,0.058094, 0.002884,1000
27.739800, -98.000000, -179.400000, 0.000000, 0.097284,0.002591,0.100834, 0.002959,1000
28.739800, -98.000000, -179.400000, 0.000000, 0.146221,0.002717,0.156714, 0.003103,1000
29.739800, -98.000000, -179.400000, 0.000000, 0.193577,0.002562,0.210790, 0.002925,1000
30.739800, -98.000000, -179.400000, 0.000000, 0.229548,0.002591,0.251864, 0.002959,1000
31.739800, -98.000000, -179.400000, 0.000000, 0.252433,0.002617,0.277996, 0.002988,1000
32.739800, -98.000000, -179.400000, 0.000000, 0.264666,0.002597,0.291965, 0.002965,1000
33.739800, -98.000000, -179.400000, 0.000000, 0.267062,0.002634,0.294701, 0.003007,1000
34.739800, -98.000000, -179.400000, 0.000000, 0.255520,0.002650,0.281522, 0.003026,1000
35.739800, -98.000000, -179.400000, 0.000000, 0.231516,0.002539,0.254111, 0.002899,1000
36.739800, -98.000000, -179.400000, 0.000000, 0.191905,0.002527,0.208880, 0.002885,1000
37.739800, -98.000000, -179.400000, 0.000000, 0.140940,0.002614,0.150684, 0.002985,1000
38.739800, -98.000000, -179.400000, 0.000000, 0.093534,0.002531,0.096552, 0.002890,1000
39.739800, -98.000000, -179.400000, 0.000000, 0.059412,0.002503,0.057588, 0.002858,1000
40.739800, -98.000000, -179.400000, 0.000000, 0.037915,0.002523,0.033041, 0.002881,1000
41.739800, -98.000000, -179.400000, 0.000000, 0.024870,0.002510,0.018145, 0.002867,1000
42.739800, -98.000000, -179.400000, 0.000000, 0.016904,0.002425,0.009048, 0.002769,1000
43.739800, -98.000000, -179.400000, 0.000000, 0.012070,0.002471,0.003529, 0.002821,1000
44.739800, -98.000000, -179.400000, 0.000000, 0.009309,0.002235,0.000375, 0.002552,1000
45.739800, -98.000000, -179.400000, 0.000000, 0.007648,0.002213,-0.001521, 0.002526,1000
46.739800, -98.000000, -179.400000, 0.000000, 0.006810,0.002214,-0.002478, 0.002528,1000
47.739800, -98.000000, -179.400000, 0.000000, 0.006268,0.002196,-0.003096, 0.002507,1000
48.739800, -98.000000, -179.400000, 0.000000, 0.006173,0.002189,-0.003205, 0.002500,1000
49.260200, -98.000000, -179.400000, 0.000000, 0.006243,0.002194,-0.003125, 0.002506,1000
