33.500000, -82.239800, -179.400000, 0.000000, 0.006506,0.002123,-0.002824, 0.002424,1000
33.500000, -83.239800, -179.400000, 0.000000, 0.006762,0.002272,-0.002532, 0.002594,1000
33.500000, -84.239800, -179.400000, 0.000000, 0.007378,0.002336,-0.001830, 0.002668,1000
33.500000, -85.239800, -179.400000, 0.000000, 0.008383,0.002155,-0.000682, 0.002461,1000
33.500000, -86.239800, -179.400000, 0.000000, 0.010244,0.002403,0.001443, 0.002744,1000
33.500000, -87.239800, -179.400000, 0.000000, 0.013187,0.002510,0.004804, 0.002866,1000
33.500000, -88.239800, -179.400000, 0.000000, 0.017927,0.002455,0.010216, 0.002803,1000
33.500000, -89.239800, -179.400000, 0.000000, 0.025467,0.002471,0.018827, 0.002822,1000
33.500000, -90.239800, -179.400000, 0.000000, 0.038271,0.002539,0.033447, 0.002900,1000
33.500000, -91.239800, -179.400000, 0.000000, 0.059452,0.002486,0.057633, 0.002838,1000
33.500000, -92.239800, -179.400000, 0.000000, 0.093105,0.002454,0.096062, 0.002802,1000
33.500000, -93.239800, -179.400000, 0.000000, 0.140421,0.002526,0.150091, 0.002884,1000
33.500000, -94.239800, -179.400000, 0.000000, 0.190485,0.002554,0.207259, 0.002916,1000
33.500000, -95.239800, -179.400000, 0.000000, 0.231598,0.002586,0.254206, 0.002953,1000
33.500000, -96.239800, -179.400000, 0.000000, 0.256085,0.002681,0.282166, 0.003061,1000
33.500000, -97.239800, -179.400000, 0.000000, 0.267090,0.002734,0.294733, 0.003122,1000
33.500000, -98.239800, -179.400000, 0.000000, 0.266701,0.002550,0.294289, 0.002911,1000
33.500000, -99.239800, -179.400000, 0.000000, 0.256588,0.002573,0.282741, 0.002938,1000
33.500000, -100.239800, -179.400000, 0.000000, 0.234671,0.002513,0.257714, 0.002869,1000
33.500000, -101.239800, -179.400000, 0.000000, 0.198998,0.002648,0.216980, 0.003024,1000
33.500000, -102.239800, -179.400000, 0.000000, 0.150511,0.002535,0.161613, 0.002894,1000
33.500000, -103.239800, -179.400000, 0.000000, 0.100120,0.002538,0.104072, 0.002898,1000
33.500000, -104.239800, -179.400000, 0.000000, 0.061871,0.002449,0.060395, 0.002797,1000
33.500000, -105.239800, -179.400000, 0.000000, 0.035965,0.002461,0.030814, 0.002810,1000
33.500000, -106.239800, -179.400000, 0.000000, 0.021749,0.002463,0.014581, 0.002813,1000
33.500000, -107.239800, -179.400000, 0.000000, 0.013593,0.002537,0.005268, 0.002897,1000
33.500000, -108.239800, -179.400000, 0.000000, 0.009090,0.002352,0.000125, 0.002686,1000
33.500000, -109.239800, -179.400000, 0.000000, 0.006699,0.002334,-0.002605, 0.002666,1000
33.500000, -110.239800, -179.400000, 0.000000, 0.005546,0.002194,-0.003921, 0.002506,1000
33.500000, -111.239800, -179.400000, 0.000000, 0.004964,0.002305,-0.004586, 0.002632,1000
33.500000, -112.239800, -179.400000, 0.000000, 0.004680,0.002262,-0.004910, 0.002583,1000
33.500000, -113.239800, -179.400000, 0.000000, 0.004782,0.002286,-0.004794, 0.002610,1000
33.500000, -113.760200, -179.400000, 0.000000, 0.004774,0.002290,-0.004802, 0.002614,1000
