33.500000, -82.239800, -179.400000, 0.000000, 0.006869,0.002286,-0.002410, 0.002610,1000
33.500000, -83.239800, -179.400000, 0.000000, 0.007125,0.002303,-0.002118, 0.002629,1000
33.500000, -84.239800, -179.400000, 0.000000, 0.007688,0.002211,-0.001475, 0.002525,1000
33.500000, -85.239800, -179.400000, 0.000000, 0.008848,0.002357,-0.000151, 0.002692,1000
33.500000, -86.239800, -179.400000, 0.000000, 0.010691,0.002541,0.001954, 0.002901,1000
33.500000, -87.239800, -179.400000, 0.000000, 0.013921,0.002504,0.005642, 0.002859,1000
33.500000, -88.239800, -179.400000, 0.000000, 0.018752,0.002528,0.011159, 0.002886,1000
33.500000, -89.239800, -179.400000, 0.000000, 0.026844,0.002479,0.020399, 0.002830,1000
33.500000, -90.239800, -179.400000, 0.000000, 0.039863,0.002484,0.035265, 0.002836,1000
33.500000, -91.239800, -179.400000, 0.000000, 0.061787,0.002516,0.060299, 0.002873,1000
33.500000, -92.239800, -179.400000, 0.000000, 0.097041,0.002449,0.100556, 0.002797,1000
33.500000, -93.239800, -179.400000, 0.000000, 0.145346,0.002517,0.155715, 0.002874,1000
33.500000, -94.239800, -179.400000, 0.000000, 0.195190,0.002598,0.212631, 0.002967,1000
33.500000, -95.239800, -179.400000, 0.000000, 0.235285,0.002684,0.258415, 0.003065,1000
33.500000, -96.239800, -179.400000, 0.000000, 0.259991,0.002570,0.286627, 0.002935,1000
33.500000, -97.239800, -179.400000, 0.000000, 0.270910,0.002643,0.299095, 0.003018,1000
33.500000, -98.239800, -179.400000, 0.000000, 0.270887,0.002695,0.299069, 0.003077,1000
33.500000, -99.239800, -179.400000, 0.000000, 0.260824,0.002684,0.287579, 0.003065,1000
33.500000, -100.239800, -179.400000, 0.000000, 0.238841,0.002608,0.262476, 0.002978,1000
33.500000, -101.239800, -179.400000, 0.000000, 0.202043,0.002636,0.220456, 0.003011,1000
33.500000, -102.239800, -179.400000, 0.000000, 0.151405,0.002533,0.162634, 0.002892,1000
33.500000, -103.239800, -179.400000, 0.000000, 0.098601,0.002516,0.102338, 0.002873,1000
33.500000, -104.239800, -179.400000, 0.000000, 0.058265,0.002406,0.056278, 0.002748,1000
33.500000, -105.239800, -179.400000, 0.000000, 0.033786,0.002536,0.028326, 0.002896,1000
33.500000, -106.239800, -179.400000, 0.000000, 0.020005,0.002513,0.012590, 0.002870,1000
33.500000, -107.239800, -179.400000, 0.000000, 0.012298,0.002503,0.003789, 0.002858,1000
33.500000, -108.239800, -179.400000, 0.000000, 0.008207,0.002374,-0.000883, 0.002711,1000
33.500000, -109.239800, -179.400000, 0.000000, 0.005859,0.002216,-0.003563, 0.002531,1000
33.500000, -110.239800, -179.400000, 0.000000, 0.004834,0.002258,-0.004734, 0.002579,1000
33.500000, -111.239800, -179.400000, 0.000000, 0.004365,0.002382,-0.005269, 0.002720,1000
33.500000, -112.239800, -179.400000, 0.000000, 0.004215,0.002312,-0.005441, 0.002640,1000
33.500000, -113.239800, -179.400000, 0.000000, 0.004344,0.002266,-0.005294, 0.002588,1000
33.500000, -113.760200, -179.400000, 0.000000, 0.004368,0.002270,-0.005266, 0.002592,1000
