17.739800, -98.000000, -179.400000, 0.000000, 0.004724,0.002303,-0.004859, 0.002630,1000
18.739800, -98.000000, -179.400000, 0.000000, 0.004792,0.002287,-0.004782, 0.002612,1000
19.739800, -98.000000, -179.400000, 0.000000, 0.005001,0.002272,-0.004544, 0.002594,1000
20.739800, -98.000000, -179.400000, 0.000000, 0.005608,0.002238,-0.003850, 0.002556,1000
21.739800, -98.000000, -179.400000, 0.000000, 0.006691,0.002239,-0.002614, 0.002557,1000
22.739800, -98.000000, -179.400000, 0.000000, 0.009087,0.002396,0.000122, 0.002736,1000
23.739800, -98.000000, -179.400000, 0.000000, 0.013104,0.002559,0.004710, 0.002922,1000
24.739800, -98.000000, -179.400000, 0.000000, 0.020730,0.002471,0.013418, 0.002821,1000
25.739800, -98.000000, -179.400000, 0.000000, 0.034110,0.002514,0.028695, 0.002871,1000
26.739800, -98.000000, -179.400000, 0.000000, 0.057621,0.002484,0.055543, 0.002837,1000
27.739800, -98.000000, -179.400000, 0.000000, 0.095529,0.002546,0.098830, 0.002907,1000
28.739800, -98.000000, -179.400000, 0.000000, 0.145326,0.002616,0.155692, 0.002987,1000
29.739800, -98.000000, -179.400000, 0.000000, 0.193939,0.002634,0.211203, 0.003008,1000
30.739800, -98.000000, -179.400000, 0.000000, 0.231174,0.002508,0.253721, 0.002864,1000
31.739800, -98.000000, -179.400000, 0.000000, 0.255688,0.002723,0.281714, 0.003110,1000
32.739800, -98.000000, -179.400000, 0.000000, 0.268441,0.002669,0.296276, 0.003048,1000
33.739800, -98.000000, -179.400000, 0.000000, 0.270643,0.002568,0.298791, 0.002932,1000
34.739800, -98.000000, -179.400000, 0.000000, 0.259497,0.002650,0.286063, 0.003026,1000
35.739800, -98.000000, -179.400000, 0.000000, 0.235195,0.002677,0.258313, 0.003057,1000
36.739800, -98.000000, -179.400000, 0.000000, 0.196001,0.002595,0.213558, 0.002963,1000
37.739800, -98.000000, -179.400000, 0.000000, 0.145193,0.002554,0.155541, 0.002917,1000
38.739800, -98.000000, -179.400000, 0.000000, 0.097084,0.002500,0.100606, 0.002854,1000
39.739800, -98.000000, -179.400000, 0.000000, 0.061975,0.002525,0.060515, 0.002883,1000
40.739800, -98.000000, -179.400000, 0.000000, 0.039792,0.002495,0.035184, 0.002849,1000
41.739800, -98.000000, -179.400000, 0.000000, 0.026262,0.002434,0.019734, 0.002780,1000
42.739800, -98.000000, -179.400000, 0.000000, 0.018022,0.002385,0.010325, 0.002723,1000
43.739800, -98.000000, -179.400000, 0.000000, 0.012977,0.002516,0.004564, 0.002873,1000
44.739800, -98.000000, -179.400000, 0.000000, 0.010024,0.002430,0.001193, 0.002774,1000
45.739800, -98.000000, -179.400000, 0.000000, 0.008198,0.002265,-0.000893, 0.002586,1000
46.739800, -98.000000, -179.400000, 0.000000, 0.007331,0.002296,-0.001883, 0.002621,1000
47.739800, -98.000000, -179.400000, 0.000000, 0.006723,0.002182,-0.002577, 0.002491,1000
48.739800, -98.000000, -179.400000, 0.000000, 0.006413,0.002234,-0.002931, 0.002551,1000
49.260200, -98.000000, -179.400000, 0.000000, 0.006436,0.002242,-0.002904, 0.002560,1000
