33.500000, -82.239800, -179.400000, 0.000000, 0.006731,0.002215,-0.002568, 0.002529,1000
33.500000, -83.239800, -179.400000, 0.000000, 0.007032,0.002252,-0.002224, 0.002572,1000
33.500000, -84.239800, -179.400000, 0.000000, 0.007668,0.002224,-0.001498, 0.002540,1000
33.500000, -85.239800, -179.400000, 0.000000, 0.008817,0.002380,-0.000186, 0.002718,1000
33.500000, -86.239800, -179.400000, 0.000000, 0.010572,0.002484,0.001818, 0.002837,1000
33.500000, -87.239800, -179.400000, 0.000000, 0.013616,0.002537,0.005294, 0.002897,1000
33.500000, -88.239800, -179.400000, 0.000000, 0.018469,0.002475,0.010836, 0.002826,1000
33.500000, -89.239800, -179.400000, 0.000000, 0.026389,0.002483,0.019880, 0.002835,1000
33.500000, -90.239800, -179.400000, 0.000000, 0.039048,0.002463,0.034334, 0.002812,1000
33.500000, -91.239800, -179.400000, 0.000000, 0.059987,0.002617,0.058244, 0.002988,1000
33.500000, -92.239800, -179.400000, 0.000000, 0.093531,0.002481,0.096548, 0.002833,1000
33.500000, -93.239800, -179.400000, 0.000000, 0.140050,0.002579,0.149668, 0.002945,1000
33.500000, -94.239800, -179.400000, 0.000000, 0.190534,0.002521,0.207315, 0.002879,1000
33.500000, -95.239800, -179.400000, 0.000000, 0.230397,0.002528,0.252834, 0.002887,1000
33.500000, -96.239800, -179.400000, 0.000000, 0.255069,0.002576,0.281007, 0.002941,1000
33.500000, -97.239800, -179.400000, 0.000000, 0.265970,0.002625,0.293455, 0.002997,1000
33.500000, -98.239800, -179.400000, 0.000000, 0.265952,0.002642,0.293434, 0.003017,1000
33.500000, -99.239800, -179.400000, 0.000000, 0.255919,0.002674,0.281977, 0.003054,1000
33.500000, -100.239800, -179.400000, 0.000000, 0.233371,0.002689,0.256230, 0.003071,1000
33.500000, -101.239800, -179.400000, 0.000000, 0.196888,0.002626,0.214570, 0.002998,1000
33.500000, -102.239800, -179.400000, 0.000000, 0.148863,0.002494,0.159731, 0.002848,1000
33.500000, -103.239800, -179.400000, 0.000000, 0.098386,0.002481,0.102092, 0.002833,1000
33.500000, -104.239800, -179.400000, 0.000000, 0.058763,0.002528,0.056846, 0.002887,1000
33.500000, -105.239800, -179.400000, 0.000000, 0.034406,0.002529,0.029034, 0.002888,1000
33.500000, -106.239800, -179.400000, 0.000000, 0.020400,0.002551,0.013041, 0.002913,1000
33.500000, -107.239800, -179.400000, 0.000000, 0.012729,0.002486,0.004281, 0.002839,1000
33.500000, -108.239800, -179.400000, 0.000000, 0.008320,0.002300,-0.000753, 0.002627,1000
33.500000, -109.239800, -179.400000, 0.000000, 0.005997,0.002268,-0.003406, 0.002590,1000
33.500000, -110.239800, -179.400000, 0.000000, 0.004835,0.002258,-0.004733, 0.002578,1000
33.500000, -111.239800, -179.400000, 0.000000, 0.004330,0.002303,-0.005310, 0.002630,1000
33.500000, -112.239800, -179.400000, 0.000000, 0.004169,0.002386,-0.005493, 0.002724,1000
33.500000, -113.239800, -179.400000, 0.000000, 0.004246,0.002361,-0.005406, 0.002696,1000
33.500000, -113.760200, -179.400000, 0.000000, 0.004375,0.002316,-0.005258, 0.002644,1000
