33.500000, -82.239800, -179.400000, 0.000000, 0.006695,0.002250,-0.002609, 0.002569,1000
33.500000, -83.239800, -179.400000, 0.000000, 0.007027,0.002230,-0.002230, 0.002547,1000
33.500000, -84.239800, -179.400000, 0.000000, 0.007557,0.002255,-0.001624, 0.002575,1000
33.500000, -85.239800, -179.400000, 0.000000, 0.008571,0.002301,-0.000467, 0.002628,1000
33.500000, -86.239800, -179.400000, 0.000000, 0.010269,0.002449,0.001472, 0.002797,1000
33.500000, -87.239800, -179.400000, 0.000000, 0.013257,0.002445,0.004884, 0.002792,1000
33.500000, -88.239800, -179.400000, 0.000000, 0.018002,0.002562,0.010302, 0.002925,1000
33.500000, -89.239800, -179.400000, 0.000000, 0.025838,0.002459,0.019250, 0.002808,1000
33.500000, -90.239800, -179.400000, 0.000000, 0.038498,0.002466,0.033706, 0.002816,1000
33.500000, -91.239800, -179.400000, 0.000000, 0.059603,0.002511,0.057806, 0.002867,1000
33.500000, -92.239800, -179.400000, 0.000000, 0.093044,0.002597,0.095992, 0.002966,1000
33.500000, -93.239800, -179.400000, 0.000000, 0.142665,0.002621,0.152654, 0.002993,1000
33.500000, -94.239800, -179.400000, 0.000000, 0.192835,0.002634,0.209942, 0.003007,1000
33.500000, -95.239800, -179.400000, 0.000000, 0.232189,0.002612,0.254881, 0.002983,1000
33.500000, -96.239800, -179.400000, 0.000000, 0.256464,0.002689,0.282600, 0.003071,1000
33.500000, -97.239800, -179.400000, 0.000000, 0.267115,0.002577,0.294762, 0.002943,1000
33.500000, -98.239800, -179.400000, 0.000000, 0.267305,0.002580,0.294979, 0.002946,1000
33.500000, -99.239800, -179.400000, 0.000000, 0.257007,0.002647,0.283219, 0.003023,1000
33.500000, -100.239800, -179.400000, 0.000000, 0.235465,0.002610,0.258622, 0.002981,1000
33.500000, -101.239800, -179.400000, 0.000000, 0.200242,0.002634,0.218400, 0.003008,1000
33.500000, -102.239800, -179.400000, 0.000000, 0.151051,0.002500,0.162230, 0.002855,1000
33.500000, -103.239800, -179.400000, 0.000000, 0.100220,0.002559,0.104186, 0.002922,1000
33.500000, -104.239800, -179.400000, 0.000000, 0.061235,0.002486,0.059670, 0.002839,1000
33.500000, -105.239800, -179.400000, 0.000000, 0.036530,0.002511,0.031459, 0.002867,1000
33.500000, -106.239800, -179.400000, 0.000000, 0.021942,0.002554,0.014801, 0.002917,1000
33.500000, -107.239800, -179.400000, 0.000000, 0.013773,0.002483,0.005473, 0.002836,1000
33.500000, -108.239800, -179.400000, 0.000000, 0.009154,0.002391,0.000199, 0.002731,1000
33.500000, -109.239800, -179.400000, 0.000000, 0.006705,0.002154,-0.002598, 0.002460,1000
33.500000, -110.239800, -179.400000, 0.000000, 0.005448,0.002265,-0.004033, 0.002586,1000
33.500000, -111.239800, -179.400000, 0.000000, 0.004937,0.002188,-0.004616, 0.002498,1000
33.500000, -112.239800, -179.400000, 0.000000, 0.004676,0.002344,-0.004914, 0.002677,1000
33.500000, -113.239800, -179.400000, 0.000000, 0.004689,0.002348,-0.004900, 0.002681,1000
33.500000, -113.760200, -179.400000, 0.000000, 0.004744,0.002275,-0.004837, 0.002597,1000
