17.739800, -98.000000, -179.400000, 0.000000, 0.005622,0.002242,-0.003834, 0.002560,1000
18.739800, -98.000000, -179.400000, 0.000000, 0.005740,0.002176,-0.003700, 0.002485,1000
19.739800, -98.000000, -179.400000, 0.000000, 0.006133,0.002256,-0.003251, 0.002576,1000
20.739800, -98.000000, -179.400000, 0.000000, 0.006867,0.002277,-0.002413, 0.002600,1000
21.739800, -98.000000, -179.400000, 0.000000, 0.008413,0.002311,-0.000647, 0.002639,1000
22.739800, -98.000000, -179.400000, 0.000000, 0.011050,0.002499,0.002364, 0.002853,1000
23.739800, -98.000000, -179.400000, 0.000000, 0.015651,0.002452,0.007617, 0.002800,1000
24.739800, -98.000000, -179.400000, 0.000000, 0.023732,0.002516,0.016846, 0.002873,1000
25.739800, -98.000000, -179.400000, 0.000000, 0.037457,0.002517,0.032518, 0.002875,1000
26.739800, -98.000000, -179.400000, 0.000000, 0.061104,0.002656,0.059520, 0.003032,1000
27.739800, -98.000000, -179.400000, 0.000000, 0.098786,0.002489,0.102549, 0.002843,1000
28.739800, -98.000000, -179.400000, 0.000000, 0.147708,0.002528,0.158412, 0.002887,1000
29.739800, -98.000000, -179.400000, 0.000000, 0.195243,0.002646,0.212692, 0.003021,1000
30.739800, -98.000000, -179.400000, 0.000000, 0.232070,0.002633,0.254744, 0.003007,1000
31.739800, -98.000000, -179.400000, 0.000000, 0.254950,0.002642,0.280871, 0.003017,1000
32.739800, -98.000000, -179.400000, 0.000000, 0.266455,0.002617,0.294009, 0.002989,1000
33.739800, -98.000000, -179.400000, 0.000000, 0.268082,0.002654,0.295866, 0.003031,1000
34.739800, -98.000000, -179.400000, 0.000000, 0.256621,0.002606,0.282779, 0.002976,1000
35.739800, -98.000000, -179.400000, 0.000000, 0.232667,0.002624,0.255426, 0.002996,1000
36.739800, -98.000000, -179.400000, 0.000000, 0.192361,0.002513,0.209401, 0.002870,1000
37.739800, -98.000000, -179.400000, 0.000000, 0.141600,0.002645,0.151438, 0.003021,1000
38.739800, -98.000000, -179.400000, 0.000000, 0.093947,0.002548,0.097023, 0.002910,1000
39.739800, -98.000000, -179.400000, 0.000000, 0.059354,0.002496,0.057521, 0.002850,1000
40.739800, -98.000000, -179.400000, 0.000000, 0.037561,0.002497,0.032637, 0.002852,1000
41.739800, -98.000000, -179.400000, 0.000000, 0.024452,0.002492,0.017668, 0.002846,1000
42.739800, -98.000000, -179.400000, 0.000000, 0.016484,0.002444,0.008568, 0.002791,1000
43.739800, -98.000000, -179.400000, 0.000000, 0.011725,0.002481,0.003135, 0.002833,1000
44.739800, -98.000000, -179.400000, 0.000000, 0.009019,0.002336,0.000045, 0.002668,1000
45.739800, -98.000000, -179.400000, 0.000000, 0.007518,0.002319,-0.001670, 0.002648,1000
46.739800, -98.000000, -179.400000, 0.000000, 0.006820,0.002317,-0.002467, 0.002645,1000
47.739800, -98.000000, -179.400000, 0.000000, 0.006346,0.002243,-0.003008, 0.002561,1000
48.739800, -98.000000, -179.400000, 0.000000, 0.006202,0.002144,-0.003172, 0.002448,1000
49.260200, -98.000000, -179.400000, 0.000000, 0.006159,0.002163,-0.003221, 0.002470,1000
